t,measured_bearing_deg,true_bearing_deg,omega_cmd,new_vision
0.021,25.43,27.99,0.600,1
0.021,25.43,27.99,0.600,0
0.022,25.43,27.99,0.600,0
0.022,25.43,27.99,0.600,0
0.022,25.43,27.99,0.600,0
0.023,25.43,27.99,0.600,0
0.023,25.43,27.99,0.600,0
0.023,25.43,27.99,0.600,0
0.023,25.43,27.99,0.600,0
0.024,25.43,27.99,0.600,0
0.024,25.43,27.99,0.600,0
0.024,25.43,27.99,0.600,0
0.025,25.43,27.99,0.600,0
0.025,25.43,27.99,0.600,0
0.025,25.43,27.99,0.600,0
0.025,25.43,27.99,0.600,0
0.026,25.43,27.99,0.600,0
0.026,25.43,27.99,0.600,0
0.027,25.43,27.99,0.600,0
0.027,25.43,27.99,0.600,0
0.027,25.43,27.99,0.600,0
0.027,25.43,27.99,0.600,0
0.028,25.43,27.99,0.600,0
0.028,25.43,27.99,0.600,0
0.028,25.43,27.99,0.600,0
0.028,25.43,27.99,0.600,0
0.029,25.43,27.99,0.600,0
0.029,25.43,27.99,0.600,0
0.029,25.43,27.99,0.600,0
0.029,25.43,27.98,0.600,0
0.030,25.43,27.98,0.600,0
0.030,25.43,27.98,0.600,0
0.030,25.43,27.98,0.600,0
0.030,25.43,27.98,0.600,0
0.031,25.43,27.98,0.600,0
0.031,25.43,27.98,0.600,0
0.031,25.43,27.98,0.600,0
0.032,25.43,27.98,0.600,0
0.032,25.43,27.98,0.600,0
0.032,25.43,27.98,0.600,0
0.032,25.43,27.98,0.600,0
0.033,25.43,27.97,0.600,0
0.033,25.43,27.97,0.600,0
0.033,25.43,27.97,0.600,0
0.033,25.43,27.97,0.600,0
0.034,25.43,27.97,0.600,0
0.034,25.43,27.97,0.600,0
0.034,25.43,27.96,0.600,0
0.035,25.43,27.96,0.600,0
0.035,25.43,27.96,0.600,0
0.035,25.43,27.96,0.600,0
0.035,25.43,27.96,0.600,0
0.036,25.43,27.96,0.600,0
0.036,25.43,27.96,0.600,0
0.036,25.43,27.96,0.600,0
0.036,25.43,27.95,0.600,0
0.037,25.43,27.95,0.600,0
0.037,25.43,27.95,0.600,0
0.037,25.43,27.95,0.600,0
0.037,25.43,27.95,0.600,0
0.038,25.43,27.95,0.600,0
0.038,25.43,27.95,0.600,0
0.038,25.43,27.95,0.600,0
0.038,25.43,27.94,0.600,0
0.039,25.43,27.94,0.600,0
0.039,25.43,27.94,0.600,0
0.039,25.43,27.94,0.600,0
0.039,25.43,27.93,0.600,0
0.040,25.43,27.93,0.600,0
0.040,25.43,27.93,0.600,0
0.040,25.43,27.93,0.600,0
0.041,25.43,27.93,0.600,0
0.041,25.43,27.93,0.600,0
0.041,25.43,27.93,0.600,0
0.041,25.43,27.92,0.600,0
0.042,25.43,27.92,0.600,0
0.042,25.43,27.92,0.600,0
0.042,25.43,27.92,0.600,0
0.043,25.43,27.91,0.600,0
0.043,25.43,27.91,0.600,0
0.043,25.43,27.91,0.600,0
0.043,25.43,27.90,0.600,0
0.044,25.43,27.90,0.600,0
0.044,25.43,27.90,0.600,0
0.044,25.43,27.90,0.600,0
0.044,25.43,27.90,0.600,0
0.044,25.43,27.89,0.600,0
0.045,25.43,27.89,0.600,0
0.045,25.43,27.89,0.600,0
0.045,25.43,27.89,0.600,0
0.045,25.43,27.89,0.600,0
0.046,25.43,27.89,0.600,0
0.046,25.43,27.89,0.600,0
0.046,25.43,27.89,0.600,0
0.046,25.43,27.88,0.600,0
0.047,25.43,27.88,0.600,0
0.047,25.43,27.88,0.600,0
0.047,25.43,27.88,0.600,0
0.048,25.43,27.87,0.600,0
0.048,25.43,27.87,0.600,0
0.048,25.43,27.87,0.600,0
0.048,25.43,27.87,0.600,0
0.049,25.43,27.85,0.600,0
0.049,25.43,27.85,0.600,0
0.049,25.43,27.85,0.600,0
0.049,25.43,27.84,0.600,0
0.050,25.43,27.84,0.600,0
0.050,25.43,27.84,0.600,0
0.050,25.43,27.84,0.600,0
0.050,25.43,27.83,0.600,0
0.051,25.43,27.83,0.600,0
0.051,25.43,27.83,0.600,0
0.051,25.43,27.83,0.600,0
0.052,25.43,27.82,0.600,0
0.052,25.43,27.82,0.600,0
0.052,25.43,27.82,0.600,0
0.052,25.43,27.81,0.600,0
0.053,25.43,27.81,0.600,0
0.053,25.43,27.81,0.600,0
0.053,25.43,27.81,0.600,0
0.053,25.43,27.81,0.600,0
0.054,25.43,27.80,0.600,0
0.054,25.43,27.80,0.600,0
0.054,25.43,27.80,0.600,0
0.054,25.43,27.78,0.600,0
0.055,25.43,27.78,0.600,0
0.055,25.43,27.78,0.600,0
0.055,25.43,27.78,0.600,0
0.056,25.43,27.77,0.600,0
0.056,25.43,27.77,0.600,0
0.056,25.43,27.77,0.600,0
0.056,25.43,27.77,0.600,0
0.057,25.43,27.76,0.600,0
0.057,25.43,27.76,0.600,0
0.057,25.43,27.76,0.600,0
0.057,25.43,27.76,0.600,0
0.058,25.43,27.74,0.600,0
0.058,25.43,27.74,0.600,0
0.058,25.43,27.74,0.600,0
0.058,25.43,27.74,0.600,0
0.058,25.43,27.73,0.600,0
0.059,25.43,27.73,0.600,0
0.059,25.43,27.73,0.600,0
0.059,25.43,27.73,0.600,0
0.059,25.43,27.71,0.600,0
0.060,25.43,27.71,0.600,0
0.060,25.43,27.71,0.600,0
0.060,25.43,27.71,0.600,0
0.061,25.43,27.70,0.600,0
0.061,25.43,27.70,0.600,0
0.061,25.43,27.70,0.600,0
0.061,25.43,27.70,0.600,0
0.062,25.43,27.68,0.600,0
0.062,25.43,27.68,0.600,0
0.062,25.43,27.68,0.600,0
0.062,25.43,27.67,0.600,0
0.063,25.43,27.67,0.600,0
0.063,25.43,27.67,0.600,0
0.063,25.43,27.67,0.600,0
0.063,25.43,27.65,0.600,0
0.064,25.43,27.65,0.600,0
0.064,25.43,27.65,0.600,0
0.064,25.43,27.65,0.600,0
0.064,25.43,27.64,0.600,0
0.065,25.43,27.64,0.600,0
0.065,25.43,27.64,0.600,0
0.065,25.43,27.64,0.600,0
0.065,25.43,27.62,0.600,0
0.066,25.43,27.62,0.600,0
0.066,25.43,27.62,0.600,0
0.066,25.43,27.62,0.600,0
0.066,25.43,27.60,0.600,0
0.067,25.43,27.60,0.600,0
0.067,25.43,27.60,0.600,0
0.067,25.43,27.60,0.600,0
0.068,25.43,27.60,0.600,0
0.068,25.43,27.58,0.600,0
0.068,25.43,27.58,0.600,0
0.068,25.43,27.58,0.600,0
0.069,25.43,27.56,0.600,0
0.069,25.43,27.56,0.600,0
0.069,25.43,27.56,0.600,0
0.069,25.43,27.56,0.600,0
0.070,25.43,27.54,0.600,0
0.070,25.43,27.54,0.600,0
0.070,25.43,27.54,0.600,0
0.070,25.43,27.52,0.600,0
0.071,25.43,27.52,0.600,0
0.071,25.43,27.52,0.600,0
0.071,25.43,27.52,0.600,0
0.071,25.43,27.50,0.600,0
0.072,25.43,27.50,0.600,0
0.072,25.43,27.50,0.600,0
0.072,25.43,27.50,0.600,0
0.073,25.43,27.48,0.600,0
0.073,25.43,27.48,0.600,0
0.073,25.43,27.48,0.600,0
0.074,25.43,27.46,0.600,0
0.074,25.43,27.46,0.600,0
0.074,25.43,27.46,0.600,0
0.074,25.43,27.44,0.600,0
0.075,25.43,27.44,0.600,0
0.075,25.43,27.44,0.600,0
0.075,25.43,27.44,0.600,0
0.076,25.43,27.42,0.600,0
0.076,25.43,27.42,0.600,0
0.076,25.43,27.42,0.600,0
0.077,25.43,27.40,0.600,0
0.077,25.43,27.40,0.600,0
0.077,25.43,27.40,0.600,0
0.077,25.43,27.40,0.600,0
0.078,25.43,27.38,0.600,0
0.078,25.43,27.38,0.600,0
0.078,25.43,27.38,0.600,0
0.078,25.43,27.38,0.600,0
0.079,25.43,27.36,0.600,0
0.079,25.43,27.36,0.600,0
0.079,25.43,27.36,0.600,0
0.079,25.43,27.36,0.600,0
0.079,25.43,27.34,0.600,0
0.080,25.43,27.34,0.600,0
0.080,25.43,27.34,0.600,0
0.080,25.43,27.31,0.600,0
0.081,25.43,27.31,0.600,0
0.081,25.43,27.31,0.600,0
0.081,25.43,27.31,0.600,0
0.081,25.43,27.31,0.600,0
0.082,25.43,27.29,0.600,0
0.082,25.43,27.29,0.600,0
0.083,25.43,27.27,0.600,0
0.083,25.43,27.27,0.600,0
0.083,25.43,27.27,0.600,0
0.083,25.43,27.27,0.600,0
0.084,25.43,27.24,0.600,0
0.084,25.43,27.24,0.600,0
0.084,25.43,27.24,0.600,0
0.084,25.43,27.22,0.600,0
0.085,25.43,27.22,0.600,0
0.085,25.43,27.22,0.600,0
0.085,25.43,27.22,0.600,0
0.085,25.43,27.22,0.600,0
0.086,25.43,27.19,0.600,0
0.086,25.43,27.19,0.600,0
0.086,25.43,27.19,0.600,0
0.087,25.43,27.17,0.600,0
0.087,25.43,27.17,0.600,0
0.087,25.43,27.17,0.600,0
0.087,25.43,27.17,0.600,0
0.088,25.43,27.14,0.600,0
0.088,25.43,27.14,0.600,0
0.088,25.43,27.14,0.600,0
0.088,25.43,27.14,0.600,0
0.089,25.43,27.11,0.600,0
0.089,25.43,27.11,0.600,0
0.089,25.43,27.11,0.600,0
0.090,25.43,27.09,0.600,0
0.090,25.43,27.09,0.600,0
0.090,25.43,27.09,0.600,0
0.090,25.43,27.09,0.600,0
0.091,25.43,27.06,0.600,0
0.091,25.43,27.06,0.600,0
0.091,25.43,27.06,0.600,0
0.091,25.43,27.06,0.600,0
0.092,25.43,27.03,0.600,0
0.092,25.43,27.03,0.600,0
0.092,25.43,27.03,0.600,0
0.092,25.43,27.03,0.600,0
0.093,25.43,27.00,0.600,0
0.093,25.43,27.00,0.600,0
0.093,25.43,27.00,0.600,0
0.093,25.43,27.00,0.600,0
0.093,25.43,26.98,0.600,0
0.094,25.43,26.98,0.600,0
0.094,25.43,26.98,0.600,0
0.094,25.43,26.98,0.600,0
0.094,25.43,26.95,0.600,0
0.095,25.43,26.95,0.600,0
0.095,25.43,26.95,0.600,0
0.095,25.43,26.95,0.600,0
0.096,25.43,26.92,0.600,0
0.096,25.43,26.92,0.600,0
0.096,25.43,26.89,0.600,0
0.097,25.43,26.89,0.600,0
0.097,25.43,26.89,0.600,0
0.097,25.43,26.89,0.600,0
0.097,25.43,26.89,0.600,0
0.098,25.43,26.86,0.600,0
0.098,25.43,26.86,0.600,0
0.098,25.43,26.86,0.600,0
0.098,25.43,26.86,0.600,0
0.098,25.43,26.83,0.600,0
0.099,25.43,26.83,0.600,0
0.099,25.43,26.83,0.600,0
0.099,25.43,26.83,0.600,0
0.100,25.43,26.80,0.600,0
0.100,25.43,26.80,0.600,0
0.100,25.43,26.77,0.600,0
0.101,25.43,26.77,0.600,0
0.101,25.43,26.77,0.600,0
0.101,25.43,26.77,0.600,0
0.101,25.43,26.74,0.600,0
0.102,25.43,26.74,0.600,0
0.102,25.43,26.74,0.600,0
0.102,25.43,26.74,0.600,0
0.103,25.43,26.71,0.600,0
0.103,25.43,26.71,0.600,0
0.104,25.43,26.68,0.600,0
0.104,25.43,26.68,0.600,0
0.104,25.43,26.65,0.600,0
0.105,25.43,26.65,0.600,0
0.105,25.43,26.65,0.600,0
0.105,25.43,26.65,0.600,0
0.106,25.43,26.62,0.600,0
0.106,25.43,26.62,0.600,0
0.106,25.43,26.62,0.600,0
0.106,25.43,26.62,0.600,0
0.107,25.43,26.58,0.600,0
0.107,25.43,26.58,0.600,0
0.107,25.43,26.58,0.600,0
0.107,25.43,26.58,0.600,0
0.108,25.43,26.55,0.600,0
0.108,25.43,26.55,0.600,0
0.108,25.43,26.55,0.600,0
0.108,25.43,26.52,0.600,0
0.109,25.43,26.52,0.600,0
0.109,25.43,26.52,0.600,0
0.110,25.43,26.49,0.600,0
0.110,25.43,26.49,0.600,0
0.110,25.43,26.49,0.600,0
0.111,25.43,26.45,0.600,0
0.111,25.43,26.45,0.600,0
0.111,25.43,26.45,0.600,0
0.112,25.43,26.42,0.600,0
0.112,25.43,26.42,0.600,0
0.112,25.43,26.42,0.600,0
0.112,25.43,26.42,0.600,0
0.113,25.43,26.39,0.600,0
0.113,25.43,26.39,0.600,0
0.113,25.43,26.39,0.600,0
0.113,25.43,26.39,0.600,0
0.114,25.43,26.36,0.600,0
0.114,25.43,26.36,0.600,0
0.114,25.43,26.36,0.600,0
0.114,25.43,26.33,0.600,0
0.115,25.43,26.33,0.600,0
0.115,25.43,26.33,0.600,0
0.115,25.43,26.33,0.600,0
0.116,25.43,26.30,0.600,0
0.116,25.43,26.30,0.600,0
0.116,25.43,26.30,0.600,0
0.117,25.43,26.26,0.600,0
0.117,25.43,26.26,0.600,0
0.117,25.43,26.23,0.600,0
0.118,25.43,26.23,0.600,0
0.118,25.43,26.23,0.600,0
0.118,25.43,26.23,0.600,0
0.119,25.43,26.20,0.600,0
0.119,25.43,26.20,0.600,0
0.119,25.43,26.20,0.600,0
0.119,25.43,26.17,0.600,0
0.120,25.43,26.17,0.600,0
0.120,25.43,26.17,0.600,0
0.120,25.43,26.17,0.600,0
0.120,25.43,26.14,0.600,0
0.121,25.43,26.14,0.600,0
0.121,25.43,26.14,0.600,0
0.121,25.43,26.10,0.600,0
0.122,25.43,26.10,0.600,0
0.122,25.43,26.10,0.600,0
0.122,25.43,26.10,0.600,0
0.123,25.43,26.07,0.600,0
0.123,25.43,26.07,0.600,0
0.123,25.43,26.07,0.600,0
0.124,25.43,26.04,0.600,0
0.124,25.43,26.04,0.600,0
0.124,25.43,26.01,0.600,0
0.125,25.43,26.01,0.600,0
0.125,25.43,26.01,0.600,0
0.125,25.43,26.01,0.600,0
0.126,25.43,25.97,0.600,0
0.126,25.43,25.97,0.600,0
0.126,25.43,25.97,0.600,0
0.126,25.43,25.94,0.600,0
0.127,25.43,25.94,0.600,0
0.127,25.43,25.94,0.600,0
0.127,25.43,25.94,0.600,0
0.127,25.43,25.91,0.600,0
0.128,25.43,25.91,0.600,0
0.128,25.43,25.91,0.600,0
0.128,25.43,25.91,0.600,0
0.129,25.43,25.88,0.600,0
0.129,25.43,25.88,0.600,0
0.129,25.43,25.88,0.600,0
0.129,25.43,25.88,0.600,0
0.130,25.43,25.85,0.600,0
0.130,25.43,25.85,0.600,0
0.130,25.43,25.85,0.600,0
0.130,25.43,25.81,0.600,0
0.131,25.43,25.81,0.600,0
0.131,25.43,25.81,0.600,0
0.131,25.43,25.81,0.600,0
0.131,25.43,25.78,0.600,0
0.132,25.43,25.78,0.600,0
0.132,25.43,25.78,0.600,0
0.132,25.43,25.78,0.600,0
0.133,25.43,25.75,0.600,0
0.133,25.43,25.75,0.600,0
0.133,25.43,25.75,0.600,0
0.133,25.43,25.75,0.600,0
0.134,25.43,25.72,0.600,0
0.134,25.43,25.72,0.600,0
0.134,25.43,25.72,0.600,0
0.134,25.43,25.72,0.600,0
0.135,25.43,25.68,0.600,0
0.135,25.43,25.68,0.600,0
0.135,25.43,25.68,0.600,0
0.135,25.43,25.68,0.600,0
0.136,25.43,25.65,0.600,0
0.136,25.43,25.65,0.600,0
0.136,25.43,25.65,0.600,0
0.136,25.43,25.65,0.600,0
0.137,25.43,25.62,0.600,0
0.137,25.43,25.62,0.600,0
0.137,25.43,25.62,0.600,0
0.137,25.43,25.59,0.600,0
0.138,25.43,25.59,0.600,0
0.138,25.43,25.59,0.600,0
0.138,25.43,25.59,0.600,0
0.139,25.43,25.55,0.600,0
0.139,25.43,25.55,0.600,0
0.139,25.43,25.55,0.600,0
0.139,25.43,25.52,0.600,0
0.140,25.43,25.52,0.600,0
0.140,25.43,25.52,0.600,0
0.141,25.43,25.52,0.600,0
0.141,25.43,25.49,0.600,0
0.142,25.43,25.49,0.600,0
0.142,25.43,25.46,0.600,0
0.142,25.43,25.42,0.600,0
0.143,25.43,25.42,0.600,0
0.143,25.43,25.42,0.600,0
0.143,25.43,25.42,0.600,0
0.144,25.43,25.39,0.600,0
0.144,25.43,25.39,0.600,0
0.144,25.43,25.39,0.600,0
0.144,25.43,25.39,0.600,0
0.145,25.43,25.36,0.600,0
0.145,25.43,25.36,0.600,0
0.145,25.43,25.36,0.600,0
0.145,25.43,25.33,0.600,0
0.146,25.43,25.33,0.600,0
0.146,25.43,25.33,0.600,0
0.146,25.43,25.33,0.600,0
0.146,25.43,25.30,0.600,0
0.147,25.43,25.30,0.600,0
0.147,25.43,25.30,0.600,0
0.147,25.43,25.30,0.600,0
0.147,25.43,25.26,0.600,0
0.148,25.43,25.26,0.600,0
0.148,25.43,25.26,0.600,0
0.148,25.43,25.26,0.600,0
0.148,25.43,25.23,0.600,0
0.149,25.43,25.23,0.600,0
0.149,25.43,25.23,0.600,0
0.149,25.43,25.23,0.600,0
0.149,25.43,25.20,0.600,0
0.150,25.43,25.20,0.600,0
0.150,25.43,25.20,0.600,0
0.150,25.43,25.20,0.600,0
0.151,25.43,25.17,0.600,0
0.151,25.43,25.17,0.600,0
0.151,25.43,25.17,0.600,0
0.151,25.43,25.17,0.600,0
0.152,25.43,25.13,0.600,0
0.152,25.43,25.13,0.600,0
0.152,25.43,25.13,0.600,0
0.152,25.43,25.10,0.600,0
0.153,25.43,25.10,0.600,0
0.153,25.43,25.10,0.600,0
0.153,25.43,25.10,0.600,0
0.153,25.43,25.07,0.600,0
0.154,25.43,25.07,0.600,0
0.154,25.43,25.07,0.600,0
0.154,25.43,25.07,0.600,0
0.154,25.43,25.04,0.600,0
0.155,25.43,25.04,0.600,0
0.155,25.43,25.04,0.600,0
0.155,25.43,25.04,0.600,0
0.156,25.43,25.00,0.600,0
0.156,25.43,25.00,0.600,0
0.156,25.43,25.00,0.600,0
0.156,25.43,25.00,0.600,0
0.157,25.43,24.97,0.600,0
0.157,25.43,24.97,0.600,0
0.158,25.43,24.94,0.600,0
0.158,25.43,24.94,0.600,0
0.159,25.43,24.91,0.600,0
0.159,25.43,24.91,0.600,0
0.159,25.43,24.91,0.600,0
0.159,25.43,24.87,0.600,0
0.160,25.43,24.87,0.600,0
0.160,25.43,24.87,0.600,0
0.160,25.43,24.87,0.600,0
0.160,25.43,24.84,0.600,0
0.161,25.43,24.84,0.600,0
0.161,25.43,24.84,0.600,0
0.161,25.43,24.84,0.600,0
0.161,25.43,24.84,0.600,0
0.162,25.43,24.81,0.600,0
0.162,25.43,24.81,0.600,0
0.162,25.43,24.81,0.600,0
0.162,25.43,24.81,0.600,0
0.163,25.43,24.78,0.600,0
0.163,25.43,24.78,0.600,0
0.163,25.43,24.78,0.600,0
0.163,25.43,24.78,0.600,0
0.164,25.43,24.75,0.600,0
0.164,25.43,24.75,0.600,0
0.165,25.43,24.75,0.600,0
0.165,25.43,24.72,0.600,0
0.165,25.43,24.72,0.600,1
0.166,25.44,24.68,0.600,0
0.166,25.44,24.68,0.600,0
0.166,25.44,24.65,0.600,0
0.167,25.44,24.65,0.600,0
0.167,25.44,24.65,0.600,0
0.167,25.44,24.65,0.600,0
0.167,25.44,24.62,0.600,0
0.168,25.44,24.62,0.600,0
0.168,25.44,24.62,0.600,0
0.168,25.44,24.62,0.600,0
0.169,25.44,24.59,0.600,0
0.169,25.44,24.59,0.600,0
0.169,25.44,24.59,0.600,0
0.169,25.44,24.59,0.600,0
0.170,25.44,24.56,0.600,0
0.170,25.44,24.56,0.600,0
0.170,25.44,24.56,0.600,0
0.170,25.44,24.56,0.600,0
0.171,25.44,24.52,0.600,0
0.171,25.44,24.52,0.600,0
0.171,25.44,24.52,0.600,0
0.171,25.44,24.52,0.600,0
0.172,25.44,24.49,0.600,0
0.172,25.44,24.49,0.600,0
0.172,25.44,24.49,0.600,0
0.172,25.44,24.49,0.600,0
0.173,25.44,24.46,0.600,0
0.173,25.44,24.46,0.600,0
0.173,25.44,24.46,0.600,0
0.173,25.44,24.46,0.600,0
0.173,25.44,24.43,0.600,0
0.174,25.44,24.43,0.600,0
0.174,25.44,24.43,0.600,0
0.174,25.44,24.43,0.600,0
0.175,25.44,24.39,0.600,0
0.175,25.44,24.39,0.600,0
0.176,25.44,24.39,0.600,0
0.176,25.44,24.36,0.600,0
0.176,25.44,24.36,0.600,0
0.176,25.44,24.33,0.600,0
0.177,25.44,24.33,0.600,0
0.177,25.44,24.33,0.600,0
0.177,25.44,24.33,0.600,0
0.178,25.44,24.30,0.600,0
0.178,25.44,24.30,0.600,0
0.178,25.44,24.30,0.600,0
0.178,25.44,24.30,0.600,0
0.179,25.44,24.26,0.600,0
0.179,25.44,24.26,0.600,0
0.179,25.44,24.26,0.600,0
0.180,25.44,24.23,0.600,0
0.180,25.44,24.23,0.600,0
0.180,25.44,24.23,0.600,0
0.180,25.44,24.20,0.600,0
0.181,25.44,24.20,0.600,0
0.181,25.44,24.20,0.600,0
0.181,25.44,24.20,0.600,0
0.182,25.44,24.17,0.600,0
0.182,25.44,24.17,0.600,0
0.182,25.44,24.17,0.600,0
0.182,25.44,24.17,0.600,0
0.183,25.44,24.14,0.600,0
0.183,25.44,24.14,0.600,0
0.183,25.44,24.14,0.600,0
0.183,25.44,24.10,0.600,0
0.184,25.44,24.10,0.600,0
0.184,25.44,24.10,0.600,0
0.184,25.44,24.10,0.600,0
0.184,25.44,24.07,0.600,0
0.185,25.44,24.07,0.600,0
0.185,25.44,24.07,0.600,0
0.185,25.44,24.07,0.600,0
0.185,25.44,24.04,0.600,0
0.186,25.44,24.04,0.600,0
0.186,25.44,24.04,0.600,0
0.186,25.44,24.04,0.600,0
0.187,25.44,24.01,0.600,0
0.187,25.44,24.01,0.600,0
0.187,25.44,24.01,0.600,0
0.188,25.44,23.97,0.600,0
0.188,25.44,23.97,0.600,0
0.188,25.44,23.97,0.600,0
0.188,25.44,23.97,0.600,0
0.188,25.44,23.94,0.600,0
0.189,25.44,23.94,0.600,0
0.189,25.44,23.94,0.600,0
0.189,25.44,23.94,0.600,0
0.189,25.44,23.91,0.600,0
0.190,25.44,23.91,0.600,0
0.190,25.44,23.91,0.600,0
0.190,25.44,23.91,0.600,0
0.191,25.44,23.88,0.600,0
0.191,25.44,23.88,0.600,0
0.192,25.44,23.84,0.600,0
0.192,25.44,23.84,0.600,0
0.192,25.44,23.84,0.600,0
0.192,25.44,23.81,0.600,0
0.193,25.44,23.81,0.600,0
0.193,25.44,23.81,0.600,0
0.193,25.44,23.81,0.600,0
0.194,25.44,23.78,0.600,0
0.194,25.44,23.78,0.600,0
0.194,25.44,23.78,0.600,0
0.195,25.44,23.75,0.600,0
0.195,25.44,23.75,0.600,0
0.195,25.44,23.75,0.600,0
0.195,25.44,23.75,0.600,0
0.196,25.44,23.71,0.600,0
0.196,25.44,23.71,0.600,0
0.196,25.44,23.71,0.600,0
0.196,25.44,23.68,0.600,0
0.197,25.44,23.68,0.600,0
0.197,25.44,23.68,0.600,0
0.197,25.44,23.68,0.600,0
0.197,25.44,23.65,0.600,0
0.198,25.44,23.65,0.600,0
0.198,25.44,23.65,0.600,0
0.198,25.44,23.65,0.600,0
0.199,25.44,23.62,0.600,0
0.199,25.44,23.62,0.600,0
0.199,25.44,23.62,0.600,0
0.200,25.44,23.58,0.600,0
0.200,25.44,23.58,0.600,0
0.200,25.44,23.58,0.600,0
0.201,25.44,23.55,0.600,0
0.201,25.44,23.55,0.600,0
0.201,25.44,23.52,0.600,0
0.202,25.44,23.52,0.600,0
0.202,25.44,23.52,0.600,0
0.202,25.44,23.52,0.600,0
0.202,25.44,23.49,0.600,0
0.203,25.44,23.49,0.600,0
0.203,25.44,23.49,0.600,0
0.203,25.44,23.49,0.600,0
0.204,25.44,23.46,0.600,0
0.204,25.44,23.46,0.600,0
0.205,25.44,23.42,0.600,0
0.205,25.44,23.42,0.600,0
0.205,25.44,23.42,0.600,0
0.205,25.44,23.42,0.600,0
0.206,25.44,23.39,0.600,0
0.206,25.44,23.39,0.600,0
0.206,25.44,23.39,0.600,0
0.206,25.44,23.36,0.600,0
0.207,25.44,23.36,0.600,0
0.207,25.44,23.36,0.600,0
0.208,25.44,23.36,0.600,0
0.208,25.44,23.33,0.600,0
0.208,25.44,23.29,0.600,0
0.209,25.44,23.29,0.600,0
0.209,25.44,23.29,0.600,0
0.209,25.44,23.29,0.600,0
0.209,25.44,23.26,0.600,0
0.210,25.44,23.26,0.600,0
0.210,25.44,23.26,0.600,0
0.210,25.44,23.26,0.600,0
0.211,25.44,23.23,0.600,0
0.211,25.44,23.23,0.600,0
0.211,25.44,23.23,0.600,0
0.211,25.44,23.23,0.600,0
0.212,25.44,23.20,0.600,0
0.212,25.44,23.20,0.600,0
0.212,25.44,23.20,0.600,0
0.212,25.44,23.20,0.600,0
0.213,25.44,23.17,0.600,0
0.213,25.44,23.17,0.600,0
0.213,25.44,23.17,0.600,0
0.213,25.44,23.17,0.600,0
0.214,25.44,23.14,0.600,0
0.214,25.44,23.14,0.600,0
0.214,25.44,23.14,0.600,0
0.214,25.44,23.10,0.600,0
0.215,25.44,23.10,0.600,0
0.215,25.44,23.10,0.600,0
0.215,25.44,23.10,0.600,0
0.215,25.44,23.07,0.600,0
0.216,25.44,23.07,0.600,0
0.216,25.44,23.07,0.600,0
0.216,25.44,23.07,0.600,0
0.216,25.44,23.04,0.600,0
0.217,25.44,23.04,0.600,0
0.217,25.44,23.04,0.600,0
0.217,25.44,23.04,0.600,0
0.217,25.44,23.04,0.600,0
0.218,25.44,23.01,0.600,0
0.218,25.44,23.01,0.600,0
0.218,25.44,23.01,0.600,0
0.219,25.44,23.01,0.600,0
0.219,25.44,22.97,0.600,0
0.220,25.44,22.97,0.600,0
0.220,25.44,22.94,0.600,0
0.220,25.44,22.91,0.600,0
0.221,25.44,22.91,0.600,0
0.221,25.44,22.91,0.600,0
0.221,25.44,22.91,0.600,0
0.222,25.44,22.88,0.600,0
0.222,25.44,22.88,0.600,0
0.222,25.44,22.88,0.600,0
0.223,25.44,22.85,0.600,0
0.223,25.44,22.85,0.600,0
0.223,25.44,22.85,0.600,0
0.224,25.44,22.81,0.600,0
0.224,25.44,22.81,0.600,0
0.224,25.44,22.78,0.600,0
0.225,25.44,22.78,0.600,0
0.225,25.44,22.78,0.600,0
0.225,25.44,22.75,0.600,0
0.226,25.44,22.75,0.600,0
0.226,25.44,22.75,0.600,0
0.227,25.44,22.72,0.600,0
0.227,25.44,22.72,0.600,0
0.227,25.44,22.72,0.600,0
0.228,25.44,22.68,0.600,0
0.228,25.44,22.68,0.600,0
0.228,25.44,22.65,0.600,0
0.229,25.44,22.65,0.600,0
0.229,25.44,22.65,0.600,0
0.230,25.44,22.62,0.600,0
0.230,25.44,22.62,0.600,0
0.230,25.44,22.62,0.600,0
0.231,25.44,22.59,0.600,0
0.231,25.44,22.59,0.600,0
0.231,25.44,22.59,0.600,0
0.231,25.44,22.55,0.600,0
0.232,25.44,22.55,0.600,0
0.232,25.44,22.55,0.600,0
0.232,25.44,22.55,0.600,0
0.233,25.44,22.52,0.600,0
0.233,25.44,22.52,0.600,0
0.233,25.44,22.52,0.600,0
0.233,25.44,22.49,0.600,0
0.234,25.44,22.49,0.600,0
0.234,25.44,22.49,0.600,0
0.234,25.44,22.49,0.600,0
0.235,25.44,22.46,0.600,0
0.235,25.44,22.46,0.600,0
0.235,25.44,22.46,0.600,0
0.235,25.44,22.42,0.600,0
0.236,25.44,22.42,0.600,0
0.236,25.44,22.42,0.600,0
0.236,25.44,22.42,0.600,0
0.237,25.44,22.39,0.600,0
0.237,25.44,22.39,0.600,0
0.237,25.44,22.39,0.600,0
0.237,25.44,22.39,0.600,0
0.238,25.44,22.36,0.600,0
0.238,25.44,22.36,0.600,0
0.238,25.44,22.36,0.600,0
0.238,25.44,22.36,0.600,0
0.239,25.44,22.33,0.600,0
0.239,25.44,22.33,0.600,0
0.239,25.44,22.33,0.600,0
0.239,25.44,22.33,0.600,0
0.240,25.44,22.29,0.600,0
0.240,25.44,22.29,0.600,0
0.240,25.44,22.29,0.600,0
0.240,25.44,22.29,0.600,0
0.241,25.44,22.26,0.600,0
0.241,25.44,22.26,0.600,0
0.241,25.44,22.26,0.600,0
0.241,25.44,22.26,0.600,0
0.242,25.44,22.23,0.600,0
0.242,25.44,22.23,0.600,0
0.242,25.44,22.23,0.600,0
0.242,25.44,22.23,0.600,0
0.243,25.44,22.20,0.600,0
0.243,25.44,22.20,0.600,0
0.243,25.44,22.20,0.600,0
0.243,25.44,22.20,0.600,0
0.243,25.44,22.17,0.600,0
0.244,25.44,22.17,0.600,0
0.244,25.44,22.17,0.600,0
0.244,25.44,22.17,0.600,0
0.244,25.44,22.13,0.600,0
0.245,25.44,22.13,0.600,0
0.245,25.44,22.13,0.600,0
0.245,25.44,22.13,0.600,0
0.245,25.44,22.10,0.600,0
0.246,25.44,22.10,0.600,0
0.246,25.44,22.10,0.600,0
0.246,25.44,22.10,0.600,0
0.247,25.44,22.07,0.600,0
0.247,25.44,22.07,0.600,0
0.247,25.44,22.07,0.600,0
0.247,25.44,22.07,0.600,0
0.248,25.44,22.04,0.600,0
0.248,25.44,22.04,0.600,0
0.248,25.44,22.04,0.600,0
0.248,25.44,22.04,0.600,0
0.249,25.44,22.00,0.600,0
0.249,25.44,22.00,0.600,0
0.249,25.44,22.00,0.600,0
0.249,25.44,22.00,0.600,0
0.250,25.44,21.97,0.600,0
0.250,25.44,21.97,0.600,0
0.250,25.44,21.97,0.600,0
0.250,25.44,21.94,0.600,0
0.251,25.44,21.94,0.600,0
0.251,25.44,21.94,0.600,0
0.251,25.44,21.94,0.600,0
0.251,25.44,21.94,0.600,0
0.252,25.44,21.91,0.600,0
0.252,25.44,21.91,0.600,0
0.252,25.44,21.91,0.600,0
0.252,25.44,21.87,0.600,0
0.253,25.44,21.87,0.600,0
0.253,25.44,21.87,0.600,0
0.253,25.44,21.87,0.600,0
0.253,25.44,21.84,0.600,0
0.254,25.44,21.84,0.600,0
0.254,25.44,21.84,0.600,0
0.254,25.44,21.84,0.600,0
0.255,25.44,21.81,0.600,0
0.255,25.44,21.81,0.600,0
0.255,25.44,21.81,0.600,0
0.255,25.44,21.81,0.600,0
0.256,25.44,21.78,0.600,0
0.256,25.44,21.78,0.600,0
0.256,25.44,21.78,0.600,0
0.257,25.44,21.75,0.600,0
0.257,25.44,21.75,0.600,0
0.257,25.44,21.75,0.600,0
0.257,25.44,21.75,0.600,0
0.258,25.44,21.71,0.600,0
0.258,25.44,21.71,0.600,0
0.258,25.44,21.71,0.600,0
0.258,25.44,21.71,0.600,0
0.259,25.44,21.68,0.600,0
0.259,25.44,21.68,0.600,0
0.259,25.44,21.68,0.600,0
0.260,25.44,21.65,0.600,0
0.260,25.44,21.65,0.600,0
0.260,25.44,21.65,0.600,0
0.261,25.44,21.62,0.600,0
0.261,25.44,21.62,0.600,0
0.261,25.44,21.62,0.600,0
0.262,25.44,21.59,0.600,0
0.262,25.44,21.59,0.600,0
0.262,25.44,21.59,0.600,0
0.263,25.44,21.55,0.600,0
0.263,25.44,21.55,0.600,0
0.263,25.44,21.55,0.600,0
0.263,25.44,21.52,0.600,0
0.264,25.44,21.52,0.600,0
0.264,25.44,21.52,0.600,0
0.264,25.44,21.52,0.600,0
0.264,25.44,21.49,0.600,0
0.265,25.44,21.49,0.600,0
0.265,25.44,21.49,0.600,0
0.265,25.44,21.49,0.600,0
0.265,25.44,21.46,0.600,0
0.266,25.44,21.46,0.600,0
0.266,25.44,21.46,0.600,0
0.266,25.44,21.46,0.600,0
0.266,25.44,21.43,0.600,0
0.267,25.44,21.43,0.600,0
0.267,25.44,21.43,0.600,0
0.267,25.44,21.43,0.600,0
0.267,25.44,21.39,0.600,0
0.268,25.44,21.39,0.600,0
0.268,25.44,21.39,0.600,0
0.268,25.44,21.39,0.600,0
0.268,25.44,21.36,0.600,0
0.269,25.44,21.36,0.600,0
0.269,25.44,21.36,0.600,0
0.269,25.44,21.36,0.600,0
0.270,25.44,21.33,0.600,0
0.270,25.44,21.33,0.600,0
0.270,25.44,21.30,0.600,0
0.271,25.44,21.30,0.600,0
0.271,25.44,21.30,0.600,0
0.271,25.44,21.30,0.600,0
0.271,25.44,21.26,0.600,0
0.272,25.44,21.26,0.600,0
0.272,25.44,21.26,0.600,0
0.272,25.44,21.26,0.600,0
0.272,25.44,21.23,0.600,0
0.273,25.44,21.23,0.600,0
0.273,25.44,21.23,0.600,0
0.273,25.44,21.23,0.600,0
0.273,25.44,21.23,0.600,0
0.274,25.44,21.20,0.600,0
0.274,25.44,21.20,0.600,0
0.274,25.44,21.20,0.600,0
0.274,25.44,21.20,0.600,0
0.275,25.44,21.17,0.600,0
0.275,25.44,21.17,0.600,0
0.275,25.44,21.17,0.600,0
0.275,25.44,21.17,0.600,0
0.276,25.44,21.13,0.600,0
0.276,25.44,21.13,0.600,0
0.276,25.44,21.13,0.600,0
0.276,25.44,21.10,0.600,0
0.277,25.44,21.10,0.600,0
0.277,25.44,21.10,0.600,0
0.277,25.44,21.07,0.600,0
0.278,25.44,21.07,0.600,0
0.278,25.44,21.07,0.600,0
0.278,25.44,21.07,0.600,0
0.278,25.44,21.04,0.600,0
0.279,25.44,21.04,0.600,0
0.279,25.44,21.04,0.600,0
0.279,25.44,21.04,0.600,0
0.279,25.44,21.04,0.600,0
0.280,25.44,21.00,0.600,0
0.280,25.44,21.00,0.600,0
0.280,25.44,21.00,0.600,0
0.280,25.44,21.00,0.600,0
0.280,25.44,20.97,0.600,0
0.281,25.44,20.97,0.600,0
0.281,25.44,20.97,0.600,0
0.281,25.44,20.97,0.600,0
0.281,25.44,20.97,0.600,0
0.282,25.44,20.94,0.600,0
0.282,25.44,20.94,0.600,0
0.282,25.44,20.94,0.600,0
0.282,25.44,20.94,0.600,0
0.283,25.44,20.91,0.600,0
0.283,25.44,20.91,0.600,0
0.283,25.44,20.91,0.600,0
0.283,25.44,20.91,0.600,0
0.284,25.44,20.87,0.600,0
0.284,25.44,20.87,0.600,0
0.284,25.44,20.87,0.600,0
0.285,25.44,20.84,0.600,0
0.285,25.44,20.84,0.600,0
0.285,25.44,20.84,0.600,0
0.285,25.44,20.84,0.600,0
0.286,25.44,20.81,0.600,0
0.286,25.44,20.81,0.600,0
0.286,25.44,20.81,0.600,0
0.286,25.44,20.78,0.600,0
0.287,25.44,20.78,0.600,0
0.287,25.44,20.78,0.600,0
0.287,25.44,20.78,0.600,0
0.288,25.44,20.75,0.600,0
0.288,25.44,20.75,0.600,0
0.288,25.44,20.75,0.600,0
0.288,25.44,20.71,0.600,0
0.289,25.44,20.71,0.600,0
0.289,25.44,20.71,0.600,0
0.289,25.44,20.71,0.600,0
0.289,25.44,20.68,0.600,0
0.290,25.44,20.68,0.600,0
0.290,25.44,20.68,0.600,0
0.290,25.44,20.68,0.600,0
0.291,25.44,20.65,0.600,0
0.291,25.44,20.65,0.600,0
0.291,25.44,20.62,0.600,0
0.292,25.44,20.62,0.600,0
0.292,25.44,20.62,0.600,0
0.292,25.44,20.62,0.600,0
0.292,25.44,20.58,0.600,0
0.293,25.44,20.58,0.600,0
0.293,25.44,20.58,0.600,0
0.294,25.44,20.55,0.600,0
0.294,25.44,20.55,0.600,0
0.294,25.44,20.55,0.600,0
0.294,25.44,20.52,0.600,0
0.295,25.44,20.52,0.600,0
0.295,25.44,20.52,0.600,0
0.295,25.44,20.52,0.600,0
0.296,25.44,20.49,0.600,0
0.296,25.44,20.49,0.600,0
0.296,25.44,20.45,0.600,0
0.297,25.44,20.45,0.600,0
0.297,25.44,20.45,0.600,0
0.297,25.44,20.45,0.600,0
0.298,25.44,20.42,0.600,0
0.298,25.44,20.42,0.600,0
0.298,25.44,20.42,0.600,0
0.298,25.44,20.39,0.600,0
0.299,25.44,20.39,0.600,0
0.299,25.44,20.39,0.600,1
0.299,25.44,20.36,0.600,0
0.300,25.44,20.36,0.600,0
0.300,25.44,20.36,0.600,0
0.300,25.44,20.36,0.600,0
0.300,25.44,20.32,0.600,0
0.301,25.44,20.32,0.600,0
0.301,25.44,20.32,0.600,0
0.301,25.44,20.32,0.600,0
0.302,25.44,20.29,0.600,0
0.302,25.44,20.29,0.600,0
0.302,25.44,20.29,0.600,0
0.302,25.44,20.29,0.600,0
0.303,25.44,20.26,0.600,0
0.303,25.44,20.26,0.600,0
0.303,25.44,20.26,0.600,0
0.303,25.44,20.23,0.600,0
0.304,25.44,20.23,0.600,0
0.304,25.44,20.23,0.600,0
0.304,25.44,20.23,0.600,0
0.305,25.44,20.20,0.600,0
0.305,25.44,20.20,0.600,0
0.305,25.44,20.20,0.600,0
0.305,25.44,20.20,0.600,0
0.306,25.44,20.16,0.600,0
0.306,25.44,20.16,0.600,0
0.306,25.44,20.16,0.600,0
0.306,25.44,20.16,0.600,0
0.307,25.44,20.13,0.600,0
0.307,25.44,20.13,0.600,0
0.307,25.44,20.13,0.600,0
0.307,25.44,20.13,0.600,0
0.308,25.44,20.10,0.600,0
0.308,25.44,20.10,0.600,0
0.309,25.44,20.10,0.600,0
0.309,25.44,20.07,0.600,0
0.309,25.44,20.07,0.600,0
0.310,25.44,20.04,0.600,0
0.310,25.44,20.04,0.600,0
0.310,25.44,20.04,0.600,0
0.311,25.44,20.00,0.600,0
0.311,25.44,20.00,0.600,0
0.311,25.44,20.00,0.600,0
0.311,25.44,20.00,0.600,0
0.312,25.44,19.97,0.600,0
0.312,25.44,19.97,0.600,0
0.312,25.44,19.97,0.600,0
0.313,25.44,19.94,0.600,0
0.313,25.44,19.94,0.600,0
0.313,25.44,19.94,0.600,0
0.313,25.44,19.94,0.600,0
0.314,25.44,19.91,0.600,0
0.314,25.44,19.91,0.600,0
0.314,25.44,19.91,0.600,0
0.314,25.44,19.91,0.600,0
0.315,25.44,19.87,0.600,0
0.315,25.44,19.87,0.600,0
0.315,25.44,19.87,0.600,0
0.315,25.44,19.87,0.600,0
0.316,25.44,19.87,0.600,0
0.316,25.44,19.84,0.600,0
0.316,25.44,19.84,0.600,0
0.316,25.44,19.84,0.600,0
0.317,25.44,19.81,0.600,0
0.317,25.44,19.81,0.600,0
0.317,25.44,19.81,0.600,0
0.318,25.44,19.78,0.600,0
0.318,25.44,19.78,0.600,0
0.318,25.44,19.78,0.600,0
0.319,25.44,19.74,0.600,0
0.319,25.44,19.74,0.600,0
0.319,25.44,19.74,0.600,0
0.319,25.44,19.74,0.600,0
0.320,25.44,19.71,0.600,0
0.320,25.44,19.71,0.600,0
0.320,25.44,19.71,0.600,0
0.320,25.44,19.71,0.600,0
0.321,25.44,19.68,0.600,0
0.321,25.44,19.68,0.600,0
0.321,25.44,19.68,0.600,0
0.321,25.44,19.68,0.600,0
0.322,25.44,19.65,0.600,0
0.322,25.44,19.65,0.600,0
0.322,25.44,19.65,0.600,0
0.322,25.44,19.65,0.600,0
0.323,25.44,19.62,0.600,0
0.323,25.44,19.62,0.600,0
0.323,25.44,19.62,0.600,0
0.323,25.44,19.62,0.600,0
0.324,25.44,19.58,0.600,0
0.325,25.44,19.58,0.600,0
0.325,25.44,19.55,0.600,0
0.325,25.44,19.55,0.600,0
0.326,25.44,19.55,0.600,0
0.326,25.44,19.52,0.600,0
0.326,25.44,19.52,0.600,0
0.326,25.44,19.52,0.600,0
0.327,25.44,19.49,0.600,0
0.327,25.44,19.49,0.600,0
0.327,25.44,19.49,0.600,0
0.327,25.44,19.49,0.600,0
0.328,25.44,19.45,0.600,0
0.328,25.44,19.45,0.600,0
0.328,25.44,19.45,0.600,0
0.328,25.44,19.45,0.600,0
0.329,25.44,19.42,0.600,0
0.329,25.44,19.42,0.600,0
0.329,25.44,19.42,0.600,0
0.329,25.44,19.42,0.600,0
0.329,25.44,19.42,0.600,0
0.330,25.44,19.39,0.600,0
0.330,25.44,19.39,0.600,0
0.330,25.44,19.39,0.600,0
0.331,25.44,19.39,0.600,0
0.331,25.44,19.36,0.600,0
0.331,25.44,19.36,0.600,0
0.331,25.44,19.36,0.600,0
0.332,25.44,19.32,0.600,0
0.332,25.44,19.32,0.600,0
0.332,25.44,19.32,0.600,0
0.332,25.44,19.32,0.600,0
0.333,25.44,19.29,0.600,0
0.333,25.44,19.29,0.600,0
0.333,25.44,19.29,0.600,0
0.333,25.44,19.29,0.600,0
0.334,25.44,19.26,0.600,0
0.334,25.44,19.26,0.600,0
0.334,25.44,19.26,0.600,0
0.334,25.44,19.26,0.600,0
0.335,25.44,19.23,0.600,0
0.335,25.44,19.23,0.600,0
0.335,25.44,19.23,0.600,0
0.335,25.44,19.23,0.600,0
0.336,25.44,19.19,0.600,0
0.336,25.44,19.19,0.600,0
0.336,25.44,19.19,0.600,0
0.336,25.44,19.19,0.600,0
0.337,25.44,19.16,0.600,0
0.337,25.44,19.16,0.600,0
0.337,25.44,19.16,0.600,0
0.337,25.44,19.16,0.600,0
0.338,25.44,19.13,0.600,0
0.338,25.44,19.13,0.600,0
0.338,25.44,19.13,0.600,0
0.339,25.44,19.10,0.600,0
0.339,25.44,19.10,0.600,0
0.339,25.44,19.10,0.600,0
0.339,25.44,19.10,0.600,0
0.340,25.44,19.06,0.600,0
0.340,25.44,19.06,0.600,0
0.340,25.44,19.06,0.600,0
0.340,25.44,19.06,0.600,0
0.341,25.44,19.03,0.600,0
0.341,25.44,19.03,0.600,0
0.341,25.44,19.03,0.600,0
0.341,25.44,19.03,0.600,0
0.342,25.44,19.00,0.600,0
0.342,25.44,19.00,0.600,0
0.342,25.44,19.00,0.600,0
0.342,25.44,19.00,0.600,0
0.343,25.44,18.97,0.600,0
0.343,25.44,18.97,0.600,0
0.343,25.44,18.97,0.600,0
0.343,25.44,18.97,0.600,0
0.344,25.44,18.97,0.600,0
0.344,25.44,18.93,0.600,0
0.344,25.44,18.93,0.600,0
0.344,25.44,18.93,0.600,0
0.344,25.44,18.93,0.600,0
0.345,25.44,18.90,0.600,0
0.345,25.44,18.90,0.600,0
0.345,25.44,18.90,0.600,0
0.345,25.44,18.90,0.600,0
0.346,25.44,18.87,0.600,0
0.346,25.44,18.87,0.600,0
0.346,25.44,18.87,0.600,0
0.347,25.44,18.87,0.600,0
0.347,25.44,18.84,0.600,0
0.347,25.44,18.84,0.600,0
0.347,25.44,18.84,0.600,0
0.348,25.44,18.84,0.600,0
0.348,25.44,18.81,0.600,0
0.348,25.44,18.81,0.600,0
0.348,25.44,18.81,0.600,0
0.348,25.44,18.81,0.600,0
0.349,25.44,18.77,0.600,0
0.349,25.44,18.77,0.600,0
0.349,25.44,18.77,0.600,0
0.349,25.44,18.77,0.600,0
0.350,25.44,18.74,0.600,0
0.350,25.44,18.74,0.600,0
0.350,25.44,18.74,0.600,0
0.350,25.44,18.74,0.600,0
0.351,25.44,18.74,0.600,0
0.351,25.44,18.71,0.600,0
0.351,25.44,18.71,0.600,0
0.351,25.44,18.71,0.600,0
0.351,25.44,18.71,0.600,0
0.352,25.44,18.68,0.600,0
0.352,25.44,18.68,0.600,0
0.352,25.44,18.68,0.600,0
0.353,25.44,18.65,0.600,0
0.353,25.44,18.65,0.600,0
0.353,25.44,18.65,0.600,0
0.354,25.44,18.65,0.600,0
0.354,25.44,18.62,0.600,0
0.354,25.44,18.62,0.600,0
0.354,25.44,18.62,0.600,0
0.354,25.44,18.62,0.600,0
0.355,25.44,18.58,0.600,0
0.355,25.44,18.58,0.600,0
0.355,25.44,18.58,0.600,0
0.355,25.44,18.58,0.600,0
0.356,25.44,18.55,0.600,0
0.356,25.44,18.55,0.600,0
0.356,25.44,18.55,0.600,0
0.356,25.44,18.55,0.600,0
0.357,25.44,18.53,0.600,0
0.357,25.44,18.53,0.600,0
0.357,25.44,18.53,0.600,0
0.357,25.44,18.53,0.600,0
0.358,25.44,18.50,0.600,0
0.358,25.44,18.50,0.600,0
0.358,25.44,18.50,0.600,0
0.358,25.44,18.50,0.600,0
0.359,25.44,18.47,0.600,0
0.359,25.44,18.47,0.600,0
0.359,25.44,18.47,0.600,0
0.359,25.44,18.47,0.600,0
0.360,25.44,18.44,0.600,0
0.360,25.44,18.44,0.600,0
0.360,25.44,18.44,0.600,0
0.361,25.44,18.41,0.600,0
0.361,25.44,18.41,0.600,0
0.361,25.44,18.41,0.600,0
0.361,25.44,18.41,0.600,0
0.362,25.44,18.38,0.600,0
0.362,25.44,18.38,0.600,0
0.362,25.44,18.38,0.600,0
0.362,25.44,18.38,0.600,0
0.363,25.44,18.35,0.600,0
0.363,25.44,18.35,0.600,0
0.363,25.44,18.35,0.600,0
0.363,25.44,18.35,0.600,0
0.364,25.44,18.33,0.600,0
0.364,25.44,18.33,0.600,0
0.364,25.44,18.33,0.600,0
0.364,25.44,18.33,0.600,0
0.365,25.44,18.33,0.600,0
0.365,25.44,18.30,0.600,0
0.365,25.44,18.30,0.600,0
0.365,25.44,18.30,0.600,0
0.366,25.44,18.30,0.600,0
0.366,25.44,18.27,0.600,0
0.366,25.44,18.27,0.600,0
0.366,25.44,18.27,0.600,0
0.367,25.44,18.27,0.600,0
0.367,25.44,18.24,0.600,0
0.367,25.44,18.24,0.600,0
0.367,25.44,18.24,0.600,0
0.368,25.44,18.24,0.600,0
0.368,25.44,18.21,0.600,0
0.368,25.44,18.21,0.600,0
0.368,25.44,18.21,0.600,0
0.369,25.44,18.21,0.600,0
0.369,25.44,18.17,0.600,0
0.369,25.44,18.17,0.600,0
0.369,25.44,18.17,0.600,0
0.369,25.44,18.17,0.600,0
0.370,25.44,18.14,0.600,0
0.370,25.44,18.14,0.600,0
0.370,25.44,18.14,0.600,0
0.370,25.44,18.14,0.600,0
0.371,25.44,18.11,0.600,0
0.371,25.44,18.11,0.600,0
0.371,25.44,18.11,0.600,0
0.371,25.44,18.11,0.600,0
0.372,25.44,18.11,0.600,0
0.372,25.44,18.08,0.600,0
0.372,25.44,18.08,0.600,0
0.372,25.44,18.08,0.600,0
0.372,25.44,18.08,0.600,0
0.373,25.44,18.05,0.600,0
0.373,25.44,18.05,0.600,0
0.373,25.44,18.05,0.600,0
0.374,25.44,18.05,0.600,0
0.374,25.44,18.02,0.600,0
0.374,25.44,18.02,0.600,0
0.374,25.44,18.02,0.600,0
0.375,25.44,17.98,0.600,0
0.375,25.44,17.98,0.600,0
0.375,25.44,17.98,0.600,0
0.375,25.44,17.98,0.600,0
0.376,25.44,17.98,0.600,0
0.376,25.44,17.95,0.600,0
0.376,25.44,17.95,0.600,0
0.377,25.44,17.95,0.600,0
0.377,25.44,17.92,0.600,0
0.377,25.44,17.92,0.600,0
0.377,25.44,17.92,0.600,0
0.377,25.44,17.92,0.600,0
0.378,25.44,17.89,0.600,0
0.378,25.44,17.89,0.600,0
0.378,25.44,17.89,0.600,0
0.378,25.44,17.89,0.600,0
0.379,25.44,17.85,0.600,0
0.379,25.44,17.85,0.600,0
0.379,25.44,17.85,0.600,0
0.379,25.44,17.85,0.600,0
0.380,25.44,17.85,0.600,0
0.380,25.44,17.82,0.600,0
0.380,25.44,17.82,0.600,0
0.380,25.44,17.82,0.600,0
0.381,25.44,17.79,0.600,0
0.381,25.44,17.79,0.600,0
0.381,25.44,17.79,0.600,0
0.381,25.44,17.79,0.600,0
0.382,25.44,17.75,0.600,0
0.382,25.44,17.75,0.600,0
0.382,25.44,17.75,0.600,0
0.382,25.44,17.75,0.600,0
0.383,25.44,17.72,0.600,0
0.383,25.44,17.72,0.600,0
0.383,25.44,17.72,0.600,0
0.383,25.44,17.72,0.600,0
0.384,25.44,17.69,0.600,0
0.384,25.44,17.69,0.600,0
0.384,25.44,17.69,0.600,0
0.385,25.44,17.69,0.600,0
0.385,25.44,17.66,0.600,0
0.385,25.44,17.66,0.600,0
0.385,25.44,17.66,0.600,0
0.386,25.44,17.66,0.600,0
0.386,25.44,17.62,0.600,0
0.386,25.44,17.62,0.600,0
0.386,25.44,17.62,0.600,0
0.387,25.44,17.62,0.600,0
0.387,25.44,17.59,0.600,0
0.387,25.44,17.59,0.600,0
0.387,25.44,17.59,0.600,0
0.388,25.44,17.59,0.600,0
0.388,25.44,17.56,0.600,0
0.388,25.44,17.56,0.600,0
0.388,25.44,17.56,0.600,0
0.389,25.44,17.52,0.600,0
0.389,25.44,17.52,0.600,0
0.389,25.44,17.52,0.600,0
0.389,25.44,17.52,0.600,0
0.390,25.44,17.49,0.600,0
0.390,25.44,17.49,0.600,0
0.390,25.44,17.49,0.600,0
0.390,25.44,17.49,0.600,0
0.391,25.44,17.49,0.600,0
0.391,25.44,17.46,0.600,0
0.391,25.44,17.46,0.600,0
0.391,25.44,17.46,0.600,0
0.392,25.44,17.46,0.600,0
0.392,25.44,17.43,0.600,0
0.392,25.44,17.43,0.600,0
0.392,25.44,17.43,0.600,0
0.393,25.44,17.43,0.600,0
0.393,25.44,17.39,0.600,0
0.393,25.44,17.39,0.600,0
0.393,25.44,17.39,0.600,0
0.394,25.44,17.39,0.600,0
0.394,25.44,17.36,0.600,0
0.394,25.44,17.36,0.600,0
0.395,25.44,17.36,0.600,0
0.395,25.44,17.33,0.600,0
0.395,25.44,17.33,0.600,0
0.395,25.44,17.33,0.600,0
0.396,25.44,17.33,0.600,0
0.396,25.44,17.29,0.600,0
0.396,25.44,17.29,0.600,0
0.396,25.44,17.29,0.600,0
0.397,25.44,17.29,0.600,0
0.397,25.44,17.26,0.600,0
0.397,25.44,17.26,0.600,0
0.397,25.44,17.26,0.600,0
0.398,25.44,17.26,0.600,0
0.398,25.44,17.23,0.600,0
0.398,25.44,17.23,0.600,0
0.398,25.44,17.23,0.600,0
0.399,25.44,17.23,0.600,0
0.399,25.44,17.20,0.600,0
0.399,25.44,17.20,0.600,0
0.399,25.44,17.20,0.600,0
0.400,25.44,17.20,0.600,0
0.400,25.44,17.16,0.600,0
0.400,25.44,17.16,0.600,0
0.400,25.44,17.16,0.600,0
0.401,25.44,17.13,0.600,0
0.401,25.44,17.13,0.600,0
0.401,25.44,17.13,0.600,0
0.402,25.44,17.13,0.600,0
0.402,25.44,17.10,0.600,0
0.402,25.44,17.10,0.600,0
0.402,25.44,17.10,0.600,0
0.403,25.44,17.06,0.600,0
0.403,25.44,17.06,0.600,0
0.403,25.44,17.06,0.600,0
0.403,25.44,17.06,0.600,0
0.404,25.44,17.06,0.600,0
0.404,25.44,17.03,0.600,0
0.404,25.44,17.03,0.600,0
0.404,25.44,17.03,0.600,0
0.405,25.44,17.03,0.600,0
0.405,25.44,17.00,0.600,0
0.405,25.44,17.00,0.600,0
0.405,25.44,17.00,0.600,0
0.406,25.44,17.00,0.600,0
0.406,25.44,16.97,0.600,0
0.406,25.44,16.97,0.600,0
0.406,25.44,16.97,0.600,0
0.407,25.44,16.97,0.600,0
0.407,25.44,16.93,0.600,0
0.407,25.44,16.93,0.600,0
0.407,25.44,16.93,0.600,0
0.408,25.44,16.93,0.600,0
0.408,25.44,16.90,0.600,0
0.408,25.44,16.90,0.600,0
0.408,25.44,16.90,0.600,0
0.409,25.44,16.90,0.600,0
0.409,25.44,16.87,0.600,0
0.409,25.44,16.87,0.600,0
0.409,25.44,16.87,0.600,0
0.410,25.44,16.87,0.600,0
0.410,25.44,16.84,0.600,0
0.410,25.44,16.84,0.600,0
0.410,25.44,16.84,0.600,0
0.410,25.44,16.84,0.600,0
0.411,25.44,16.80,0.600,0
0.411,25.44,16.80,0.600,0
0.411,25.44,16.80,0.600,0
0.411,25.44,16.80,0.600,0
0.412,25.44,16.80,0.600,0
0.412,25.44,16.77,0.600,0
0.412,25.44,16.77,0.600,0
0.412,25.44,16.77,0.600,0
0.413,25.44,16.77,0.600,0
0.413,25.44,16.74,0.600,0
0.413,25.44,16.74,0.600,0
0.413,25.44,16.74,0.600,0
0.413,25.44,16.74,0.600,0
0.414,25.44,16.74,0.600,0
0.414,25.44,16.71,0.600,0
0.414,25.44,16.71,0.600,0
0.414,25.44,16.71,0.600,0
0.415,25.44,16.71,0.600,0
0.415,25.44,16.67,0.600,0
0.415,25.44,16.67,0.600,0
0.415,25.44,16.67,0.600,0
0.416,25.44,16.64,0.600,0
0.416,25.44,16.64,0.600,0
0.416,25.44,16.64,0.600,0
0.416,25.44,16.64,0.600,0
0.417,25.44,16.61,0.600,0
0.417,25.44,16.61,0.600,0
0.417,25.44,16.61,0.600,0
0.417,25.44,16.61,0.600,0
0.418,25.44,16.61,0.600,0
0.418,25.44,16.58,0.600,0
0.418,25.44,16.58,0.600,0
0.418,25.44,16.58,0.600,0
0.419,25.44,16.58,0.600,0
0.419,25.44,16.54,0.600,0
0.419,25.44,16.54,0.600,0
0.419,25.44,16.54,0.600,0
0.419,25.44,16.54,0.600,0
0.420,25.44,16.51,0.600,0
0.420,25.44,16.51,0.600,0
0.420,25.44,16.51,0.600,0
0.420,25.44,16.51,0.600,0
0.421,25.44,16.48,0.600,0
0.421,25.44,16.48,0.600,0
0.421,25.44,16.48,0.600,0
0.421,25.44,16.48,0.600,0
0.422,25.44,16.48,0.600,0
0.422,25.44,16.45,0.600,0
0.422,25.44,16.45,0.600,0
0.423,25.44,16.45,0.600,0
0.423,25.44,16.42,0.600,0
0.423,25.44,16.42,0.600,0
0.423,25.44,16.42,0.600,0
0.424,25.44,16.38,0.600,0
0.424,25.44,16.38,0.600,0
0.424,25.44,16.38,0.600,0
0.424,25.44,16.38,0.600,0
0.425,25.44,16.38,0.600,0
0.425,25.44,16.35,0.600,0
0.425,25.44,16.35,0.600,0
0.425,25.44,16.35,0.600,0
0.426,25.44,16.35,0.600,0
0.426,25.44,16.32,0.600,0
0.426,25.44,16.32,0.600,0
0.426,25.44,16.32,0.600,0
0.427,25.44,16.32,0.600,0
0.427,25.44,16.29,0.600,0
0.427,25.44,16.29,0.600,0
0.427,25.44,16.29,0.600,0
0.428,25.44,16.29,0.600,0
0.428,25.44,16.25,0.600,0
0.428,25.44,16.25,0.600,0
0.429,25.44,16.25,0.600,0
0.429,25.44,16.22,0.600,0
0.429,25.44,16.22,0.600,0
0.430,25.44,16.19,0.600,0
0.430,25.44,16.19,0.600,0
0.430,25.44,16.19,0.600,1
0.431,25.43,16.16,0.600,0
0.431,25.43,16.16,0.600,0
0.431,25.43,16.16,0.600,0
0.432,25.43,16.16,0.600,0
0.432,25.43,16.12,0.600,0
0.432,25.43,16.12,0.600,0
0.432,25.43,16.12,0.600,0
0.433,25.43,16.09,0.600,0
0.433,25.43,16.09,0.600,0
0.433,25.43,16.09,0.600,0
0.434,25.43,16.09,0.600,0
0.434,25.43,16.06,0.600,0
0.434,25.43,16.06,0.600,0
0.434,25.43,16.06,0.600,0
0.435,25.43,16.06,0.600,0
0.435,25.43,16.03,0.600,0
0.435,25.43,16.03,0.600,0
0.435,25.43,16.03,0.600,0
0.436,25.43,16.03,0.600,0
0.436,25.43,15.99,0.600,0
0.436,25.43,15.99,0.600,0
0.436,25.43,15.99,0.600,0
0.437,25.43,15.96,0.600,0
0.437,25.43,15.96,0.600,0
0.437,25.43,15.96,0.600,0
0.437,25.43,15.96,0.600,0
0.438,25.43,15.96,0.600,0
0.438,25.43,15.93,0.600,0
0.438,25.43,15.93,0.600,0
0.438,25.43,15.93,0.600,0
0.439,25.43,15.93,0.600,0
0.439,25.43,15.90,0.600,0
0.439,25.43,15.90,0.600,0
0.439,25.43,15.90,0.600,0
0.440,25.43,15.90,0.600,0
0.440,25.43,15.86,0.600,0
0.440,25.43,15.86,0.600,0
0.440,25.43,15.86,0.600,0
0.441,25.43,15.86,0.600,0
0.441,25.43,15.83,0.600,0
0.441,25.43,15.83,0.600,0
0.441,25.43,15.83,0.600,0
0.442,25.43,15.83,0.600,0
0.442,25.43,15.80,0.600,0
0.442,25.43,15.80,0.600,0
0.442,25.43,15.80,0.600,0
0.443,25.43,15.80,0.600,0
0.443,25.43,15.77,0.600,0
0.443,25.43,15.77,0.600,0
0.443,25.43,15.77,0.600,0
0.444,25.43,15.73,0.600,0
0.444,25.43,15.73,0.600,0
0.444,25.43,15.73,0.600,0
0.445,25.43,15.73,0.600,0
0.445,25.43,15.70,0.600,0
0.445,25.43,15.70,0.600,0
0.445,25.43,15.70,0.600,0
0.445,25.43,15.70,0.600,0
0.446,25.43,15.67,0.600,0
0.446,25.43,15.67,0.600,0
0.446,25.43,15.67,0.600,0
0.446,25.43,15.67,0.600,0
0.447,25.43,15.67,0.600,0
0.447,25.43,15.64,0.600,0
0.447,25.43,15.64,0.600,0
0.447,25.43,15.64,0.600,0
0.448,25.43,15.64,0.600,0
0.448,25.43,15.60,0.600,0
0.448,25.43,15.60,0.600,0
0.448,25.43,15.60,0.600,0
0.449,25.43,15.60,0.600,0
0.449,25.43,15.57,0.600,0
0.450,25.43,15.54,0.600,0
0.450,25.43,15.54,0.600,0
0.450,25.43,15.54,0.600,0
0.451,25.43,15.54,0.600,0
0.451,25.43,15.51,0.600,0
0.451,25.43,15.51,0.600,0
0.451,25.43,15.51,0.600,0
0.452,25.43,15.47,0.600,0
0.452,25.43,15.47,0.600,0
0.452,25.43,15.47,0.600,0
0.452,25.43,15.47,0.600,0
0.453,25.43,15.44,0.600,0
0.453,25.43,15.44,0.600,0
0.453,25.43,15.44,0.600,0
0.454,25.43,15.44,0.600,0
0.454,25.43,15.41,0.600,0
0.454,25.43,15.41,0.600,0
0.454,25.43,15.41,0.600,0
0.454,25.43,15.41,0.600,0
0.455,25.43,15.38,0.600,0
0.455,25.43,15.38,0.600,0
0.455,25.43,15.38,0.600,0
0.455,25.43,15.38,0.600,0
0.456,25.43,15.34,0.600,0
0.456,25.43,15.34,0.600,0
0.456,25.43,15.34,0.600,0
0.457,25.43,15.31,0.600,0
0.457,25.43,15.31,0.600,0
0.457,25.43,15.31,0.600,0
0.458,25.43,15.31,0.600,0
0.458,25.43,15.28,0.600,0
0.458,25.43,15.28,0.600,0
0.458,25.43,15.28,0.600,0
0.459,25.43,15.28,0.600,0
0.459,25.43,15.25,0.600,0
0.459,25.43,15.25,0.600,0
0.459,25.43,15.25,0.600,0
0.460,25.43,15.25,0.600,0
0.460,25.43,15.21,0.600,0
0.460,25.43,15.21,0.600,0
0.460,25.43,15.21,0.600,0
0.461,25.43,15.21,0.600,0
0.461,25.43,15.18,0.600,0
0.461,25.43,15.18,0.600,0
0.461,25.43,15.18,0.600,0
0.462,25.43,15.18,0.600,0
0.462,25.43,15.15,0.600,0
0.462,25.43,15.15,0.600,0
0.462,25.43,15.15,0.600,0
0.463,25.43,15.15,0.600,0
0.463,25.43,15.12,0.600,0
0.463,25.43,15.12,0.600,0
0.463,25.43,15.12,0.600,0
0.464,25.43,15.12,0.600,0
0.464,25.43,15.09,0.600,0
0.464,25.43,15.09,0.600,0
0.464,25.43,15.09,0.600,0
0.465,25.43,15.05,0.600,0
0.465,25.43,15.05,0.600,0
0.465,25.43,15.05,0.600,0
0.466,25.43,15.05,0.600,0
0.466,25.43,15.02,0.600,0
0.466,25.43,15.02,0.600,0
0.466,25.43,15.02,0.600,0
0.466,25.43,15.02,0.600,0
0.467,25.43,14.99,0.600,0
0.467,25.43,14.99,0.600,0
0.467,25.43,14.99,0.600,0
0.467,25.43,14.99,0.600,0
0.468,25.43,14.99,0.600,0
0.468,25.43,14.96,0.600,0
0.468,25.43,14.96,0.600,0
0.468,25.43,14.96,0.600,0
0.469,25.43,14.96,0.600,0
0.469,25.43,14.92,0.600,0
0.469,25.43,14.92,0.600,0
0.469,25.43,14.92,0.600,0
0.469,25.43,14.92,0.600,0
0.470,25.43,14.89,0.600,0
0.470,25.43,14.89,0.600,0
0.470,25.43,14.89,0.600,0
0.470,25.43,14.89,0.600,0
0.471,25.43,14.89,0.600,0
0.471,25.43,14.86,0.600,0
0.471,25.43,14.86,0.600,0
0.471,25.43,14.86,0.600,0
0.472,25.43,14.86,0.600,0
0.472,25.43,14.83,0.600,0
0.472,25.43,14.83,0.600,0
0.472,25.43,14.83,0.600,0
0.473,25.43,14.83,0.600,0
0.473,25.43,14.79,0.600,0
0.473,25.43,14.79,0.600,0
0.473,25.43,14.79,0.600,0
0.474,25.43,14.79,0.600,0
0.474,25.43,14.76,0.600,0
0.474,25.43,14.76,0.600,0
0.474,25.43,14.76,0.600,0
0.475,25.43,14.76,0.600,0
0.475,25.43,14.73,0.600,0
0.475,25.43,14.73,0.600,0
0.475,25.43,14.73,0.600,0
0.475,25.43,14.73,0.600,0
0.476,25.43,14.73,0.600,0
0.476,25.43,14.70,0.600,0
0.476,25.43,14.70,0.600,0
0.477,25.43,14.70,0.600,0
0.477,25.43,14.66,0.600,0
0.477,25.43,14.66,0.600,0
0.477,25.43,14.66,0.600,0
0.478,25.43,14.66,0.600,0
0.478,25.43,14.63,0.600,0
0.478,25.43,14.63,0.600,0
0.478,25.43,14.63,0.600,0
0.479,25.43,14.60,0.600,0
0.479,25.43,14.60,0.600,0
0.479,25.43,14.60,0.600,0
0.480,25.43,14.60,0.600,0
0.480,25.43,14.57,0.600,0
0.480,25.43,14.57,0.600,0
0.480,25.43,14.57,0.600,0
0.480,25.43,14.57,0.600,0
0.481,25.43,14.57,0.600,0
0.481,25.43,14.53,0.600,0
0.481,25.43,14.53,0.600,0
0.481,25.43,14.53,0.600,0
0.482,25.43,14.53,0.600,0
0.482,25.43,14.50,0.600,0
0.482,25.43,14.50,0.600,0
0.482,25.43,14.50,0.600,0
0.482,25.43,14.50,0.600,0
0.483,25.43,14.47,0.600,0
0.483,25.43,14.47,0.600,0
0.483,25.43,14.47,0.600,0
0.484,25.43,14.47,0.600,0
0.484,25.43,14.44,0.600,0
0.484,25.43,14.44,0.600,0
0.484,25.43,14.44,0.600,0
0.485,25.43,14.44,0.600,0
0.485,25.43,14.40,0.600,0
0.485,25.43,14.40,0.600,0
0.485,25.43,14.40,0.600,0
0.486,25.43,14.40,0.600,0
0.486,25.43,14.37,0.600,0
0.486,25.43,14.37,0.600,0
0.486,25.43,14.37,0.600,0
0.487,25.43,14.37,0.600,0
0.487,25.43,14.34,0.600,0
0.487,25.43,14.34,0.600,0
0.487,25.43,14.34,0.600,0
0.488,25.43,14.34,0.600,0
0.488,25.43,14.31,0.600,0
0.488,25.43,14.31,0.600,0
0.488,25.43,14.31,0.600,0
0.488,25.43,14.31,0.600,0
0.489,25.43,14.31,0.600,0
0.489,25.43,14.27,0.600,0
0.489,25.43,14.27,0.600,0
0.489,25.43,14.27,0.600,0
0.490,25.43,14.27,0.600,0
0.490,25.43,14.24,0.600,0
0.490,25.43,14.24,0.600,0
0.490,25.43,14.24,0.600,0
0.491,25.43,14.24,0.600,0
0.491,25.43,14.21,0.600,0
0.491,25.43,14.21,0.600,0
0.492,25.43,14.21,0.600,0
0.492,25.43,14.18,0.600,0
0.492,25.43,14.18,0.600,0
0.492,25.43,14.18,0.600,0
0.493,25.43,14.14,0.600,0
0.493,25.43,14.14,0.600,0
0.493,25.43,14.14,0.600,0
0.493,25.43,14.14,0.600,0
0.494,25.43,14.11,0.600,0
0.494,25.43,14.11,0.600,0
0.494,25.43,14.11,0.600,0
0.494,25.43,14.11,0.600,0
0.495,25.43,14.11,0.600,0
0.495,25.43,14.08,0.600,0
0.495,25.43,14.08,0.600,0
0.495,25.43,14.08,0.600,0
0.496,25.43,14.08,0.600,0
0.496,25.43,14.05,0.600,0
0.496,25.43,14.05,0.600,0
0.496,25.43,14.05,0.600,0
0.497,25.43,14.05,0.600,0
0.497,25.43,14.01,0.600,0
0.497,25.43,14.01,0.600,0
0.497,25.43,14.01,0.600,0
0.498,25.43,13.98,0.600,0
0.498,25.43,13.98,0.600,0
0.498,25.43,13.98,0.600,0
0.498,25.43,13.98,0.600,0
0.499,25.43,13.98,0.600,0
0.499,25.43,13.95,0.600,0
0.499,25.43,13.95,0.600,0
0.500,25.43,13.95,0.600,0
0.500,25.43,13.92,0.600,0
0.500,25.43,13.92,0.600,0
0.500,25.43,13.92,0.600,0
0.500,25.43,13.92,0.600,0
0.501,25.43,13.92,0.600,0
0.501,25.43,13.88,0.600,0
0.501,25.43,13.88,0.600,0
0.501,25.43,13.88,0.600,0
0.502,25.43,13.88,0.600,0
0.502,25.43,13.85,0.600,0
0.502,25.43,13.85,0.600,0
0.502,25.43,13.85,0.600,0
0.503,25.43,13.85,0.600,0
0.503,25.43,13.82,0.600,0
0.503,25.43,13.82,0.600,0
0.503,25.43,13.82,0.600,0
0.503,25.43,13.82,0.600,0
0.504,25.43,13.82,0.600,0
0.504,25.43,13.79,0.600,0
0.504,25.43,13.79,0.600,0
0.504,25.43,13.79,0.600,0
0.505,25.43,13.79,0.600,0
0.505,25.43,13.75,0.600,0
0.505,25.43,13.75,0.600,0
0.505,25.43,13.75,0.600,0
0.506,25.43,13.75,0.600,0
0.506,25.43,13.72,0.600,0
0.506,25.43,13.72,0.600,0
0.506,25.43,13.72,0.600,0
0.507,25.43,13.72,0.600,0
0.507,25.43,13.69,0.600,0
0.507,25.43,13.69,0.600,0
0.507,25.43,13.69,0.600,0
0.508,25.43,13.69,0.600,0
0.508,25.43,13.66,0.600,0
0.508,25.43,13.66,0.600,0
0.508,25.43,13.66,0.600,0
0.508,25.43,13.66,0.600,0
0.509,25.43,13.66,0.600,0
0.509,25.43,13.62,0.600,0
0.509,25.43,13.62,0.600,0
0.509,25.43,13.62,0.600,0
0.510,25.43,13.62,0.600,0
0.510,25.43,13.59,0.600,0
0.510,25.43,13.59,0.600,0
0.510,25.43,13.59,0.600,0
0.511,25.43,13.59,0.600,0
0.511,25.43,13.56,0.600,0
0.511,25.43,13.56,0.600,0
0.511,25.43,13.56,0.600,0
0.512,25.43,13.56,0.600,0
0.512,25.43,13.53,0.600,0
0.512,25.43,13.53,0.600,0
0.513,25.43,13.53,0.600,0
0.513,25.43,13.49,0.600,0
0.513,25.43,13.49,0.600,0
0.513,25.43,13.49,0.600,0
0.514,25.43,13.49,0.600,0
0.514,25.43,13.46,0.600,0
0.514,25.43,13.46,0.600,0
0.514,25.43,13.46,0.600,0
0.515,25.43,13.46,0.600,0
0.515,25.43,13.43,0.600,0
0.515,25.43,13.43,0.600,0
0.515,25.43,13.43,0.600,0
0.515,25.43,13.43,0.600,0
0.516,25.43,13.43,0.600,0
0.516,25.43,13.40,0.600,0
0.516,25.43,13.40,0.600,0
0.516,25.43,13.40,0.600,0
0.517,25.43,13.40,0.600,0
0.517,25.43,13.37,0.600,0
0.517,25.43,13.37,0.600,0
0.517,25.43,13.37,0.600,0
0.518,25.43,13.37,0.600,0
0.518,25.43,13.33,0.600,0
0.518,25.43,13.33,0.600,0
0.518,25.43,13.33,0.600,0
0.519,25.43,13.33,0.600,0
0.519,25.43,13.33,0.600,0
0.519,25.43,13.30,0.600,0
0.519,25.43,13.30,0.600,0
0.519,25.43,13.30,0.600,0
0.520,25.43,13.27,0.600,0
0.520,25.43,13.27,0.600,0
0.520,25.43,13.27,0.600,0
0.521,25.43,13.27,0.600,0
0.521,25.43,13.24,0.600,0
0.521,25.43,13.24,0.600,0
0.521,25.43,13.24,0.600,0
0.522,25.43,13.24,0.600,0
0.522,25.43,13.20,0.600,0
0.522,25.43,13.20,0.600,0
0.522,25.43,13.20,0.600,0
0.522,25.43,13.20,0.600,0
0.523,25.43,13.20,0.600,0
0.523,25.43,13.17,0.600,0
0.523,25.43,13.17,0.600,0
0.523,25.43,13.17,0.600,0
0.524,25.43,13.17,0.600,0
0.524,25.43,13.14,0.600,0
0.524,25.43,13.14,0.600,0
0.524,25.43,13.14,0.600,0
0.525,25.43,13.14,0.600,0
0.525,25.43,13.10,0.600,0
0.525,25.43,13.10,0.600,0
0.526,25.43,13.10,0.600,0
0.526,25.43,13.07,0.600,0
0.526,25.43,13.07,0.600,0
0.526,25.43,13.07,0.600,0
0.527,25.43,13.07,0.600,0
0.527,25.43,13.04,0.600,0
0.527,25.43,13.04,0.600,0
0.528,25.43,13.04,0.600,0
0.528,25.43,13.01,0.600,0
0.528,25.43,13.01,0.600,0
0.528,25.43,13.01,0.600,0
0.529,25.43,13.01,0.600,0
0.529,25.43,12.97,0.600,0
0.529,25.43,12.97,0.600,0
0.529,25.43,12.97,0.600,0
0.530,25.43,12.97,0.600,0
0.530,25.43,12.94,0.600,0
0.530,25.43,12.94,0.600,0
0.530,25.43,12.94,0.600,0
0.531,25.43,12.94,0.600,0
0.531,25.43,12.91,0.600,0
0.531,25.43,12.91,0.600,0
0.531,25.43,12.91,0.600,0
0.532,25.43,12.91,0.600,0
0.532,25.43,12.88,0.600,0
0.532,25.43,12.88,0.600,0
0.532,25.43,12.88,0.600,0
0.533,25.43,12.88,0.600,0
0.533,25.43,12.84,0.600,0
0.533,25.43,12.84,0.600,0
0.533,25.43,12.84,0.600,0
0.534,25.43,12.81,0.600,0
0.534,25.43,12.81,0.600,0
0.534,25.43,12.81,0.600,0
0.534,25.43,12.81,0.600,0
0.535,25.43,12.81,0.600,0
0.535,25.43,12.78,0.600,0
0.535,25.43,12.78,0.600,0
0.535,25.43,12.78,0.600,0
0.536,25.43,12.78,0.600,0
0.536,25.43,12.75,0.600,0
0.536,25.43,12.75,0.600,0
0.536,25.43,12.75,0.600,0
0.537,25.43,12.75,0.600,0
0.537,25.43,12.75,0.600,0
0.537,25.43,12.71,0.600,0
0.537,25.43,12.71,0.600,0
0.537,25.43,12.71,0.600,0
0.538,25.43,12.71,0.600,0
0.538,25.43,12.68,0.600,0
0.538,25.43,12.68,0.600,0
0.538,25.43,12.68,0.600,0
0.539,25.43,12.68,0.600,0
0.539,25.43,12.65,0.600,0
0.539,25.43,12.65,0.600,0
0.539,25.43,12.65,0.600,0
0.540,25.43,12.65,0.600,0
0.540,25.43,12.62,0.600,0
0.540,25.43,12.62,0.600,0
0.541,25.43,12.62,0.600,0
0.541,25.43,12.58,0.600,0
0.541,25.43,12.58,0.600,0
0.541,25.43,12.58,0.600,0
0.542,25.43,12.58,0.600,0
0.542,25.43,12.55,0.600,0
0.542,25.43,12.55,0.600,0
0.542,25.43,12.55,0.600,0
0.542,25.43,12.55,0.600,0
0.543,25.43,12.55,0.600,0
0.543,25.43,12.52,0.600,0
0.543,25.43,12.52,0.600,0
0.543,25.43,12.52,0.600,0
0.544,25.43,12.52,0.600,0
0.544,25.43,12.49,0.600,0
0.544,25.43,12.49,0.600,0
0.544,25.43,12.49,0.600,0
0.545,25.43,12.49,0.600,0
0.545,25.43,12.49,0.600,0
0.545,25.43,12.45,0.600,0
0.545,25.43,12.45,0.600,0
0.545,25.43,12.45,0.600,0
0.546,25.43,12.45,0.600,0
0.546,25.43,12.42,0.600,0
0.546,25.43,12.42,0.600,0
0.546,25.43,12.42,0.600,0
0.547,25.43,12.42,0.600,0
0.547,25.43,12.39,0.600,0
0.547,25.43,12.39,0.600,0
0.548,25.43,12.39,0.600,0
0.548,25.43,12.36,0.600,0
0.548,25.43,12.36,0.600,0
0.548,25.43,12.36,0.600,0
0.549,25.43,12.36,0.600,0
0.549,25.43,12.32,0.600,0
0.549,25.43,12.32,0.600,0
0.549,25.43,12.32,0.600,0
0.549,25.43,12.32,0.600,0
0.550,25.43,12.32,0.600,0
0.550,25.43,12.29,0.600,0
0.550,25.43,12.29,0.600,0
0.550,25.43,12.29,0.600,0
0.550,25.43,12.29,0.600,0
0.551,25.43,12.29,0.600,0
0.551,25.43,12.26,0.600,0
0.551,25.43,12.26,0.600,0
0.551,25.43,12.26,0.600,0
0.552,25.43,12.26,0.600,0
0.552,25.43,12.26,0.600,0
0.552,25.43,12.23,0.600,0
0.552,25.43,12.23,0.600,0
0.553,25.43,12.23,0.600,0
0.553,25.43,12.23,0.600,0
0.553,25.43,12.19,0.600,0
0.553,25.43,12.19,0.600,0
0.554,25.43,12.19,0.600,0
0.554,25.43,12.16,0.600,0
0.554,25.43,12.16,0.600,0
0.554,25.43,12.16,0.600,0
0.555,25.43,12.16,0.600,0
0.555,25.43,12.13,0.600,0
0.555,25.43,12.13,0.600,0
0.555,25.43,12.13,0.600,0
0.556,25.43,12.13,0.600,0
0.556,25.43,12.10,0.600,0
0.556,25.43,12.10,0.600,0
0.556,25.43,12.10,0.600,0
0.557,25.43,12.10,0.600,0
0.557,25.43,12.06,0.600,0
0.557,25.43,12.06,0.600,0
0.557,25.43,12.06,0.600,0
0.558,25.43,12.06,0.600,0
0.558,25.43,12.06,0.600,0
0.558,25.43,12.03,0.600,0
0.558,25.43,12.03,0.600,0
0.559,25.43,12.03,0.600,0
0.559,25.43,12.03,0.600,0
0.559,25.43,12.00,0.600,0
0.559,25.43,12.00,0.600,0
0.560,25.43,12.00,0.600,0
0.560,25.43,11.97,0.600,0
0.560,25.43,11.97,0.600,0
0.560,25.43,11.97,0.600,0
0.561,25.43,11.97,0.600,0
0.561,25.43,11.93,0.600,0
0.561,25.43,11.93,0.600,0
0.562,25.43,11.93,0.600,0
0.562,25.43,11.90,0.600,0
0.562,25.43,11.90,0.600,0
0.563,25.43,11.90,0.600,0
0.563,25.43,11.87,0.600,0
0.563,25.43,11.87,0.600,0
0.563,25.43,11.87,0.600,0
0.564,25.43,11.87,0.600,0
0.564,25.43,11.87,0.600,0
0.564,25.43,11.84,0.600,0
0.564,25.43,11.84,0.600,0
0.564,25.43,11.84,0.600,0
0.565,25.43,11.84,0.600,0
0.565,25.43,11.80,0.600,0
0.565,25.43,11.80,0.600,0
0.565,25.43,11.80,0.600,0
0.566,25.43,11.80,0.600,0
0.566,25.43,11.77,0.600,0
0.566,25.43,11.77,0.600,0
0.566,25.43,11.77,0.600,0
0.567,25.43,11.77,0.600,0
0.567,25.43,11.74,0.600,0
0.567,25.43,11.74,0.600,0
0.567,25.43,11.74,0.600,0
0.568,25.43,11.74,0.600,0
0.568,25.43,11.71,0.600,0
0.568,25.43,11.71,0.600,0
0.568,25.43,11.71,0.600,0
0.569,25.43,11.71,0.600,0
0.569,25.43,11.67,0.600,0
0.569,25.43,11.67,0.600,0
0.569,25.43,11.67,0.600,0
0.570,25.43,11.67,0.600,0
0.570,25.43,11.64,0.600,0
0.570,25.43,11.64,0.600,0
0.570,25.43,11.64,0.600,0
0.571,25.43,11.64,0.600,0
0.571,25.43,11.61,0.600,0
0.571,25.43,11.61,0.600,0
0.571,25.43,11.61,0.600,0
0.571,25.43,11.61,0.600,0
0.572,25.43,11.61,0.600,0
0.572,25.43,11.58,0.600,0
0.572,25.43,11.58,0.600,0
0.572,25.43,11.58,0.600,0
0.573,25.43,11.58,0.600,0
0.573,25.43,11.54,0.600,0
0.573,25.43,11.54,0.600,0
0.573,25.43,11.54,0.600,0
0.574,25.43,11.54,0.600,0
0.574,25.43,11.54,0.600,0
0.574,25.43,11.51,0.600,0
0.574,25.43,11.51,0.600,0
0.575,25.43,11.51,0.600,0
0.575,25.43,11.51,0.600,0
0.575,25.43,11.48,0.600,0
0.575,25.43,11.48,0.600,0
0.576,25.43,11.48,0.600,0
0.576,25.43,11.48,0.600,0
0.576,25.43,11.45,0.600,0
0.576,25.43,11.45,0.600,0
0.576,25.43,11.45,0.600,0
0.577,25.43,11.45,0.600,0
0.577,25.43,11.41,0.600,0
0.577,25.43,11.41,0.600,0
0.577,25.43,11.41,0.600,0
0.578,25.43,11.41,0.600,0
0.578,25.43,11.38,0.600,0
0.578,25.43,11.38,0.600,0
0.578,25.43,11.38,0.600,0
0.579,25.43,11.38,0.600,0
0.579,25.43,11.38,0.600,0
0.579,25.43,11.35,0.600,0
0.579,25.43,11.35,0.600,0
0.579,25.43,11.35,0.600,0
0.580,25.43,11.35,0.600,0
0.580,25.43,11.32,0.600,0
0.580,25.43,11.32,0.600,0
0.580,25.43,11.32,0.600,0
0.581,25.43,11.32,0.600,0
0.581,25.43,11.28,0.600,0
0.581,25.43,11.28,0.600,0
0.581,25.43,11.28,0.600,0
0.582,25.43,11.28,0.600,0
0.582,25.43,11.25,0.600,0
0.582,25.43,11.25,0.600,0
0.582,25.43,11.25,0.600,0
0.583,25.43,11.25,0.600,0
0.583,25.43,11.22,0.600,0
0.583,25.43,11.22,0.600,0
0.583,25.43,11.22,0.600,0
0.584,25.43,11.22,0.600,0
0.584,25.43,11.22,0.600,0
0.584,25.43,11.19,0.600,0
0.584,25.43,11.19,0.600,0
0.584,25.43,11.19,0.600,0
0.585,25.43,11.19,0.600,0
0.585,25.43,11.15,0.600,0
0.585,25.43,11.15,0.600,0
0.585,25.43,11.15,0.600,0
0.586,25.43,11.15,0.600,0
0.586,25.43,11.15,0.600,0
0.586,25.43,11.12,0.600,0
0.586,25.43,11.12,0.600,0
0.587,25.43,11.12,0.600,0
0.587,25.43,11.12,0.600,0
0.587,25.43,11.09,0.600,0
0.587,25.43,11.09,0.600,0
0.587,25.43,11.09,0.600,0
0.588,25.43,11.09,0.600,0
0.588,25.43,11.06,0.600,0
0.588,25.43,11.06,0.600,0
0.588,25.43,11.06,0.600,0
0.589,25.43,11.06,0.600,0
0.589,25.43,11.02,0.600,0
0.589,25.43,11.02,0.600,0
0.590,25.43,11.02,0.600,0
0.590,25.43,10.99,0.600,0
0.590,25.43,10.99,0.600,0
0.590,25.43,10.99,0.600,0
0.591,25.43,10.99,0.600,0
0.591,25.43,10.99,0.600,0
0.591,25.43,10.96,0.600,0
0.591,25.43,10.96,0.600,0
0.591,25.43,10.96,0.600,0
0.592,25.43,10.96,0.600,0
0.592,25.43,10.93,0.600,0
0.592,25.43,10.93,0.600,0
0.592,25.43,10.93,0.600,0
0.593,25.43,10.93,0.600,0
0.593,25.43,10.89,0.600,0
0.593,25.43,10.89,0.600,0
0.593,25.43,10.89,0.600,0
0.594,25.43,10.89,0.600,0
0.594,25.43,10.89,0.600,0
0.594,25.43,10.86,0.600,0
0.594,25.43,10.86,0.600,0
0.595,25.43,10.86,0.600,0
0.595,25.43,10.86,0.600,0
0.595,25.43,10.83,0.600,0
0.595,25.43,10.83,0.600,0
0.595,25.43,10.83,0.600,0
0.596,25.43,10.83,0.600,0
0.596,25.43,10.80,0.600,0
0.597,25.43,10.80,0.600,0
0.597,25.43,10.76,0.600,0
0.597,25.43,10.76,0.600,0
0.598,25.43,10.76,0.600,0
0.598,25.43,10.73,0.600,0
0.598,25.43,10.73,0.600,0
0.598,25.43,10.73,0.600,0
0.599,25.43,10.73,0.600,0
0.599,25.43,10.73,0.600,0
0.599,25.43,10.70,0.600,0
0.599,25.43,10.70,0.600,0
0.600,25.43,10.70,0.600,0
0.600,25.43,10.67,0.600,0
0.600,25.43,10.67,0.600,0
0.600,25.43,10.67,0.600,0
0.601,25.43,10.67,0.600,0
0.601,25.43,10.63,0.600,0
0.601,25.43,10.63,0.600,0
0.601,25.43,10.63,0.600,0
0.602,25.43,10.63,0.600,0
0.602,25.43,10.60,0.600,0
0.602,25.43,10.60,0.600,0
0.602,25.43,10.60,0.600,0
0.603,25.43,10.60,0.600,0
0.603,25.43,10.57,0.600,0
0.603,25.43,10.57,0.600,0
0.603,25.43,10.57,0.600,0
0.604,25.43,10.57,0.600,0
0.604,25.43,10.54,0.600,0
0.604,25.43,10.54,0.600,0
0.604,25.43,10.54,0.600,0
0.605,25.43,10.54,0.600,0
0.605,25.43,10.54,0.600,0
0.605,25.43,10.50,0.600,0
0.605,25.43,10.50,0.600,0
0.605,25.43,10.50,0.600,0
0.606,25.43,10.50,0.600,0
0.606,25.43,10.47,0.600,0
0.606,25.43,10.47,0.600,0
0.606,25.43,10.47,0.600,0
0.607,25.43,10.47,0.600,0
0.607,25.43,10.44,0.600,0
0.607,25.43,10.44,0.600,0
0.607,25.43,10.44,0.600,0
0.608,25.43,10.44,0.600,0
0.608,25.43,10.41,0.600,0
0.608,25.43,10.41,0.600,0
0.608,25.43,10.41,0.600,0
0.608,25.43,10.41,0.600,0
0.609,25.43,10.41,0.600,0
0.609,25.43,10.37,0.600,0
0.609,25.43,10.37,0.600,0
0.609,25.43,10.37,0.600,0
0.610,25.43,10.37,0.600,0
0.610,25.43,10.34,0.600,0
0.610,25.43,10.34,0.600,0
0.611,25.43,10.34,0.600,0
0.611,25.43,10.31,0.600,0
0.611,25.43,10.31,0.600,0
0.611,25.43,10.31,0.600,0
0.612,25.43,10.31,0.600,0
0.612,25.43,10.31,0.600,0
0.612,25.43,10.28,0.600,0
0.612,25.43,10.28,0.600,0
0.612,25.43,10.28,0.600,0
0.613,25.43,10.28,0.600,0
0.613,25.43,10.24,0.600,0
0.613,25.43,10.24,0.600,0
0.613,25.43,10.24,0.600,0
0.614,25.43,10.24,0.600,0
0.614,25.43,10.24,0.600,0
0.614,25.43,10.21,0.600,0
0.614,25.43,10.21,0.600,0
0.615,25.43,10.21,0.600,0
0.615,25.43,10.21,0.600,0
0.615,25.43,10.18,0.600,0
0.615,25.43,10.18,0.600,0
0.616,25.43,10.18,0.600,0
0.616,25.43,10.18,0.600,0
0.616,25.43,10.14,0.600,0
0.616,25.43,10.14,0.600,0
0.617,25.43,10.14,0.600,0
0.617,25.43,10.14,0.600,0
0.617,25.43,10.11,0.600,0
0.617,25.43,10.11,0.600,0
0.618,25.43,10.11,0.600,0
0.618,25.43,10.11,0.600,0
0.618,25.43,10.08,0.600,0
0.618,25.43,10.08,0.600,0
0.618,25.43,10.08,0.600,0
0.619,25.43,10.08,0.600,0
0.619,25.43,10.05,0.600,0
0.619,25.43,10.05,0.600,0
0.619,25.43,10.05,0.600,0
0.620,25.43,10.05,0.600,0
0.620,25.43,10.05,0.600,0
0.620,25.43,10.01,0.600,0
0.620,25.43,10.01,0.600,0
0.621,25.43,10.01,0.600,0
0.621,25.43,10.01,0.600,0
0.621,25.43,9.98,0.600,0
0.621,25.43,9.98,0.600,0
0.621,25.43,9.98,0.600,0
0.622,25.43,9.98,0.600,0
0.622,25.43,9.95,0.600,0
0.622,25.43,9.95,0.600,0
0.622,25.43,9.95,0.600,0
0.623,25.43,9.95,0.600,0
0.623,25.43,9.92,0.600,0
0.623,25.43,9.92,0.600,0
0.624,25.43,9.92,0.600,0
0.624,25.43,9.88,0.600,0
0.624,25.43,9.88,0.600,0
0.624,25.43,9.88,0.600,0
0.625,25.43,9.88,0.600,0
0.625,25.43,9.85,0.600,0
0.625,25.43,9.85,0.600,0
0.626,25.43,9.85,0.600,0
0.626,25.43,9.85,0.600,0
0.626,25.43,9.82,0.600,0
0.626,25.43,9.82,0.600,0
0.627,25.43,9.82,0.600,0
0.627,25.43,9.79,0.600,0
0.627,25.43,9.79,0.600,0
0.627,25.43,9.79,0.600,0
0.628,25.43,9.79,0.600,0
0.628,25.43,9.75,0.600,0
0.628,25.43,9.75,0.600,0
0.628,25.43,9.75,0.600,0
0.629,25.43,9.75,0.600,0
0.629,25.43,9.72,0.600,0
0.629,25.43,9.72,0.600,0
0.629,25.43,9.72,0.600,0
0.630,25.43,9.72,0.600,0
0.630,25.43,9.69,0.600,0
0.630,25.43,9.69,0.600,0
0.631,25.43,9.69,0.600,0
0.631,25.43,9.66,0.600,0
0.631,25.43,9.66,0.600,0
0.632,25.43,9.66,0.600,0
0.632,25.43,9.62,0.600,0
0.632,25.43,9.62,0.600,0
0.633,25.43,9.62,0.600,0
0.633,25.43,9.62,0.600,0
0.633,25.43,9.59,0.600,0
0.633,25.43,9.59,0.600,0
0.634,25.43,9.59,0.600,0
0.634,25.43,9.59,0.600,0
0.634,25.43,9.56,0.600,0
0.634,25.43,9.56,0.600,0
0.634,25.43,9.56,0.600,0
0.635,25.43,9.56,0.600,0
0.635,25.43,9.53,0.600,0
0.635,25.43,9.53,0.600,0
0.635,25.43,9.53,0.600,0
0.636,25.43,9.53,0.600,0
0.636,25.43,9.49,0.600,0
0.636,25.43,9.49,0.600,0
0.636,25.43,9.49,0.600,0
0.637,25.43,9.49,0.600,0
0.637,25.43,9.49,0.600,0
0.637,25.43,9.46,0.600,0
0.637,25.43,9.46,0.600,0
0.638,25.43,9.46,0.600,0
0.638,25.43,9.43,0.600,0
0.638,25.43,9.43,0.600,0
0.639,25.43,9.43,0.600,0
0.639,25.43,9.40,0.600,0
0.639,25.43,9.40,0.600,0
0.639,25.43,9.40,0.600,0
0.640,25.43,9.40,0.600,0
0.640,25.43,9.36,0.600,0
0.640,25.43,9.36,0.600,0
0.641,25.43,9.36,0.600,0
0.641,25.43,9.33,0.600,0
0.641,25.43,9.33,0.600,0
0.641,25.43,9.33,0.600,0
0.642,25.43,9.33,0.600,0
0.642,25.43,9.33,0.600,0
0.642,25.43,9.30,0.600,0
0.642,25.43,9.30,0.600,0
0.643,25.43,9.30,0.600,0
0.643,25.43,9.27,0.600,0
0.644,25.43,9.27,0.600,0
0.644,25.43,9.23,0.600,0
0.644,25.43,9.23,0.600,0
0.645,25.43,9.23,0.600,0
0.645,25.43,9.20,0.600,0
0.645,25.43,9.20,0.600,0
0.646,25.43,9.20,0.600,0
0.646,25.43,9.20,0.600,0
0.646,25.43,9.17,0.600,0
0.646,25.43,9.17,0.600,0
0.647,25.43,9.17,0.600,0
0.647,25.43,9.14,0.600,0
0.647,25.43,9.14,0.600,0
0.648,25.43,9.14,0.600,0
0.648,25.43,9.14,0.600,0
0.648,25.43,9.10,0.600,0
0.648,25.43,9.10,0.600,0
0.649,25.43,9.10,0.600,0
0.649,25.43,9.10,0.600,0
0.649,25.43,9.07,0.600,0
0.649,25.43,9.07,0.600,0
0.649,25.43,9.07,0.600,0
0.650,25.43,9.07,0.600,0
0.650,25.43,9.04,0.600,0
0.650,25.43,9.04,0.600,0
0.650,25.43,9.04,0.600,0
0.651,25.43,9.04,0.600,0
0.651,25.43,9.01,0.600,0
0.651,25.43,9.01,0.600,0
0.651,25.43,9.01,0.600,0
0.652,25.43,9.01,0.600,0
0.652,25.43,8.97,0.600,0
0.652,25.43,8.97,0.600,0
0.653,25.43,8.97,0.600,0
0.653,25.43,8.97,0.600,0
0.653,25.43,8.94,0.600,0
0.653,25.43,8.94,0.600,0
0.654,25.43,8.94,0.600,0
0.654,25.43,8.91,0.600,0
0.654,25.43,8.91,0.600,0
0.654,25.43,8.91,0.600,0
0.655,25.43,8.91,0.600,0
0.655,25.43,8.91,0.600,0
0.655,25.43,8.88,0.600,0
0.655,25.43,8.88,0.600,0
0.656,25.43,8.88,0.600,0
0.656,25.43,8.88,0.600,0
0.656,25.43,8.84,0.600,0
0.656,25.43,8.84,0.600,0
0.656,25.43,8.84,0.600,0
0.657,25.43,8.84,0.600,0
0.657,25.43,8.81,0.600,0
0.657,25.43,8.81,0.600,0
0.657,25.43,8.81,0.600,0
0.658,25.43,8.81,0.600,0
0.658,25.43,8.78,0.600,0
0.658,25.43,8.78,0.600,0
0.658,25.43,8.78,0.600,0
0.659,25.43,8.78,0.600,0
0.659,25.43,8.78,0.600,0
0.659,25.43,8.75,0.600,0
0.660,25.43,8.75,0.600,0
0.660,25.43,8.75,0.600,0
0.660,25.43,8.71,0.600,0
0.660,25.43,8.71,0.600,0
0.660,25.43,8.71,0.600,0
0.661,25.43,8.71,0.600,0
0.661,25.43,8.68,0.600,0
0.661,25.43,8.68,0.600,0
0.661,25.43,8.68,0.600,0
0.662,25.43,8.68,0.600,0
0.662,25.43,8.65,0.600,0
0.662,25.43,8.65,0.600,0
0.662,25.43,8.65,0.600,0
0.663,25.43,8.65,0.600,0
0.663,25.43,8.65,0.600,0
0.663,25.43,8.62,0.600,0
0.663,25.43,8.62,0.600,0
0.664,25.43,8.62,0.600,0
0.664,25.43,8.62,0.600,0
0.664,25.43,8.58,0.600,0
0.664,25.43,8.58,0.600,0
0.665,25.43,8.58,0.600,0
0.665,25.43,8.58,0.600,0
0.665,25.43,8.55,0.600,0
0.665,25.43,8.55,0.600,0
0.666,25.43,8.55,0.600,0
0.666,25.43,8.52,0.600,0
0.666,25.43,8.52,0.600,0
0.667,25.43,8.52,0.600,0
0.667,25.43,8.52,0.600,0
0.667,25.43,8.48,0.600,0
0.667,25.43,8.48,0.600,0
0.667,25.43,8.48,0.600,0
0.668,25.43,8.48,0.600,0
0.668,25.43,8.45,0.600,0
0.668,25.43,8.45,0.600,0
0.668,25.43,8.45,0.600,0
0.669,25.43,8.45,0.600,0
0.669,25.43,8.42,0.600,0
0.669,25.43,8.42,0.600,0
0.669,25.43,8.42,0.600,0
0.670,25.43,8.42,0.600,0
0.670,25.43,8.39,0.600,0
0.670,25.43,8.39,0.600,0
0.670,25.43,8.39,0.600,0
0.671,25.43,8.39,0.600,0
0.671,25.43,8.39,0.600,0
0.671,25.43,8.35,0.600,0
0.671,25.43,8.35,0.600,0
0.672,25.43,8.35,0.600,0
0.672,25.43,8.35,0.600,0
0.672,25.43,8.32,0.600,0
0.672,25.43,8.32,0.600,0
0.672,25.43,8.32,0.600,0
0.673,25.43,8.32,0.600,0
0.673,25.43,8.29,0.600,0
0.673,25.43,8.29,0.600,0
0.673,25.43,8.29,0.600,0
0.674,25.43,8.29,0.600,0
0.674,25.43,8.26,0.600,0
0.674,25.43,8.26,0.600,0
0.674,25.43,8.26,0.600,0
0.675,25.43,8.26,0.600,0
0.675,25.43,8.26,0.600,0
0.675,25.43,8.22,0.600,0
0.675,25.43,8.22,0.600,0
0.676,25.43,8.22,0.600,0
0.676,25.43,8.22,0.600,0
0.676,25.43,8.19,0.600,0
0.676,25.43,8.19,0.600,0
0.676,25.43,8.19,0.600,0
0.677,25.43,8.19,0.600,0
0.677,25.43,8.16,0.600,0
0.677,25.43,8.16,0.600,0
0.677,25.43,8.16,0.600,0
0.678,25.43,8.16,0.600,0
0.678,25.43,8.16,0.600,0
0.678,25.43,8.13,0.600,0
0.678,25.43,8.13,0.600,0
0.678,25.43,8.13,0.600,0
0.679,25.43,8.13,0.600,0
0.679,25.43,8.09,0.600,0
0.679,25.43,8.09,0.600,0
0.679,25.43,8.09,0.600,0
0.680,25.43,8.09,0.600,0
0.680,25.43,8.09,0.600,0
0.680,25.43,8.06,0.600,0
0.680,25.43,8.06,0.600,0
0.681,25.43,8.06,0.600,0
0.681,25.43,8.06,0.600,0
0.681,25.43,8.03,0.600,0
0.681,25.43,8.03,0.600,0
0.682,25.43,8.03,0.600,0
0.682,25.43,8.03,0.600,0
0.682,25.43,8.00,0.600,0
0.682,25.43,8.00,0.600,0
0.682,25.43,8.00,0.600,0
0.683,25.43,8.00,0.600,0
0.683,25.43,7.96,0.600,0
0.683,25.43,7.96,0.600,0
0.683,25.43,7.96,0.600,0
0.684,25.43,7.96,0.600,0
0.684,25.43,7.93,0.600,0
0.684,25.43,7.93,0.600,0
0.684,25.43,7.93,0.600,0
0.685,25.43,7.93,0.600,0
0.685,25.43,7.93,0.600,0
0.685,25.43,7.90,0.600,0
0.685,25.43,7.90,0.600,0
0.686,25.43,7.90,0.600,0
0.686,25.43,7.90,0.600,0
0.686,25.43,7.87,0.600,0
0.686,25.43,7.87,0.600,0
0.687,25.43,7.87,0.600,0
0.687,25.43,7.87,0.600,0
0.687,25.43,7.83,0.600,0
0.687,25.43,7.83,0.600,0
0.688,25.43,7.83,0.600,0
0.688,25.43,7.83,0.600,0
0.688,25.43,7.80,0.600,0
0.688,25.43,7.80,0.600,0
0.689,25.43,7.80,0.600,0
0.689,25.43,7.80,0.600,0
0.689,25.43,7.77,0.600,0
0.689,25.43,7.77,0.600,0
0.689,25.43,7.77,0.600,0
0.690,25.43,7.77,0.600,0
0.690,25.43,7.74,0.600,0
0.690,25.43,7.74,0.600,0
0.690,25.43,7.74,0.600,0
0.691,25.43,7.74,0.600,0
0.691,25.43,7.74,0.600,0
0.691,25.43,7.70,0.600,0
0.691,25.43,7.70,0.600,0
0.692,25.43,7.70,0.600,0
0.692,25.43,7.70,0.600,0
0.692,25.43,7.67,0.600,0
0.692,25.43,7.67,0.600,0
0.693,25.43,7.67,0.600,0
0.693,25.43,7.64,0.600,0
0.693,25.43,7.64,0.600,0
0.693,25.43,7.64,0.600,0
0.694,25.43,7.64,0.600,0
0.694,25.43,7.61,0.600,0
0.694,25.43,7.61,0.600,0
0.694,25.43,7.61,0.600,0
0.695,25.43,7.61,0.600,0
0.695,25.43,7.57,0.600,0
0.695,25.43,7.57,0.600,0
0.695,25.43,7.57,0.600,0
0.696,25.43,7.57,0.600,0
0.696,25.43,7.54,0.600,0
0.696,25.43,7.54,0.600,0
0.696,25.43,7.54,0.600,0
0.697,25.43,7.54,0.600,0
0.697,25.43,7.54,0.600,0
0.697,25.43,7.51,0.600,0
0.697,25.43,7.51,0.600,0
0.698,25.43,7.51,0.600,0
0.698,25.43,7.51,0.600,0
0.698,25.43,7.48,0.600,0
0.698,25.43,7.48,0.600,0
0.699,25.43,7.48,0.600,0
0.699,25.43,7.48,0.600,0
0.699,25.43,7.44,0.600,0
0.699,25.43,7.44,0.600,0
0.699,25.43,7.44,0.600,0
0.700,25.43,7.44,0.600,0
0.700,25.43,7.41,0.600,0
0.700,25.43,7.41,0.600,0
0.701,25.43,7.41,0.600,0
0.701,25.43,7.41,0.600,0
0.701,25.43,7.38,0.600,0
0.701,25.43,7.38,0.600,0
0.701,25.43,7.38,0.600,0
0.702,25.43,7.38,0.600,0
0.702,25.43,7.35,0.600,0
0.702,25.43,7.35,0.600,0
0.702,25.43,7.35,0.600,0
0.703,25.43,7.35,0.600,0
0.703,25.43,7.35,0.600,0
0.703,25.43,7.31,0.600,0
0.703,25.43,7.31,0.600,0
0.704,25.43,7.31,0.600,0
0.704,25.43,7.31,0.600,0
0.704,25.43,7.28,0.600,0
0.704,25.43,7.28,0.600,0
0.704,25.43,7.28,0.600,0
0.705,25.43,7.28,0.600,0
0.705,25.43,7.28,0.600,0
0.705,25.43,7.25,0.600,0
0.705,25.43,7.25,0.600,0
0.706,25.43,7.25,0.600,0
0.706,25.43,7.25,0.600,0
0.706,25.43,7.21,0.600,0
0.706,25.43,7.21,0.600,0
0.706,25.43,7.21,0.600,0
0.707,25.43,7.21,0.600,0
0.707,25.43,7.18,0.600,0
0.707,25.43,7.18,0.600,0
0.707,25.43,7.18,0.600,0
0.708,25.43,7.18,0.600,0
0.708,25.43,7.18,0.600,0
0.708,25.43,7.15,0.600,0
0.708,25.43,7.15,0.600,0
0.709,25.43,7.15,0.600,0
0.709,25.43,7.15,0.600,0
0.709,25.43,7.12,0.600,0
0.709,25.43,7.12,0.600,0
0.709,25.43,7.12,0.600,0
0.710,25.43,7.12,0.600,0
0.710,25.43,7.08,0.600,0
0.710,25.43,7.08,0.600,0
0.710,25.43,7.08,0.600,0
0.711,25.43,7.08,0.600,0
0.711,25.43,7.05,0.600,0
0.711,25.43,7.05,0.600,0
0.711,25.43,7.05,0.600,0
0.712,25.43,7.05,0.600,0
0.712,25.43,7.05,0.600,0
0.712,25.43,7.02,0.600,0
0.712,25.43,7.02,0.600,0
0.712,25.43,7.02,0.600,0
0.713,25.43,7.02,0.600,0
0.713,25.43,6.99,0.600,0
0.713,25.43,6.99,0.600,0
0.713,25.43,6.99,0.600,0
0.714,25.43,6.99,0.600,0
0.714,25.43,6.99,0.600,0
0.714,25.43,6.95,0.600,0
0.714,25.43,6.95,0.600,0
0.715,25.43,6.95,0.600,0
0.715,25.43,6.92,0.600,0
0.715,25.43,6.92,0.600,0
0.715,25.43,6.92,0.600,0
0.716,25.43,6.92,0.600,0
0.716,25.43,6.92,0.600,0
0.716,25.43,6.89,0.600,0
0.716,25.43,6.89,0.600,0
0.717,25.43,6.89,0.600,0
0.717,25.43,6.89,0.600,0
0.717,25.43,6.86,0.600,0
0.717,25.43,6.86,0.600,0
0.718,25.43,6.86,0.600,0
0.718,25.43,6.86,0.600,0
0.718,25.43,6.82,0.600,0
0.718,25.43,6.82,0.600,0
0.719,25.43,6.82,0.600,0
0.719,25.43,6.82,0.600,0
0.719,25.43,6.79,0.600,0
0.719,25.43,6.79,0.600,0
0.719,25.43,6.79,0.600,0
0.720,25.43,6.79,0.600,0
0.720,25.43,6.76,0.600,0
0.720,25.43,6.76,0.600,0
0.720,25.43,6.76,0.600,0
0.721,25.43,6.76,0.600,0
0.721,25.43,6.73,0.600,0
0.721,25.43,6.73,0.600,0
0.721,25.43,6.73,0.600,0
0.722,25.43,6.73,0.600,0
0.722,25.43,6.69,0.600,0
0.722,25.43,6.69,0.600,0
0.722,25.43,6.69,0.600,0
0.723,25.43,6.69,0.600,0
0.723,25.43,6.69,0.600,0
0.723,25.43,6.66,0.600,0
0.723,25.43,6.66,0.600,0
0.723,25.43,6.66,0.600,0
0.724,25.43,6.66,0.600,0
0.724,25.43,6.66,0.600,0
0.724,25.43,6.63,0.600,0
0.724,25.43,6.63,0.600,0
0.725,25.43,6.63,0.600,0
0.725,25.43,6.63,0.600,0
0.725,25.43,6.60,0.600,0
0.725,25.43,6.60,0.600,0
0.726,25.43,6.60,0.600,0
0.726,25.43,6.60,0.600,0
0.726,25.43,6.56,0.600,0
0.726,25.43,6.56,0.600,0
0.726,25.43,6.56,0.600,0
0.727,25.43,6.56,0.600,0
0.727,25.43,6.53,0.600,0
0.727,25.43,6.53,0.600,0
0.727,25.43,6.53,0.600,0
0.728,25.43,6.53,0.600,0
0.728,25.43,6.50,0.600,0
0.728,25.43,6.50,0.600,0
0.728,25.43,6.50,0.600,0
0.729,25.43,6.50,0.600,0
0.729,25.43,6.50,0.600,0
0.729,25.43,6.47,0.600,0
0.729,25.43,6.47,0.600,0
0.730,25.43,6.47,0.600,0
0.730,25.43,6.47,0.600,0
0.730,25.43,6.43,0.600,0
0.730,25.43,6.43,0.600,0
0.730,25.43,6.43,0.600,0
0.731,25.43,6.43,0.600,0
0.731,25.43,6.40,0.600,0
0.731,25.43,6.40,0.600,0
0.731,25.43,6.40,0.600,0
0.732,25.43,6.40,0.600,0
0.732,25.43,6.37,0.600,0
0.732,25.43,6.37,0.600,0
0.732,25.43,6.37,0.600,0
0.733,25.43,6.37,0.600,0
0.733,25.43,6.37,0.600,0
0.733,25.43,6.34,0.600,0
0.733,25.43,6.34,0.600,0
0.733,25.43,6.34,0.600,0
0.734,25.43,6.34,0.600,0
0.734,25.43,6.30,0.600,0
0.734,25.43,6.30,0.600,0
0.734,25.43,6.30,0.600,0
0.735,25.43,6.30,0.600,0
0.735,25.43,6.30,0.600,0
0.735,25.43,6.27,0.600,0
0.735,25.43,6.27,0.600,0
0.735,25.43,6.27,0.600,0
0.736,25.43,6.27,0.600,0
0.736,25.43,6.24,0.600,0
0.736,25.43,6.24,0.600,0
0.736,25.43,6.24,0.600,0
0.737,25.43,6.24,0.600,0
0.737,25.43,6.24,0.600,0
0.737,25.43,6.21,0.600,0
0.737,25.43,6.21,0.600,0
0.738,25.43,6.21,0.600,0
0.738,25.43,6.21,0.600,0
0.738,25.43,6.17,0.600,0
0.738,25.43,6.17,0.600,0
0.738,25.43,6.17,0.600,0
0.739,25.43,6.17,0.600,0
0.739,25.43,6.14,0.600,0
0.739,25.43,6.14,0.600,0
0.739,25.43,6.14,0.600,0
0.740,25.43,6.14,0.600,0
0.740,25.43,6.14,0.600,0
0.740,25.43,6.11,0.600,0
0.740,25.43,6.11,0.600,0
0.741,25.43,6.11,0.600,0
0.741,25.43,6.11,0.600,0
0.741,25.43,6.07,0.600,0
0.741,25.43,6.07,0.600,0
0.741,25.43,6.07,0.600,0
0.742,25.43,6.07,0.600,0
0.742,25.43,6.04,0.600,0
0.742,25.43,6.04,0.600,0
0.742,25.43,6.04,0.600,0
0.743,25.43,6.04,0.600,0
0.743,25.43,6.01,0.600,0
0.743,25.43,6.01,0.600,0
0.743,25.43,6.01,0.600,0
0.744,25.43,6.01,0.600,0
0.744,25.43,6.01,0.600,0
0.744,25.43,5.98,0.600,0
0.744,25.43,5.98,0.600,0
0.745,25.43,5.98,0.600,0
0.745,25.43,5.98,0.600,0
0.745,25.43,5.94,0.600,0
0.745,25.43,5.94,0.600,0
0.745,25.43,5.94,0.600,0
0.746,25.43,5.94,0.600,0
0.746,25.43,5.91,0.600,0
0.746,25.43,5.91,0.600,0
0.746,25.43,5.91,0.600,0
0.747,25.43,5.91,0.600,0
0.747,25.43,5.91,0.600,0
0.747,25.43,5.88,0.600,0
0.747,25.43,5.88,0.600,0
0.748,25.43,5.88,0.600,0
0.748,25.43,5.88,0.600,0
0.748,25.43,5.85,0.600,0
0.748,25.43,5.85,0.600,0
0.749,25.43,5.85,0.600,0
0.749,25.43,5.85,0.600,0
0.749,25.43,5.81,0.600,0
0.749,25.43,5.81,0.600,0
0.750,25.43,5.81,0.600,0
0.750,25.43,5.81,0.600,0
0.750,25.43,5.78,0.600,0
0.750,25.43,5.78,0.600,0
0.750,25.43,5.78,0.600,0
0.751,25.43,5.78,0.600,0
0.751,25.43,5.75,0.600,0
0.751,25.43,5.75,0.600,0
0.751,25.43,5.75,0.600,0
0.752,25.43,5.75,0.600,0
0.752,25.43,5.75,0.600,0
0.752,25.43,5.72,0.600,0
0.752,25.43,5.72,0.600,0
0.753,25.43,5.72,0.600,0
0.753,25.43,5.72,0.600,0
0.753,25.43,5.68,0.600,0
0.753,25.43,5.68,0.600,0
0.753,25.43,5.68,0.600,0
0.754,25.43,5.68,0.600,0
0.754,25.43,5.68,0.600,0
0.754,25.43,5.65,0.600,0
0.754,25.43,5.65,0.600,0
0.755,25.43,5.65,0.600,0
0.755,25.43,5.65,0.600,0
0.755,25.43,5.62,0.600,0
0.755,25.43,5.62,0.600,0
0.756,25.43,5.62,0.600,0
0.756,25.43,5.62,0.600,0
0.756,25.43,5.59,0.600,0
0.756,25.43,5.59,0.600,0
0.757,25.43,5.59,0.600,0
0.757,25.43,5.59,0.600,0
0.757,25.43,5.55,0.600,0
0.757,25.43,5.55,0.600,0
0.757,25.43,5.55,0.600,0
0.758,25.43,5.55,0.600,0
0.758,25.43,5.52,0.600,0
0.758,25.43,5.52,0.600,0
0.758,25.43,5.52,0.600,0
0.759,25.43,5.52,0.600,0
0.759,25.43,5.52,0.600,0
0.759,25.43,5.49,0.600,0
0.759,25.43,5.49,0.600,0
0.759,25.43,5.49,0.600,0
0.760,25.43,5.49,0.600,0
0.760,25.43,5.46,0.600,0
0.760,25.43,5.46,0.600,0
0.760,25.43,5.46,0.600,0
0.761,25.43,5.46,0.600,0
0.761,25.43,5.42,0.600,0
0.761,25.43,5.42,0.600,0
0.761,25.43,5.42,0.600,0
0.762,25.43,5.42,0.600,0
0.762,25.43,5.42,0.600,0
0.762,25.43,5.39,0.600,0
0.762,25.43,5.39,0.600,0
0.763,25.43,5.39,0.600,0
0.763,25.43,5.39,0.600,0
0.763,25.43,5.36,0.600,0
0.763,25.43,5.36,0.600,0
0.764,25.43,5.36,0.600,0
0.764,25.43,5.36,0.600,0
0.764,25.43,5.33,0.600,0
0.764,25.43,5.33,0.600,0
0.764,25.43,5.33,0.600,0
0.765,25.43,5.33,0.600,0
0.765,25.43,5.33,0.600,0
0.765,25.43,5.29,0.600,0
0.765,25.43,5.29,0.600,0
0.766,25.43,5.29,0.600,0
0.766,25.43,5.29,0.600,0
0.766,25.43,5.26,0.600,0
0.766,25.43,5.26,0.600,0
0.767,25.43,5.26,0.600,0
0.767,25.43,5.26,0.600,0
0.767,25.43,5.23,0.600,0
0.767,25.43,5.23,0.600,0
0.767,25.43,5.23,0.600,0
0.768,25.43,5.23,0.600,0
0.768,25.43,5.23,0.600,0
0.768,25.43,5.20,0.600,0
0.769,25.43,5.20,0.600,0
0.769,25.43,5.20,0.600,0
0.769,25.43,5.16,0.600,0
0.769,25.43,5.16,0.600,0
0.770,25.43,5.16,0.600,0
0.770,25.43,5.16,0.600,0
0.770,25.43,5.13,0.600,0
0.770,25.43,5.13,0.600,0
0.771,25.43,5.13,0.600,0
0.771,25.43,5.13,0.600,0
0.771,25.43,5.10,0.600,0
0.771,25.43,5.10,0.600,0
0.772,25.43,5.10,0.600,0
0.772,25.43,5.10,0.600,0
0.772,25.43,5.06,0.600,0
0.772,25.43,5.06,0.600,0
0.773,25.43,5.06,0.600,0
0.773,25.43,5.06,0.600,0
0.773,25.43,5.03,0.600,0
0.773,25.43,5.03,0.600,0
0.773,25.43,5.03,0.600,0
0.774,25.43,5.03,0.600,0
0.774,25.43,5.00,0.600,0
0.774,25.43,5.00,0.600,0
0.774,25.43,5.00,0.600,0
0.775,25.43,5.00,0.600,0
0.775,25.43,5.00,0.600,0
0.775,25.43,4.97,0.600,0
0.775,25.43,4.97,0.600,0
0.776,25.43,4.97,0.600,0
0.776,25.43,4.97,0.600,0
0.776,25.43,4.93,0.600,0
0.777,25.43,4.93,0.600,0
0.777,25.43,4.93,0.600,0
0.777,25.43,4.90,0.600,0
0.777,25.43,4.90,0.600,0
0.778,25.43,4.90,0.600,0
0.778,25.43,4.90,0.600,0
0.778,25.43,4.87,0.600,0
0.778,25.43,4.87,0.600,0
0.779,25.43,4.87,0.600,0
0.779,25.43,4.87,0.600,0
0.779,25.43,4.84,0.600,0
0.779,25.43,4.84,0.600,0
0.779,25.43,4.84,0.600,0
0.780,25.43,4.84,0.600,0
0.780,25.43,4.84,0.600,0
0.780,25.43,4.80,0.600,0
0.780,25.43,4.80,0.600,0
0.781,25.43,4.80,0.600,0
0.781,25.43,4.80,0.600,0
0.781,25.43,4.77,0.600,0
0.781,25.43,4.77,0.600,0
0.781,25.43,4.77,0.600,0
0.782,25.43,4.77,0.600,0
0.782,25.43,4.74,0.600,0
0.782,25.43,4.74,0.600,0
0.783,25.43,4.74,0.600,0
0.783,25.43,4.74,0.600,0
0.783,25.43,4.71,0.600,0
0.784,25.43,4.71,0.600,0
0.784,25.43,4.67,0.600,0
0.784,25.43,4.67,0.600,0
0.784,25.43,4.67,0.600,0
0.785,25.43,4.67,0.600,0
0.785,25.43,4.64,0.600,0
0.785,25.43,4.64,0.600,0
0.785,25.43,4.64,0.600,0
0.786,25.43,4.64,0.600,0
0.786,25.43,4.64,0.600,0
0.786,25.43,4.61,0.600,0
0.786,25.43,4.61,0.600,0
0.787,25.43,4.61,0.600,0
0.787,25.43,4.61,0.600,0
0.787,25.43,4.58,0.600,0
0.787,25.43,4.58,0.600,0
0.788,25.43,4.58,0.600,0
0.788,25.43,4.58,0.600,0
0.788,25.43,4.54,0.600,0
0.788,25.43,4.54,0.600,0
0.788,25.43,4.54,0.600,0
0.789,25.43,4.54,0.600,0
0.789,25.43,4.54,0.600,0
0.789,25.43,4.51,0.600,0
0.790,25.43,4.51,0.600,0
0.790,25.43,4.51,0.600,0
0.790,25.43,4.48,0.600,0
0.790,25.43,4.48,0.600,0
0.791,25.43,4.48,0.600,0
0.791,25.43,4.48,0.600,0
0.791,25.43,4.45,0.600,0
0.791,25.43,4.45,0.600,0
0.792,25.43,4.45,0.600,0
0.792,25.43,4.45,0.600,0
0.792,25.43,4.41,0.600,0
0.792,25.43,4.41,0.600,0
0.793,25.43,4.41,0.600,0
0.793,25.43,4.41,0.600,0
0.793,25.43,4.38,0.600,0
0.793,25.43,4.38,0.600,0
0.794,25.43,4.38,0.600,0
0.794,25.43,4.38,0.600,0
0.794,25.43,4.35,0.600,0
0.794,25.43,4.35,0.600,0
0.794,25.43,4.35,0.600,0
0.795,25.43,4.35,0.600,0
0.795,25.43,4.35,0.600,0
0.795,25.43,4.32,0.600,0
0.795,25.43,4.32,0.600,0
0.796,25.43,4.32,0.600,0
0.796,25.43,4.32,0.600,0
0.796,25.43,4.28,0.600,0
0.796,25.43,4.28,0.600,0
0.797,25.43,4.28,0.600,0
0.797,25.43,4.28,0.600,0
0.797,25.43,4.25,0.600,0
0.798,25.43,4.25,0.600,0
0.798,25.43,4.22,0.600,0
0.798,25.43,4.22,0.600,0
0.799,25.43,4.22,0.600,0
0.799,25.43,4.22,0.600,0
0.799,25.43,4.18,0.600,0
0.799,25.43,4.18,0.600,0
0.800,25.43,4.18,0.600,0
0.800,25.43,4.15,0.600,0
0.800,25.43,4.15,0.600,0
0.800,25.43,4.15,0.600,0
0.801,25.43,4.15,0.600,0
0.801,25.43,4.15,0.600,0
0.801,25.43,4.12,0.600,0
0.801,25.43,4.12,0.600,0
0.802,25.43,4.12,0.600,0
0.802,25.43,4.12,0.600,0
0.802,25.43,4.09,0.600,0
0.802,25.43,4.09,0.600,0
0.803,25.43,4.09,0.600,0
0.803,25.43,4.09,0.600,0
0.803,25.43,4.05,0.600,0
0.803,25.43,4.05,0.600,0
0.804,25.43,4.05,0.600,0
0.804,25.43,4.02,0.600,0
0.804,25.43,4.02,0.600,0
0.804,25.43,4.02,0.600,0
0.805,25.43,4.02,0.600,0
0.805,25.43,4.02,0.600,0
0.805,25.43,3.99,0.600,0
0.805,25.43,3.99,0.600,0
0.806,25.43,3.99,0.600,0
0.806,25.43,3.99,0.600,0
0.806,25.43,3.96,0.600,0
0.806,25.43,3.96,0.600,0
0.807,25.43,3.96,0.600,0
0.807,25.43,3.96,0.600,0
0.807,25.43,3.92,0.600,0
0.807,25.43,3.92,0.600,0
0.808,25.43,3.92,0.600,0
0.808,25.43,3.92,0.600,0
0.808,25.43,3.89,0.600,0
0.808,25.43,3.89,0.600,0
0.809,25.43,3.89,0.600,0
0.809,25.43,3.89,0.600,0
0.809,25.43,3.86,0.600,0
0.809,25.43,3.86,0.600,0
0.810,25.43,3.86,0.600,0
0.810,25.43,3.86,0.600,0
0.810,25.43,3.83,0.600,0
0.810,25.43,3.83,0.600,0
0.811,25.43,3.83,0.600,0
0.811,25.43,3.83,0.600,0
0.811,25.43,3.79,0.600,0
0.811,25.43,3.79,0.600,0
0.812,25.43,3.79,0.600,0
0.812,25.43,3.79,0.600,0
0.812,25.43,3.76,0.600,0
0.812,25.43,3.76,0.600,0
0.813,25.43,3.76,0.600,0
0.813,25.43,3.73,0.600,0
0.813,25.43,3.73,0.600,0
0.813,25.43,3.73,0.600,0
0.814,25.43,3.73,0.600,0
0.814,25.43,3.73,0.600,0
0.814,25.43,3.70,0.600,0
0.814,25.43,3.70,0.600,0
0.815,25.43,3.70,0.600,0
0.815,25.43,3.70,0.600,0
0.815,25.43,3.66,0.600,0
0.815,25.43,3.66,0.600,0
0.816,25.43,3.66,0.600,0
0.816,25.43,3.66,0.600,0
0.816,25.43,3.63,0.600,0
0.816,25.43,3.63,0.600,0
0.817,25.43,3.63,0.600,0
0.817,25.43,3.63,0.600,0
0.817,25.43,3.60,0.600,0
0.818,25.43,3.60,0.600,0
0.818,25.43,3.60,0.600,0
0.818,25.43,3.57,0.600,0
0.818,25.43,3.57,0.600,0
0.819,25.43,3.57,0.600,0
0.819,25.43,3.57,0.600,0
0.819,25.43,3.53,0.600,0
0.819,25.43,3.53,0.600,0
0.820,25.43,3.53,0.600,0
0.820,25.43,3.53,0.600,0
0.820,25.43,3.50,0.600,0
0.820,25.43,3.50,0.600,0
0.821,25.43,3.50,0.600,0
0.821,25.43,3.50,0.600,0
0.821,25.43,3.47,0.600,0
0.821,25.43,3.47,0.600,0
0.822,25.43,3.47,0.600,0
0.822,25.43,3.47,0.600,0
0.822,25.43,3.44,0.600,0
0.822,25.43,3.44,0.600,0
0.823,25.43,3.44,0.600,0
0.823,25.43,3.44,0.600,0
0.823,25.43,3.40,0.600,0
0.823,25.43,3.40,0.600,0
0.824,25.43,3.40,0.600,0
0.824,25.43,3.37,0.600,0
0.824,25.43,3.37,0.600,0
0.824,25.43,3.37,0.600,0
0.825,25.43,3.37,0.600,0
0.825,25.43,3.34,0.600,0
0.825,25.43,3.34,0.600,0
0.826,25.43,3.34,0.600,0
0.826,25.43,3.30,0.600,0
0.826,25.43,3.30,0.600,0
0.826,25.43,3.30,0.600,0
0.827,25.43,3.30,0.600,0
0.827,25.43,3.27,0.600,0
0.827,25.43,3.27,0.600,0
0.827,25.43,3.27,0.600,0
0.828,25.43,3.27,0.600,0
0.828,25.43,3.24,0.600,0
0.828,25.43,3.24,0.600,0
0.828,25.43,3.24,0.600,0
0.829,25.43,3.24,0.600,0
0.829,25.43,3.24,0.600,0
0.829,25.43,3.21,0.600,0
0.829,25.43,3.21,0.600,0
0.830,25.43,3.21,0.600,0
0.830,25.43,3.21,0.600,0
0.830,25.43,3.17,0.600,0
0.831,25.43,3.17,0.600,0
0.831,25.43,3.17,0.600,0
0.831,25.43,3.14,0.600,0
0.831,25.43,3.14,0.600,0
0.831,25.43,3.14,0.600,0
0.832,25.43,3.14,0.600,0
0.832,25.43,3.11,0.600,0
0.832,25.43,3.11,0.600,0
0.833,25.43,3.11,0.600,0
0.833,25.43,3.11,0.600,0
0.833,25.43,3.08,0.600,0
0.833,25.43,3.08,0.600,0
0.834,25.43,3.08,0.600,0
0.834,25.43,3.08,0.600,0
0.834,25.43,3.04,0.600,0
0.834,25.43,3.04,0.600,0
0.835,25.43,3.04,0.600,0
0.835,25.43,3.04,0.600,0
0.835,25.43,3.01,0.600,0
0.835,25.43,3.01,0.600,0
0.835,25.43,3.01,0.600,0
0.836,25.43,3.01,0.600,0
0.836,25.43,2.98,0.600,0
0.836,25.43,2.98,0.600,0
0.836,25.43,2.98,0.600,0
0.837,25.43,2.98,0.600,0
0.837,25.43,2.98,0.600,0
0.837,25.43,2.95,0.600,0
0.837,25.43,2.95,0.600,0
0.838,25.43,2.95,0.600,0
0.838,25.43,2.91,0.600,0
0.838,25.43,2.91,0.600,0
0.838,25.43,2.91,0.600,0
0.839,25.43,2.91,0.600,0
0.839,25.43,2.88,0.600,0
0.839,25.43,2.88,0.600,0
0.840,25.43,2.88,0.600,0
0.840,25.43,2.88,0.600,0
0.840,25.43,2.88,0.600,0
0.840,25.43,2.85,0.600,0
0.840,25.43,2.85,0.600,0
0.841,25.43,2.85,0.600,0
0.841,25.43,2.85,0.600,0
0.841,25.43,2.82,0.600,0
0.841,25.43,2.82,0.600,0
0.842,25.43,2.82,0.600,0
0.842,25.43,2.82,0.600,0
0.842,25.43,2.78,0.600,0
0.842,25.43,2.78,0.600,0
0.842,25.43,2.78,0.600,0
0.843,25.43,2.78,0.600,0
0.843,25.43,2.78,0.600,0
0.843,25.43,2.75,0.600,0
0.843,25.43,2.75,0.600,0
0.844,25.43,2.75,0.600,0
0.844,25.43,2.75,0.600,0
0.844,25.43,2.72,0.600,0
0.844,25.43,2.72,0.600,0
0.845,25.43,2.72,0.600,0
0.845,25.43,2.72,0.600,0
0.845,25.43,2.69,0.600,0
0.845,25.43,2.69,0.600,0
0.846,25.43,2.69,0.600,0
0.846,25.43,2.69,0.600,0
0.846,25.43,2.65,0.600,0
0.846,25.43,2.65,0.600,0
0.847,25.43,2.65,0.600,0
0.847,25.43,2.65,0.600,0
0.847,25.43,2.62,0.600,0
0.847,25.43,2.62,0.600,0
0.848,25.43,2.62,0.600,0
0.848,25.43,2.62,0.600,0
0.848,25.43,2.59,0.600,0
0.848,25.43,2.59,0.600,0
0.848,25.43,2.59,0.600,0
0.849,25.43,2.59,0.600,0
0.849,25.43,2.59,0.600,0
0.849,25.43,2.55,0.600,0
0.849,25.43,2.55,0.600,0
0.850,25.43,2.55,0.600,0
0.850,25.43,2.55,0.600,0
0.850,25.43,2.52,0.600,0
0.850,25.43,2.52,0.600,0
0.851,25.43,2.52,0.600,0
0.851,25.43,2.52,0.600,0
0.851,25.43,2.49,0.600,0
0.851,25.43,2.49,0.600,0
0.852,25.43,2.49,0.600,0
0.852,25.43,2.49,0.600,0
0.852,25.43,2.46,0.600,0
0.852,25.43,2.46,0.600,0
0.853,25.43,2.46,0.600,0
0.853,25.43,2.46,0.600,0
0.853,25.43,2.42,0.600,0
0.854,25.43,2.42,0.600,0
0.854,25.43,2.42,0.600,0
0.854,25.43,2.39,0.600,0
0.854,25.43,2.39,0.600,0
0.855,25.43,2.39,0.600,0
0.855,25.43,2.39,0.600,0
0.855,25.43,2.36,0.600,0
0.855,25.43,2.36,0.600,0
0.856,25.43,2.36,0.600,0
0.856,25.43,2.36,0.600,0
0.856,25.43,2.33,0.600,0
0.856,25.43,2.33,0.600,0
0.856,25.43,2.33,0.600,0
0.857,25.43,2.33,0.600,0
0.857,25.43,2.33,0.600,0
0.857,25.43,2.29,0.600,0
0.857,25.43,2.29,0.600,0
0.858,25.43,2.29,0.600,0
0.858,25.43,2.29,0.600,0
0.858,25.43,2.26,0.600,0
0.858,25.43,2.26,0.600,0
0.859,25.43,2.26,0.600,0
0.859,25.43,2.26,0.600,0
0.859,25.43,2.23,0.600,0
0.860,25.43,2.23,0.600,0
0.860,25.43,2.23,0.600,0
0.860,25.43,2.20,0.600,0
0.860,25.43,2.20,0.600,0
0.861,25.43,2.20,0.600,0
0.861,25.43,2.20,0.600,0
0.861,25.43,2.16,0.600,0
0.861,25.43,2.16,0.600,0
0.862,25.43,2.16,0.600,0
0.862,25.43,2.16,0.600,0
0.862,25.43,2.13,0.600,0
0.862,25.43,2.13,0.600,0
0.863,25.43,2.13,0.600,0
0.863,25.43,2.13,0.600,0
0.863,25.43,2.10,0.600,0
0.863,25.43,2.10,0.600,0
0.863,25.43,2.10,0.600,0
0.864,25.43,2.10,0.600,0
0.864,25.43,2.10,0.600,0
0.864,25.43,2.07,0.600,0
0.864,25.43,2.07,0.600,0
0.865,25.43,2.07,0.600,0
0.865,25.43,2.07,0.600,0
0.865,25.43,2.03,0.600,0
0.866,25.43,2.03,0.600,0
0.866,25.43,2.03,0.600,0
0.866,25.43,2.00,0.600,0
0.867,25.43,2.00,0.600,0
0.867,25.43,2.00,0.600,0
0.867,25.43,1.97,0.600,0
0.867,25.43,1.97,0.600,0
0.868,25.43,1.97,0.600,0
0.868,25.43,1.97,0.600,0
0.868,25.43,1.94,0.600,0
0.869,25.43,1.94,0.600,0
0.869,25.43,1.94,0.600,0
0.869,25.43,1.94,0.600,0
0.869,25.43,1.90,0.600,0
0.870,25.43,1.90,0.600,0
0.870,25.43,1.90,0.600,0
0.870,25.43,1.87,0.600,0
0.870,25.43,1.87,0.600,0
0.870,25.43,1.87,0.600,0
0.871,25.43,1.87,0.600,0
0.871,25.43,1.87,0.600,0
0.871,25.43,1.84,0.600,0
0.871,25.43,1.84,0.600,0
0.872,25.43,1.84,0.600,0
0.872,25.43,1.84,0.600,0
0.872,25.43,1.80,0.600,0
0.872,25.43,1.80,0.600,0
0.873,25.43,1.80,0.600,0
0.873,25.43,1.80,0.600,0
0.873,25.43,1.77,0.600,0
0.874,25.43,1.77,0.600,0
0.874,25.43,1.77,0.600,0
0.874,25.43,1.74,0.600,0
0.874,25.43,1.74,0.600,0
0.875,25.43,1.74,0.600,0
0.875,25.43,1.74,0.600,0
0.875,25.43,1.71,0.600,0
0.875,25.43,1.71,0.600,0
0.875,25.43,1.71,0.600,0
0.876,25.43,1.71,0.600,0
0.876,25.43,1.71,0.600,0
0.876,25.43,1.67,0.600,0
0.876,25.43,1.67,0.600,0
0.877,25.43,1.67,0.600,0
0.877,25.43,1.67,0.600,0
0.877,25.43,1.64,0.600,0
0.877,25.43,1.64,0.600,0
0.878,25.43,1.64,0.600,0
0.878,25.43,1.64,0.600,0
0.878,25.43,1.61,0.600,0
0.878,25.43,1.61,0.600,0
0.879,25.43,1.61,0.600,0
0.879,25.43,1.61,0.600,0
0.879,25.43,1.58,0.600,0
0.879,25.43,1.58,0.600,0
0.880,25.43,1.58,0.600,0
0.880,25.43,1.54,0.600,0
0.880,25.43,1.54,0.600,0
0.881,25.43,1.54,0.600,0
0.881,25.43,1.54,0.600,0
0.881,25.43,1.51,0.600,0
0.881,25.43,1.51,0.600,0
0.882,25.43,1.51,0.600,0
0.882,25.43,1.51,0.600,0
0.882,25.43,1.48,0.600,0
0.882,25.43,1.48,0.600,0
0.883,25.43,1.48,0.600,0
0.883,25.43,1.48,0.600,0
0.883,25.43,1.45,0.600,0
0.883,25.43,1.45,0.600,0
0.884,25.43,1.45,0.600,0
0.884,25.43,1.45,0.600,0
0.884,25.43,1.41,0.600,0
0.884,25.43,1.41,0.600,0
0.884,25.43,1.41,0.600,0
0.885,25.43,1.41,0.600,0
0.885,25.43,1.38,0.600,0
0.885,25.43,1.38,0.600,0
0.886,25.43,1.38,0.600,0
0.886,25.43,1.38,0.600,0
0.886,25.43,1.35,0.600,0
0.886,25.43,1.35,0.600,0
0.887,25.43,1.35,0.600,0
0.887,25.43,1.35,0.600,0
0.887,25.43,1.32,0.600,0
0.887,25.43,1.32,0.600,0
0.888,25.43,1.32,0.600,0
0.888,25.43,1.32,0.600,0
0.888,25.43,1.28,0.600,0
0.888,25.43,1.28,0.600,0
0.889,25.43,1.28,0.600,0
0.889,25.43,1.28,0.600,0
0.889,25.43,1.25,0.600,0
0.889,25.43,1.25,0.600,0
0.889,25.43,1.25,0.600,0
0.890,25.43,1.25,0.600,0
0.890,25.43,1.25,0.600,0
0.890,25.43,1.22,0.600,0
0.890,25.43,1.22,0.600,0
0.891,25.43,1.22,0.600,0
0.891,25.43,1.22,0.600,0
0.891,25.43,1.19,0.600,0
0.891,25.43,1.19,0.600,0
0.892,25.43,1.19,0.600,0
0.892,25.43,1.19,0.600,0
0.892,25.43,1.15,0.600,0
0.892,25.43,1.15,0.600,0
0.892,25.43,1.15,0.600,0
0.893,25.43,1.15,0.600,0
0.893,25.43,1.15,0.600,0
0.893,25.43,1.12,0.600,0
0.893,25.43,1.12,0.600,0
0.894,25.43,1.12,0.600,0
0.894,25.43,1.12,0.600,0
0.894,25.43,1.09,0.600,0
0.895,25.43,1.09,0.600,0
0.895,25.43,1.05,0.600,0
0.895,25.43,1.05,0.600,0
0.896,25.43,1.05,0.600,0
0.896,25.43,1.05,0.600,0
0.896,25.43,1.02,0.600,0
0.896,25.43,1.02,0.600,0
0.897,25.43,1.02,0.600,0
0.897,25.43,1.02,0.600,0
0.897,25.43,0.99,0.600,0
0.897,25.43,0.99,0.600,0
0.898,25.43,0.99,0.600,0
0.898,25.43,0.96,0.600,0
0.898,25.43,0.96,0.600,1
0.899,16.09,0.96,0.600,0
0.899,16.09,0.92,0.600,0
0.899,16.09,0.92,0.600,0
0.900,16.09,0.92,0.600,0
0.900,16.09,0.92,0.600,0
0.900,16.09,0.89,0.600,0
0.901,16.09,0.89,0.600,0
0.901,16.09,0.89,0.600,0
0.901,16.09,0.86,0.600,0
0.901,16.09,0.86,0.600,0
0.902,16.09,0.86,0.600,0
0.902,16.09,0.86,0.600,0
0.902,16.09,0.83,0.600,0
0.902,16.09,0.83,0.600,0
0.903,16.09,0.83,0.600,0
0.903,16.09,0.83,0.600,0
0.903,16.09,0.79,0.600,0
0.903,16.09,0.79,0.600,0
0.904,16.09,0.79,0.600,0
0.904,16.09,0.79,0.600,0
0.904,16.09,0.76,0.600,0
0.904,16.09,0.76,0.600,0
0.905,16.09,0.76,0.600,0
0.905,16.09,0.76,0.600,0
0.905,16.09,0.73,0.600,0
0.905,16.09,0.73,0.600,0
0.905,16.09,0.73,0.600,0
0.906,16.09,0.73,0.600,0
0.906,16.09,0.73,0.600,0
0.906,16.09,0.70,0.600,0
0.906,16.09,0.70,0.600,0
0.907,16.09,0.70,0.600,0
0.907,16.09,0.70,0.600,0
0.907,16.09,0.66,0.600,0
0.907,16.09,0.66,0.600,0
0.908,16.09,0.66,0.600,0
0.908,16.09,0.66,0.600,0
0.908,16.09,0.63,0.600,0
0.908,16.09,0.63,0.600,0
0.909,16.09,0.63,0.600,0
0.909,16.09,0.63,0.600,0
0.909,16.09,0.60,0.600,0
0.909,16.09,0.60,0.600,0
0.909,16.09,0.60,0.600,0
0.910,16.09,0.60,0.600,0
0.910,16.09,0.60,0.600,0
0.910,16.09,0.57,0.600,0
0.910,16.09,0.57,0.600,0
0.911,16.09,0.57,0.600,0
0.911,16.09,0.57,0.600,0
0.911,16.09,0.53,0.600,0
0.912,16.09,0.53,0.600,0
0.912,16.09,0.50,0.600,0
0.912,16.09,0.50,0.600,0
0.912,16.09,0.50,0.600,0
0.913,16.09,0.50,0.600,0
0.913,16.09,0.47,0.600,0
0.913,16.09,0.47,0.600,0
0.914,16.09,0.47,0.600,0
0.914,16.09,0.47,0.600,0
0.914,16.09,0.44,0.600,0
0.914,16.09,0.44,0.600,0
0.915,16.09,0.44,0.600,0
0.915,16.09,0.44,0.600,0
0.915,16.09,0.40,0.600,0
0.915,16.09,0.40,0.600,0
0.916,16.09,0.40,0.600,0
0.916,16.09,0.40,0.600,0
0.916,16.09,0.40,0.600,0
0.916,16.09,0.37,0.600,0
0.917,16.09,0.37,0.600,0
0.917,16.09,0.37,0.600,0
0.917,16.09,0.34,0.600,0
0.917,16.09,0.34,0.600,0
0.918,16.09,0.34,0.600,0
0.918,16.09,0.34,0.600,0
0.918,16.09,0.30,0.600,0
0.918,16.09,0.30,0.600,0
0.919,16.09,0.30,0.600,0
0.919,16.09,0.30,0.600,0
0.919,16.09,0.30,0.600,0
0.919,16.09,0.27,0.600,0
0.919,16.09,0.27,0.600,0
0.920,16.09,0.27,0.600,0
0.920,16.09,0.27,0.600,0
0.920,16.09,0.24,0.600,0
0.920,16.09,0.24,0.600,0
0.921,16.09,0.24,0.600,0
0.921,16.09,0.24,0.600,0
0.921,16.09,0.24,0.600,0
0.921,16.09,0.21,0.600,0
0.922,16.09,0.21,0.600,0
0.922,16.09,0.21,0.600,0
0.922,16.09,0.17,0.600,0
0.922,16.09,0.17,0.600,0
0.923,16.09,0.17,0.600,0
0.923,16.09,0.17,0.600,0
0.923,16.09,0.14,0.600,0
0.923,16.09,0.14,0.600,0
0.923,16.09,0.14,0.600,0
0.924,16.09,0.14,0.600,0
0.924,16.09,0.14,0.600,0
0.924,16.09,0.11,0.600,0
0.924,16.09,0.11,0.600,0
0.925,16.09,0.11,0.600,0
0.925,16.09,0.11,0.600,0
0.925,16.09,0.08,0.600,0
0.925,16.09,0.08,0.600,0
0.926,16.09,0.08,0.600,0
0.926,16.09,0.08,0.600,0
0.926,16.09,0.04,0.600,0
0.926,16.09,0.04,0.600,0
0.927,16.09,0.04,0.600,0
0.927,16.09,0.04,0.600,0
0.927,16.09,0.01,0.600,0
0.928,16.09,0.01,0.600,0
0.928,16.09,0.01,0.600,0
0.928,16.09,-0.02,0.600,0
0.929,16.09,-0.02,0.600,0
0.929,16.09,-0.02,0.600,0
0.929,16.09,-0.05,0.600,0
0.929,16.09,-0.05,0.600,0
0.930,16.09,-0.05,0.600,0
0.930,16.09,-0.05,0.600,0
0.930,16.09,-0.09,0.600,0
0.930,16.09,-0.09,0.600,0
0.931,16.09,-0.09,0.600,0
0.931,16.09,-0.09,0.600,0
0.931,16.09,-0.12,0.600,0
0.931,16.09,-0.12,0.600,0
0.932,16.09,-0.12,0.600,0
0.932,16.09,-0.12,0.600,0
0.932,16.09,-0.15,0.600,0
0.932,16.09,-0.15,0.600,0
0.933,16.09,-0.15,0.600,0
0.933,16.09,-0.15,0.600,0
0.933,16.09,-0.18,0.600,0
0.933,16.09,-0.18,0.600,0
0.934,16.09,-0.18,0.600,0
0.934,16.09,-0.18,0.600,0
0.934,16.09,-0.22,0.600,0
0.934,16.09,-0.22,0.600,0
0.935,16.09,-0.22,0.600,0
0.935,16.09,-0.22,0.600,0
0.935,16.09,-0.25,0.600,0
0.935,16.09,-0.25,0.600,0
0.936,16.09,-0.25,0.600,0
0.936,16.09,-0.28,0.600,0
0.937,16.09,-0.28,0.600,0
0.937,16.09,-0.28,0.600,0
0.937,16.09,-0.31,0.600,0
0.937,16.09,-0.31,0.600,0
0.938,16.09,-0.31,0.600,0
0.938,16.09,-0.31,0.600,0
0.938,16.09,-0.35,0.600,0
0.938,16.09,-0.35,0.600,0
0.938,16.09,-0.35,0.600,0
0.939,16.09,-0.35,0.600,0
0.939,16.09,-0.35,0.600,0
0.939,16.09,-0.38,0.600,0
0.939,16.09,-0.38,0.600,0
0.940,16.09,-0.38,0.600,0
0.940,16.09,-0.38,0.600,0
0.940,16.09,-0.38,0.600,0
0.940,16.09,-0.41,0.600,0
0.940,16.09,-0.41,0.600,0
0.941,16.09,-0.41,0.600,0
0.941,16.09,-0.41,0.600,0
0.941,16.09,-0.45,0.600,0
0.941,16.09,-0.45,0.600,0
0.942,16.09,-0.45,0.600,0
0.942,16.09,-0.45,0.600,0
0.942,16.09,-0.48,0.600,0
0.942,16.09,-0.48,0.600,0
0.943,16.09,-0.48,0.600,0
0.943,16.09,-0.48,0.600,0
0.943,16.09,-0.51,0.600,0
0.943,16.09,-0.51,0.600,0
0.944,16.09,-0.51,0.600,0
0.944,16.09,-0.51,0.600,0
0.944,16.09,-0.54,0.600,0
0.944,16.09,-0.54,0.600,0
0.945,16.09,-0.54,0.600,0
0.945,16.09,-0.54,0.600,0
0.945,16.09,-0.58,0.600,0
0.945,16.09,-0.58,0.600,0
0.946,16.09,-0.58,0.600,0
0.946,16.09,-0.58,0.600,0
0.946,16.09,-0.58,0.600,0
0.946,16.09,-0.61,0.600,0
0.946,16.09,-0.61,0.600,0
0.947,16.09,-0.61,0.600,0
0.947,16.09,-0.61,0.600,0
0.947,16.09,-0.64,0.600,0
0.947,16.09,-0.64,0.600,0
0.948,16.09,-0.64,0.600,0
0.948,16.09,-0.64,0.600,0
0.948,16.09,-0.67,0.600,0
0.948,16.09,-0.67,0.600,0
0.949,16.09,-0.67,0.600,0
0.949,16.09,-0.67,0.600,0
0.949,16.09,-0.71,0.600,0
0.949,16.09,-0.71,0.600,0
0.949,16.09,-0.71,0.600,0
0.950,16.09,-0.71,0.600,0
0.950,16.09,-0.71,0.600,0
0.950,16.09,-0.74,0.600,0
0.950,16.09,-0.74,0.600,0
0.951,16.09,-0.74,0.600,0
0.951,16.09,-0.74,0.600,0
0.951,16.09,-0.77,0.600,0
0.952,16.09,-0.77,0.600,0
0.952,16.09,-0.80,0.600,0
0.952,16.09,-0.80,0.600,0
0.953,16.09,-0.80,0.600,0
0.953,16.09,-0.80,0.600,0
0.953,16.09,-0.84,0.600,0
0.953,16.09,-0.84,0.600,0
0.954,16.09,-0.84,0.600,0
0.954,16.09,-0.84,0.600,0
0.954,16.09,-0.84,0.600,0
0.954,16.09,-0.87,0.600,0
0.954,16.09,-0.87,0.600,0
0.955,16.09,-0.87,0.600,0
0.955,16.09,-0.87,0.600,0
0.955,16.09,-0.90,0.600,0
0.955,16.09,-0.90,0.600,0
0.956,16.09,-0.90,0.600,0
0.956,16.09,-0.90,0.600,0
0.956,16.09,-0.93,0.600,0
0.956,16.09,-0.93,0.600,0
0.957,16.09,-0.93,0.600,0
0.957,16.09,-0.93,0.600,0
0.957,16.09,-0.97,0.600,0
0.958,16.09,-0.97,0.600,0
0.958,16.09,-0.97,0.600,0
0.958,16.09,-1.00,0.600,0
0.958,16.09,-1.00,0.600,0
0.959,16.09,-1.00,0.600,0
0.959,16.09,-1.00,0.600,0
0.959,16.09,-1.03,0.600,0
0.960,16.09,-1.03,0.600,0
0.960,16.09,-1.03,0.600,0
0.960,16.09,-1.07,0.600,0
0.960,16.09,-1.07,0.600,0
0.961,16.09,-1.07,0.600,0
0.961,16.09,-1.07,0.600,0
0.961,16.09,-1.10,0.600,0
0.961,16.09,-1.10,0.600,0
0.962,16.09,-1.10,0.600,0
0.962,16.09,-1.10,0.600,0
0.962,16.09,-1.10,0.600,0
0.962,16.09,-1.13,0.600,0
0.963,16.09,-1.13,0.600,0
0.963,16.09,-1.13,0.600,0
0.963,16.09,-1.16,0.600,0
0.963,16.09,-1.16,0.600,0
0.964,16.09,-1.16,0.600,0
0.964,16.09,-1.16,0.600,0
0.964,16.09,-1.20,0.600,0
0.964,16.09,-1.20,0.600,0
0.965,16.09,-1.20,0.600,0
0.965,16.09,-1.20,0.600,0
0.965,16.09,-1.23,0.600,0
0.965,16.09,-1.23,0.600,0
0.965,16.09,-1.23,0.600,0
0.966,16.09,-1.23,0.600,0
0.966,16.09,-1.23,0.600,0
0.966,16.09,-1.26,0.600,0
0.966,16.09,-1.26,0.600,0
0.967,16.09,-1.26,0.600,0
0.967,16.09,-1.26,0.600,0
0.967,16.09,-1.29,0.600,0
0.967,16.09,-1.29,0.600,0
0.968,16.09,-1.29,0.600,0
0.968,16.09,-1.29,0.600,0
0.968,16.09,-1.33,0.600,0
0.968,16.09,-1.33,0.600,0
0.969,16.09,-1.33,0.600,0
0.969,16.09,-1.33,0.600,0
0.969,16.09,-1.36,0.600,0
0.969,16.09,-1.36,0.600,0
0.970,16.09,-1.36,0.600,0
0.970,16.09,-1.36,0.600,0
0.970,16.09,-1.39,0.600,0
0.970,16.09,-1.39,0.600,0
0.971,16.09,-1.39,0.600,0
0.971,16.09,-1.39,0.600,0
0.971,16.09,-1.42,0.600,0
0.971,16.09,-1.42,0.600,0
0.972,16.09,-1.42,0.600,0
0.972,16.09,-1.42,0.600,0
0.972,16.09,-1.46,0.600,0
0.972,16.09,-1.46,0.600,0
0.973,16.09,-1.46,0.600,0
0.973,16.09,-1.46,0.600,0
0.973,16.09,-1.49,0.600,0
0.973,16.09,-1.49,0.600,0
0.974,16.09,-1.49,0.600,0
0.974,16.09,-1.49,0.600,0
0.974,16.09,-1.49,0.600,0
0.974,16.09,-1.52,0.600,0
0.974,16.09,-1.52,0.600,0
0.975,16.09,-1.52,0.600,0
0.975,16.09,-1.52,0.600,0
0.975,16.09,-1.55,0.600,0
0.975,16.09,-1.55,0.600,0
0.976,16.09,-1.55,0.600,0
0.976,16.09,-1.55,0.600,0
0.976,16.09,-1.59,0.600,0
0.976,16.09,-1.59,0.600,0
0.977,16.09,-1.59,0.600,0
0.977,16.09,-1.59,0.600,0
0.977,16.09,-1.59,0.600,0
0.977,16.09,-1.62,0.600,0
0.978,16.09,-1.62,0.600,0
0.978,16.09,-1.62,0.600,0
0.978,16.09,-1.65,0.600,0
0.978,16.09,-1.65,0.600,0
0.979,16.09,-1.65,0.600,0
0.979,16.09,-1.65,0.600,0
0.979,16.09,-1.65,0.600,0
0.979,16.09,-1.69,0.600,0
0.979,16.09,-1.69,0.600,0
0.980,16.09,-1.69,0.600,0
0.980,16.09,-1.69,0.600,0
0.980,16.09,-1.72,0.600,0
0.981,16.09,-1.72,0.600,0
0.981,16.09,-1.72,0.600,0
0.981,16.09,-1.75,0.600,0
0.982,16.09,-1.75,0.600,0
0.982,16.09,-1.75,0.600,0
0.982,16.09,-1.78,0.600,0
0.982,16.09,-1.78,0.600,0
0.983,16.09,-1.78,0.600,0
0.983,16.09,-1.82,0.600,0
0.983,16.09,-1.82,0.600,0
0.984,16.09,-1.82,0.600,0
0.984,16.09,-1.82,0.600,0
0.984,16.09,-1.85,0.600,0
0.984,16.09,-1.85,0.600,0
0.985,16.09,-1.85,0.600,0
0.985,16.09,-1.85,0.600,0
0.985,16.09,-1.88,0.600,0
0.985,16.09,-1.88,0.600,0
0.986,16.09,-1.88,0.600,0
0.986,16.09,-1.88,0.600,0
0.986,16.09,-1.91,0.600,0
0.986,16.09,-1.91,0.600,0
0.987,16.09,-1.91,0.600,0
0.987,16.09,-1.91,0.600,0
0.987,16.09,-1.95,0.600,0
0.987,16.09,-1.95,0.600,0
0.988,16.09,-1.95,0.600,0
0.988,16.09,-1.95,0.600,0
0.988,16.09,-1.98,0.600,0
0.988,16.09,-1.98,0.600,0
0.989,16.09,-1.98,0.600,0
0.989,16.09,-1.98,0.600,0
0.989,16.09,-2.01,0.600,0
0.989,16.09,-2.01,0.600,0
0.989,16.09,-2.01,0.600,0
0.990,16.09,-2.01,0.600,0
0.990,16.09,-2.01,0.600,0
0.990,16.09,-2.04,0.600,0
0.990,16.09,-2.04,0.600,0
0.991,16.09,-2.04,0.600,0
0.991,16.09,-2.04,0.600,0
0.991,16.09,-2.08,0.600,0
0.992,16.09,-2.08,0.600,0
0.992,16.09,-2.11,0.600,0
0.992,16.09,-2.11,0.600,0
0.993,16.09,-2.11,0.600,0
0.993,16.09,-2.11,0.600,0
0.993,16.09,-2.14,0.600,0
0.993,16.09,-2.14,0.600,0
0.994,16.09,-2.14,0.600,0
0.994,16.09,-2.14,0.600,0
0.994,16.09,-2.17,0.600,0
0.994,16.09,-2.17,0.600,0
0.995,16.09,-2.17,0.600,0
0.995,16.09,-2.17,0.600,0
0.995,16.09,-2.21,0.600,0
0.995,16.09,-2.21,0.600,0
0.996,16.09,-2.21,0.600,0
0.996,16.09,-2.21,0.600,0
0.996,16.09,-2.24,0.600,0
0.996,16.09,-2.24,0.600,0
0.997,16.09,-2.24,0.600,0
0.997,16.09,-2.24,0.600,0
0.997,16.09,-2.27,0.600,0
0.998,16.09,-2.27,0.600,0
0.998,16.09,-2.27,0.600,0
0.998,16.09,-2.31,0.600,0
0.998,16.09,-2.31,0.600,0
0.999,16.09,-2.31,0.600,0
0.999,16.09,-2.31,0.600,0
0.999,16.09,-2.34,0.600,0
0.999,16.09,-2.34,0.600,0
1.000,16.09,-2.34,0.600,0
1.000,16.09,-2.37,0.600,0
1.000,16.09,-2.37,0.600,0
1.001,16.09,-2.37,0.600,0
1.001,16.09,-2.40,0.600,0
1.002,16.09,-2.40,0.600,0
1.002,16.09,-2.40,0.600,0
1.002,16.09,-2.44,0.600,0
1.002,16.09,-2.44,0.600,0
1.003,16.09,-2.44,0.600,0
1.003,16.09,-2.44,0.600,0
1.003,16.09,-2.47,0.600,0
1.004,16.09,-2.47,0.600,0
1.004,16.09,-2.47,0.600,0
1.004,16.09,-2.50,0.600,0
1.004,16.09,-2.50,0.600,0
1.005,16.09,-2.50,0.600,0
1.005,16.09,-2.50,0.600,0
1.005,16.09,-2.53,0.600,0
1.006,16.09,-2.53,0.600,0
1.006,16.09,-2.53,0.600,0
1.006,16.09,-2.53,0.600,0
1.006,16.09,-2.57,0.600,0
1.007,16.09,-2.57,0.600,0
1.007,16.09,-2.57,0.600,0
1.007,16.09,-2.60,0.600,0
1.007,16.09,-2.60,0.600,0
1.008,16.09,-2.60,0.600,0
1.008,16.09,-2.60,0.600,0
1.008,16.09,-2.63,0.600,0
1.008,16.09,-2.63,0.600,0
1.009,16.09,-2.63,0.600,0
1.009,16.09,-2.63,0.600,0
1.009,16.09,-2.66,0.600,0
1.009,16.09,-2.66,0.600,0
1.010,16.09,-2.66,0.600,0
1.010,16.09,-2.66,0.600,0
1.010,16.09,-2.70,0.600,0
1.010,16.09,-2.70,0.600,0
1.011,16.09,-2.70,0.600,0
1.011,16.09,-2.70,0.600,0
1.011,16.09,-2.70,0.600,0
1.011,16.09,-2.73,0.600,0
1.012,16.09,-2.73,0.600,0
1.012,16.09,-2.73,0.600,0
1.012,16.09,-2.76,0.600,0
1.013,16.09,-2.76,0.600,0
1.013,16.09,-2.76,0.600,0
1.013,16.09,-2.79,0.600,0
1.014,16.09,-2.79,0.600,0
1.014,16.09,-2.79,0.600,0
1.014,16.09,-2.83,0.600,0
1.014,16.09,-2.83,0.600,0
1.014,16.09,-2.83,0.600,0
1.015,16.09,-2.83,0.600,0
1.015,16.09,-2.83,0.600,0
1.015,16.09,-2.86,0.600,0
1.015,16.09,-2.86,0.600,0
1.016,16.09,-2.86,0.600,0
1.016,16.09,-2.86,0.600,0
1.016,16.09,-2.89,0.600,0
1.016,16.09,-2.89,0.600,0
1.017,16.09,-2.89,0.600,0
1.017,16.09,-2.89,0.600,0
1.017,16.09,-2.93,0.600,0
1.017,16.09,-2.93,0.600,0
1.018,16.09,-2.93,0.600,0
1.018,16.09,-2.93,0.600,0
1.018,16.09,-2.96,0.600,0
1.019,16.09,-2.96,0.600,0
1.019,16.09,-2.96,0.600,0
1.019,16.09,-2.99,0.600,0
1.019,16.09,-2.99,0.600,0
1.020,16.09,-2.99,0.600,0
1.020,16.09,-3.02,0.600,0
1.020,16.09,-3.02,0.600,0
1.020,16.09,-3.02,0.600,0
1.021,16.09,-3.02,0.600,0
1.021,16.09,-3.02,0.600,0
1.021,16.09,-3.06,0.600,0
1.021,16.09,-3.06,0.600,0
1.022,16.09,-3.06,0.600,0
1.022,16.09,-3.06,0.600,0
1.022,16.09,-3.09,0.600,0
1.022,16.09,-3.09,0.600,0
1.023,16.09,-3.09,0.600,0
1.023,16.09,-3.09,0.600,0
1.023,16.09,-3.12,0.600,0
1.023,16.09,-3.12,0.600,0
1.024,16.09,-3.12,0.600,0
1.024,16.09,-3.12,0.600,0
1.024,16.09,-3.15,0.600,0
1.024,16.09,-3.15,0.600,0
1.025,16.09,-3.15,0.600,0
1.025,16.09,-3.15,0.600,0
1.025,16.09,-3.19,0.600,0
1.026,16.09,-3.19,0.600,0
1.026,16.09,-3.19,0.600,0
1.026,16.09,-3.22,0.600,0
1.026,16.09,-3.22,0.600,0
1.027,16.09,-3.22,0.600,0
1.027,16.09,-3.22,0.600,0
1.027,16.09,-3.25,0.600,0
1.028,16.09,-3.25,0.600,0
1.028,16.09,-3.25,0.600,0
1.028,16.09,-3.28,0.600,0
1.029,16.09,-3.28,0.600,0
1.029,16.09,-3.28,0.600,0
1.029,16.09,-3.32,0.600,0
1.029,16.09,-3.32,0.600,0
1.030,16.09,-3.32,0.600,0
1.030,16.09,-3.35,0.600,0
1.031,16.09,-3.35,0.600,0
1.031,16.09,-3.35,0.600,1
1.031,12.17,-3.38,0.600,0
1.031,12.17,-3.38,0.600,0
1.032,12.17,-3.38,0.600,0
1.032,12.17,-3.38,0.600,0
1.032,12.17,-3.41,0.600,0
1.032,12.17,-3.41,0.600,0
1.033,12.17,-3.41,0.600,0
1.033,12.17,-3.41,0.600,0
1.033,12.17,-3.45,0.600,0
1.034,12.17,-3.45,0.600,0
1.034,12.17,-3.45,0.600,0
1.034,12.17,-3.48,0.600,0
1.034,12.17,-3.48,0.600,0
1.035,12.17,-3.48,0.600,0
1.035,12.17,-3.48,0.600,0
1.035,12.17,-3.51,0.600,0
1.035,12.17,-3.51,0.600,0
1.036,12.17,-3.51,0.600,0
1.036,12.17,-3.51,0.600,0
1.036,12.17,-3.51,0.600,0
1.036,12.17,-3.55,0.600,0
1.037,12.17,-3.55,0.600,0
1.037,12.17,-3.55,0.600,0
1.037,12.17,-3.58,0.600,0
1.037,12.17,-3.58,0.600,0
1.038,12.17,-3.58,0.600,0
1.038,12.17,-3.58,0.600,0
1.038,12.17,-3.61,0.600,0
1.038,12.17,-3.61,0.600,0
1.039,12.17,-3.61,0.600,0
1.039,12.17,-3.61,0.600,0
1.039,12.17,-3.61,0.600,0
1.039,12.17,-3.64,0.600,0
1.040,12.17,-3.64,0.600,0
1.040,12.17,-3.64,0.600,0
1.040,12.17,-3.68,0.600,0
1.040,12.17,-3.68,0.600,0
1.041,12.17,-3.68,0.600,0
1.041,12.17,-3.68,0.600,0
1.041,12.17,-3.71,0.600,0
1.042,12.17,-3.71,0.600,0
1.042,12.17,-3.71,0.600,0
1.042,12.17,-3.74,0.600,0
1.042,12.17,-3.74,0.600,0
1.043,12.17,-3.74,0.600,0
1.043,12.17,-3.74,0.600,0
1.043,12.17,-3.74,0.600,0
1.043,12.17,-3.77,0.600,0
1.044,12.17,-3.77,0.600,0
1.044,12.17,-3.77,0.600,0
1.044,12.17,-3.81,0.600,0
1.045,12.17,-3.81,0.600,0
1.045,12.17,-3.81,0.600,0
1.046,12.17,-3.84,0.600,0
1.046,12.17,-3.84,0.600,0
1.046,12.17,-3.87,0.600,0
1.047,12.17,-3.87,0.600,0
1.047,12.17,-3.87,0.600,0
1.047,12.17,-3.90,0.600,0
1.047,12.17,-3.90,0.600,0
1.048,12.17,-3.90,0.600,0
1.048,12.17,-3.90,0.600,0
1.048,12.17,-3.94,0.600,0
1.048,12.17,-3.94,0.600,0
1.049,12.17,-3.94,0.600,0
1.049,12.17,-3.94,0.600,0
1.049,12.17,-3.97,0.600,0
1.049,12.17,-3.97,0.600,0
1.050,12.17,-3.97,0.600,0
1.050,12.17,-3.97,0.600,0
1.050,12.17,-4.00,0.600,0
1.050,12.17,-4.00,0.600,0
1.051,12.17,-4.00,0.600,0
1.051,12.17,-4.00,0.600,0
1.051,12.17,-4.03,0.600,0
1.051,12.17,-4.03,0.600,0
1.052,12.17,-4.03,0.600,0
1.052,12.17,-4.03,0.600,0
1.052,12.17,-4.07,0.600,0
1.052,12.17,-4.07,0.600,0
1.053,12.17,-4.07,0.600,0
1.053,12.17,-4.07,0.600,0
1.053,12.17,-4.10,0.600,0
1.053,12.17,-4.10,0.600,0
1.054,12.17,-4.10,0.600,0
1.054,12.17,-4.10,0.600,0
1.054,12.17,-4.13,0.600,0
1.055,12.17,-4.13,0.600,0
1.055,12.17,-4.13,0.600,0
1.055,12.17,-4.13,0.600,0
1.055,12.17,-4.17,0.600,0
1.056,12.17,-4.17,0.600,0
1.056,12.17,-4.17,0.600,0
1.056,12.17,-4.17,0.600,0
1.056,12.17,-4.20,0.600,0
1.056,12.17,-4.20,0.600,0
1.057,12.17,-4.20,0.600,0
1.057,12.17,-4.20,0.600,0
1.057,12.17,-4.23,0.600,0
1.057,12.17,-4.23,0.600,0
1.058,12.17,-4.23,0.600,0
1.058,12.17,-4.23,0.600,0
1.058,12.17,-4.26,0.600,0
1.058,12.17,-4.26,0.600,0
1.059,12.17,-4.26,0.600,0
1.059,12.17,-4.26,0.600,0
1.059,12.17,-4.30,0.600,0
1.060,12.17,-4.30,0.600,0
1.060,12.17,-4.30,0.600,0
1.060,12.17,-4.33,0.600,0
1.060,12.17,-4.33,0.600,0
1.061,12.17,-4.33,0.600,0
1.061,12.17,-4.33,0.600,0
1.061,12.17,-4.36,0.600,0
1.062,12.17,-4.36,0.600,0
1.062,12.17,-4.36,0.600,0
1.062,12.17,-4.36,0.600,0
1.062,12.17,-4.39,0.600,0
1.063,12.17,-4.39,0.600,0
1.063,12.17,-4.39,0.600,0
1.063,12.17,-4.39,0.600,0
1.063,12.17,-4.43,0.600,0
1.064,12.17,-4.43,0.600,0
1.064,12.17,-4.43,0.600,0
1.064,12.17,-4.46,0.600,0
1.065,12.17,-4.46,0.600,0
1.065,12.17,-4.46,0.600,0
1.065,12.17,-4.49,0.600,0
1.065,12.17,-4.49,0.600,0
1.066,12.17,-4.49,0.600,0
1.066,12.17,-4.49,0.600,0
1.066,12.17,-4.52,0.600,0
1.066,12.17,-4.52,0.600,0
1.067,12.17,-4.52,0.600,0
1.067,12.17,-4.52,0.600,0
1.067,12.17,-4.56,0.600,0
1.068,12.17,-4.56,0.600,0
1.068,12.17,-4.56,0.600,0
1.068,12.17,-4.56,0.600,0
1.068,12.17,-4.59,0.600,0
1.069,12.17,-4.59,0.600,0
1.069,12.17,-4.59,0.600,0
1.069,12.17,-4.62,0.600,0
1.069,12.17,-4.62,0.600,0
1.070,12.17,-4.62,0.600,0
1.070,12.17,-4.62,0.600,0
1.070,12.17,-4.65,0.600,0
1.070,12.17,-4.65,0.600,0
1.071,12.17,-4.65,0.600,0
1.071,12.17,-4.65,0.600,0
1.071,12.17,-4.69,0.600,0
1.071,12.17,-4.69,0.600,0
1.072,12.17,-4.69,0.600,0
1.072,12.17,-4.69,0.600,0
1.072,12.17,-4.72,0.600,0
1.072,12.17,-4.72,0.600,0
1.073,12.17,-4.72,0.600,0
1.073,12.17,-4.72,0.600,0
1.073,12.17,-4.72,0.600,0
1.073,12.17,-4.75,0.600,0
1.074,12.17,-4.75,0.600,0
1.074,12.17,-4.75,0.600,0
1.074,12.17,-4.79,0.600,0
1.074,12.17,-4.79,0.600,0
1.075,12.17,-4.79,0.600,0
1.075,12.17,-4.79,0.600,0
1.075,12.17,-4.82,0.600,0
1.076,12.17,-4.82,0.600,0
1.076,12.17,-4.82,0.600,0
1.076,12.17,-4.85,0.600,0
1.076,12.17,-4.85,0.600,0
1.077,12.17,-4.85,0.600,0
1.077,12.17,-4.85,0.600,0
1.077,12.17,-4.85,0.600,0
1.077,12.17,-4.88,0.600,0
1.078,12.17,-4.88,0.600,0
1.078,12.17,-4.88,0.600,0
1.078,12.17,-4.88,0.600,0
1.078,12.17,-4.92,0.600,0
1.078,12.17,-4.92,0.600,0
1.079,12.17,-4.92,0.600,0
1.079,12.17,-4.92,0.600,0
1.079,12.17,-4.95,0.600,0
1.079,12.17,-4.95,0.600,0
1.080,12.17,-4.95,0.600,0
1.080,12.17,-4.95,0.600,0
1.080,12.17,-4.98,0.600,0
1.081,12.17,-4.98,0.600,0
1.081,12.17,-4.98,0.600,0
1.081,12.17,-4.98,0.600,0
1.081,12.17,-5.01,0.600,0
1.082,12.17,-5.01,0.600,0
1.082,12.17,-5.01,0.600,0
1.082,12.17,-5.05,0.600,0
1.082,12.17,-5.05,0.600,0
1.083,12.17,-5.05,0.600,0
1.083,12.17,-5.05,0.600,0
1.083,12.17,-5.08,0.600,0
1.084,12.17,-5.08,0.600,0
1.084,12.17,-5.08,0.600,0
1.084,12.17,-5.08,0.600,0
1.084,12.17,-5.11,0.600,0
1.085,12.17,-5.11,0.600,0
1.085,12.17,-5.11,0.600,0
1.085,12.17,-5.11,0.600,0
1.085,12.17,-5.14,0.600,0
1.086,12.17,-5.14,0.600,0
1.086,12.17,-5.14,0.600,0
1.086,12.17,-5.14,0.600,0
1.086,12.17,-5.18,0.600,0
1.087,12.17,-5.18,0.600,0
1.087,12.17,-5.18,0.600,0
1.087,12.17,-5.21,0.600,0
1.088,12.17,-5.21,0.600,0
1.088,12.17,-5.21,0.600,0
1.088,12.17,-5.24,0.600,0
1.088,12.17,-5.24,0.600,0
1.089,12.17,-5.24,0.600,0
1.089,12.17,-5.24,0.600,0
1.089,12.17,-5.27,0.600,0
1.089,12.17,-5.27,0.600,0
1.090,12.17,-5.27,0.600,0
1.090,12.17,-5.27,0.600,0
1.090,12.17,-5.31,0.600,0
1.090,12.17,-5.31,0.600,0
1.091,12.17,-5.31,0.600,0
1.091,12.17,-5.31,0.600,0
1.091,12.17,-5.34,0.600,0
1.091,12.17,-5.34,0.600,0
1.092,12.17,-5.34,0.600,0
1.092,12.17,-5.34,0.600,0
1.092,12.17,-5.37,0.600,0
1.092,12.17,-5.37,0.600,0
1.093,12.17,-5.37,0.600,0
1.093,12.17,-5.37,0.600,0
1.093,12.17,-5.37,0.600,0
1.093,12.17,-5.41,0.600,0
1.094,12.17,-5.41,0.600,0
1.094,12.17,-5.41,0.600,0
1.094,12.17,-5.41,0.600,0
1.094,12.17,-5.44,0.600,0
1.095,12.17,-5.44,0.600,0
1.095,12.17,-5.44,0.600,0
1.095,12.17,-5.44,0.600,0
1.095,12.17,-5.47,0.600,0
1.096,12.17,-5.47,0.600,0
1.096,12.17,-5.47,0.600,0
1.096,12.17,-5.50,0.600,0
1.096,12.17,-5.50,0.600,0
1.097,12.17,-5.50,0.600,0
1.097,12.17,-5.50,0.600,0
1.097,12.17,-5.54,0.600,0
1.097,12.17,-5.54,0.600,0
1.098,12.17,-5.54,0.600,0
1.098,12.17,-5.54,0.600,0
1.098,12.17,-5.57,0.600,0
1.098,12.17,-5.57,0.600,0
1.099,12.17,-5.57,0.600,0
1.099,12.17,-5.57,0.600,0
1.099,12.17,-5.60,0.600,0
1.099,12.17,-5.60,0.600,0
1.100,12.17,-5.60,0.600,0
1.100,12.17,-5.60,0.600,0
1.100,12.17,-5.63,0.600,0
1.100,12.17,-5.63,0.600,0
1.101,12.17,-5.63,0.600,0
1.101,12.17,-5.63,0.600,0
1.101,12.17,-5.67,0.600,0
1.101,12.17,-5.67,0.600,0
1.102,12.17,-5.67,0.600,0
1.102,12.17,-5.67,0.600,0
1.102,12.17,-5.70,0.600,0
1.102,12.17,-5.70,0.600,0
1.103,12.17,-5.70,0.600,0
1.104,12.17,-5.73,0.600,0
1.104,12.17,-5.73,0.600,0
1.104,12.17,-5.76,0.600,0
1.104,12.17,-5.76,0.600,0
1.105,12.17,-5.76,0.600,0
1.105,12.17,-5.76,0.600,0
1.105,12.17,-5.80,0.600,0
1.105,12.17,-5.80,0.600,0
1.106,12.17,-5.80,0.600,0
1.106,12.17,-5.80,0.600,0
1.106,12.17,-5.83,0.600,0
1.107,12.17,-5.83,0.600,0
1.107,12.17,-5.83,0.600,0
1.107,12.17,-5.83,0.600,0
1.107,12.17,-5.86,0.600,0
1.108,12.17,-5.86,0.600,0
1.108,12.17,-5.86,0.600,0
1.108,12.17,-5.86,0.600,0
1.108,12.17,-5.90,0.600,0
1.109,12.17,-5.90,0.600,0
1.109,12.17,-5.90,0.600,0
1.109,12.17,-5.93,0.600,0
1.110,12.17,-5.93,0.600,0
1.110,12.17,-5.93,0.600,0
1.110,12.17,-5.96,0.600,0
1.111,12.17,-5.96,0.600,0
1.111,12.17,-5.96,0.600,0
1.111,12.17,-5.99,0.600,0
1.111,12.17,-5.99,0.600,0
1.112,12.17,-5.99,0.600,0
1.112,12.17,-5.99,0.600,0
1.112,12.17,-6.03,0.600,0
1.112,12.17,-6.03,0.600,0
1.113,12.17,-6.03,0.600,0
1.113,12.17,-6.03,0.600,0
1.113,12.17,-6.06,0.600,0
1.113,12.17,-6.06,0.600,0
1.114,12.17,-6.06,0.600,0
1.114,12.17,-6.06,0.600,0
1.114,12.17,-6.09,0.600,0
1.114,12.17,-6.09,0.600,0
1.115,12.17,-6.09,0.600,0
1.115,12.17,-6.09,0.600,0
1.115,12.17,-6.09,0.600,0
1.115,12.17,-6.12,0.600,0
1.116,12.17,-6.12,0.600,0
1.116,12.17,-6.12,0.600,0
1.116,12.17,-6.12,0.600,0
1.116,12.17,-6.16,0.600,0
1.117,12.17,-6.16,0.600,0
1.117,12.17,-6.16,0.600,0
1.117,12.17,-6.19,0.600,0
1.118,12.17,-6.19,0.600,0
1.118,12.17,-6.19,0.600,0
1.118,12.17,-6.19,0.600,0
1.118,12.17,-6.22,0.600,0
1.119,12.17,-6.22,0.600,0
1.119,12.17,-6.22,0.600,0
1.119,12.17,-6.22,0.600,0
1.119,12.17,-6.25,0.600,0
1.120,12.17,-6.25,0.600,0
1.120,12.17,-6.25,0.600,0
1.120,12.17,-6.29,0.600,0
1.120,12.17,-6.29,0.600,0
1.121,12.17,-6.29,0.600,0
1.121,12.17,-6.29,0.600,0
1.121,12.17,-6.32,0.600,0
1.122,12.17,-6.32,0.600,0
1.122,12.17,-6.32,0.600,0
1.123,12.17,-6.35,0.600,0
1.123,12.17,-6.35,0.600,0
1.123,12.17,-6.35,0.600,0
1.123,12.17,-6.38,0.600,0
1.124,12.17,-6.38,0.600,0
1.124,12.17,-6.38,0.600,0
1.124,12.17,-6.42,0.600,0
1.125,12.17,-6.42,0.600,0
1.125,12.17,-6.42,0.600,0
1.125,12.17,-6.45,0.600,0
1.125,12.17,-6.45,0.600,0
1.126,12.17,-6.45,0.600,0
1.126,12.17,-6.45,0.600,0
1.126,12.17,-6.48,0.600,0
1.126,12.17,-6.48,0.600,0
1.127,12.17,-6.48,0.600,0
1.127,12.17,-6.48,0.600,0
1.127,12.17,-6.48,0.600,0
1.127,12.17,-6.52,0.600,0
1.128,12.17,-6.52,0.600,0
1.128,12.17,-6.52,0.600,0
1.128,12.17,-6.52,0.600,0
1.128,12.17,-6.55,0.600,0
1.129,12.17,-6.55,0.600,0
1.129,12.17,-6.55,0.600,0
1.129,12.17,-6.58,0.600,0
1.130,12.17,-6.58,0.600,0
1.130,12.17,-6.58,0.600,0
1.130,12.17,-6.61,0.600,0
1.130,12.17,-6.61,0.600,0
1.131,12.17,-6.61,0.600,0
1.131,12.17,-6.61,0.600,0
1.131,12.17,-6.65,0.600,0
1.132,12.17,-6.65,0.600,0
1.132,12.17,-6.65,0.600,0
1.132,12.17,-6.65,0.600,0
1.132,12.17,-6.68,0.600,0
1.133,12.17,-6.68,0.600,0
1.133,12.17,-6.68,0.600,0
1.133,12.17,-6.68,0.600,0
1.133,12.17,-6.71,0.600,0
1.134,12.17,-6.71,0.600,0
1.134,12.17,-6.71,0.600,0
1.134,12.17,-6.71,0.600,0
1.134,12.17,-6.74,0.600,0
1.135,12.17,-6.74,0.600,0
1.135,12.17,-6.74,0.600,0
1.135,12.17,-6.74,0.600,0
1.135,12.17,-6.78,0.600,0
1.136,12.17,-6.78,0.600,0
1.136,12.17,-6.78,0.600,0
1.136,12.17,-6.78,0.600,0
1.136,12.17,-6.81,0.600,0
1.137,12.17,-6.81,0.600,0
1.137,12.17,-6.81,0.600,0
1.137,12.17,-6.84,0.600,0
1.137,12.17,-6.84,0.600,0
1.138,12.17,-6.84,0.600,0
1.138,12.17,-6.84,0.600,0
1.138,12.17,-6.87,0.600,0
1.138,12.17,-6.87,0.600,0
1.139,12.17,-6.87,0.600,0
1.139,12.17,-6.87,0.600,0
1.139,12.17,-6.91,0.600,0
1.139,12.17,-6.91,0.600,0
1.140,12.17,-6.91,0.600,0
1.140,12.17,-6.91,0.600,0
1.140,12.17,-6.94,0.600,0
1.140,12.17,-6.94,0.600,0
1.141,12.17,-6.94,0.600,0
1.141,12.17,-6.94,0.600,0
1.141,12.17,-6.97,0.600,0
1.141,12.17,-6.97,0.600,0
1.142,12.17,-6.97,0.600,0
1.142,12.17,-6.97,0.600,0
1.142,12.17,-6.97,0.600,0
1.142,12.17,-7.01,0.600,0
1.143,12.17,-7.01,0.600,0
1.143,12.17,-7.01,0.600,0
1.143,12.17,-7.04,0.600,0
1.143,12.17,-7.04,0.600,0
1.144,12.17,-7.04,0.600,0
1.144,12.17,-7.04,0.600,0
1.144,12.17,-7.07,0.600,0
1.145,12.17,-7.07,0.600,0
1.145,12.17,-7.07,0.600,0
1.145,12.17,-7.07,0.600,0
1.145,12.17,-7.10,0.600,0
1.146,12.17,-7.10,0.600,0
1.146,12.17,-7.10,0.600,0
1.146,12.17,-7.10,0.600,0
1.146,12.17,-7.14,0.600,0
1.147,12.17,-7.14,0.600,0
1.147,12.17,-7.14,0.600,0
1.147,12.17,-7.14,0.600,0
1.147,12.17,-7.17,0.600,0
1.147,12.17,-7.17,0.600,0
1.148,12.17,-7.17,0.600,0
1.148,12.17,-7.17,0.600,0
1.148,12.17,-7.20,0.600,0
1.148,12.17,-7.20,0.600,0
1.149,12.17,-7.20,0.600,0
1.149,12.17,-7.20,0.600,0
1.149,12.17,-7.20,0.600,0
1.149,12.17,-7.23,0.600,0
1.150,12.17,-7.23,0.600,0
1.150,12.17,-7.23,0.600,0
1.150,12.17,-7.23,0.600,0
1.150,12.17,-7.27,0.600,0
1.151,12.17,-7.27,0.600,0
1.151,12.17,-7.27,0.600,0
1.151,12.17,-7.27,0.600,0
1.151,12.17,-7.30,0.600,0
1.152,12.17,-7.30,0.600,0
1.152,12.17,-7.30,0.600,0
1.152,12.17,-7.30,0.600,0
1.152,12.17,-7.33,0.600,0
1.153,12.17,-7.33,0.600,0
1.153,12.17,-7.33,0.600,0
1.153,12.17,-7.33,0.600,0
1.153,12.17,-7.36,0.600,0
1.153,12.17,-7.36,0.600,0
1.154,12.17,-7.36,0.600,0
1.154,12.17,-7.36,0.600,0
1.154,12.17,-7.40,0.600,0
1.154,12.17,-7.40,0.600,0
1.155,12.17,-7.40,0.600,0
1.155,12.17,-7.40,0.600,0
1.155,12.17,-7.43,0.600,0
1.155,12.17,-7.43,0.600,0
1.156,12.17,-7.43,0.600,0
1.156,12.17,-7.43,0.600,0
1.156,12.17,-7.46,0.600,0
1.156,12.17,-7.46,0.600,0
1.157,12.17,-7.46,0.600,0
1.157,12.17,-7.46,0.600,0
1.157,12.17,-7.50,0.600,0
1.158,12.17,-7.50,0.600,0
1.158,12.17,-7.50,0.600,0
1.158,12.17,-7.50,0.600,0
1.158,12.17,-7.53,0.600,0
1.159,12.17,-7.53,0.600,0
1.159,12.17,-7.53,0.600,0
1.159,12.17,-7.53,0.600,0
1.159,12.17,-7.56,0.600,0
1.160,12.17,-7.56,0.600,0
1.160,12.17,-7.56,0.600,0
1.160,12.17,-7.56,0.600,0
1.160,12.17,-7.59,0.600,0
1.161,12.17,-7.59,0.600,0
1.161,12.17,-7.59,0.600,0
1.161,12.17,-7.59,0.600,0
1.161,12.17,-7.63,0.600,0
1.162,12.17,-7.63,0.600,0
1.162,12.17,-7.63,0.600,0
1.162,12.17,-7.63,0.600,0
1.162,12.17,-7.66,0.600,0
1.163,12.17,-7.66,0.600,0
1.163,12.17,-7.66,0.600,0
1.163,12.17,-7.66,0.600,0
1.163,12.17,-7.69,0.600,0
1.164,12.17,-7.69,0.600,0
1.164,12.17,-7.69,0.600,0
1.164,12.17,-7.72,0.600,0
1.165,12.17,-7.72,0.600,1
1.165,7.49,-7.72,0.600,0
1.165,7.49,-7.76,0.600,0
1.166,7.49,-7.76,0.600,0
1.166,7.49,-7.76,0.600,0
1.166,7.49,-7.79,0.600,0
1.166,7.49,-7.79,0.600,0
1.167,7.49,-7.79,0.600,0
1.167,7.49,-7.79,0.600,0
1.167,7.49,-7.79,0.600,0
1.167,7.49,-7.82,0.600,0
1.168,7.49,-7.82,0.600,0
1.168,7.49,-7.82,0.600,0
1.168,7.49,-7.82,0.600,0
1.168,7.49,-7.85,0.600,0
1.169,7.49,-7.85,0.600,0
1.169,7.49,-7.85,0.600,0
1.169,7.49,-7.85,0.600,0
1.169,7.49,-7.89,0.600,0
1.170,7.49,-7.89,0.600,0
1.170,7.49,-7.89,0.600,0
1.170,7.49,-7.89,0.600,0
1.170,7.49,-7.92,0.600,0
1.171,7.49,-7.92,0.600,0
1.171,7.49,-7.92,0.600,0
1.171,7.49,-7.95,0.600,0
1.171,7.49,-7.95,0.600,0
1.172,7.49,-7.95,0.600,0
1.172,7.49,-7.95,0.600,0
1.172,7.49,-7.95,0.600,0
1.172,7.49,-7.98,0.600,0
1.173,7.49,-7.98,0.600,0
1.173,7.49,-7.98,0.600,0
1.173,7.49,-7.98,0.600,0
1.173,7.49,-8.02,0.600,0
1.174,7.49,-8.02,0.600,0
1.174,7.49,-8.02,0.600,0
1.174,7.49,-8.05,0.600,0
1.174,7.49,-8.05,0.600,0
1.175,7.49,-8.05,0.600,0
1.175,7.49,-8.05,0.600,0
1.175,7.49,-8.05,0.600,0
1.175,7.49,-8.08,0.600,0
1.176,7.49,-8.08,0.600,0
1.176,7.49,-8.08,0.600,0
1.176,7.49,-8.08,0.600,0
1.176,7.49,-8.12,0.600,0
1.176,7.49,-8.12,0.600,0
1.177,7.49,-8.12,0.600,0
1.177,7.49,-8.12,0.600,0
1.177,7.49,-8.12,0.600,0
1.177,7.49,-8.15,0.600,0
1.177,7.49,-8.15,0.600,0
1.178,7.49,-8.15,0.600,0
1.178,7.49,-8.15,0.600,0
1.178,7.49,-8.18,0.600,0
1.179,7.49,-8.18,0.600,0
1.179,7.49,-8.18,0.600,0
1.179,7.49,-8.21,0.600,0
1.179,7.49,-8.21,0.600,0
1.180,7.49,-8.21,0.600,0
1.180,7.49,-8.21,0.600,0
1.180,7.49,-8.25,0.600,0
1.180,7.49,-8.25,0.600,0
1.181,7.49,-8.25,0.600,0
1.181,7.49,-8.25,0.600,0
1.181,7.49,-8.25,0.600,0
1.181,7.49,-8.28,0.600,0
1.182,7.49,-8.28,0.600,0
1.182,7.49,-8.28,0.600,0
1.182,7.49,-8.28,0.600,0
1.182,7.49,-8.31,0.600,0
1.182,7.49,-8.31,0.600,0
1.183,7.49,-8.31,0.600,0
1.183,7.49,-8.31,0.600,0
1.183,7.49,-8.34,0.600,0
1.183,7.49,-8.34,0.600,0
1.184,7.49,-8.34,0.600,0
1.184,7.49,-8.34,0.600,0
1.184,7.49,-8.34,0.600,0
1.184,7.49,-8.38,0.600,0
1.185,7.49,-8.38,0.600,0
1.185,7.49,-8.38,0.600,0
1.185,7.49,-8.38,0.600,0
1.185,7.49,-8.41,0.600,0
1.186,7.49,-8.41,0.600,0
1.186,7.49,-8.41,0.600,0
1.186,7.49,-8.41,0.600,0
1.186,7.49,-8.44,0.600,0
1.187,7.49,-8.44,0.600,0
1.187,7.49,-8.44,0.600,0
1.187,7.49,-8.44,0.600,0
1.187,7.49,-8.47,0.600,0
1.188,7.49,-8.47,0.600,0
1.188,7.49,-8.47,0.600,0
1.188,7.49,-8.47,0.600,0
1.188,7.49,-8.51,0.600,0
1.188,7.49,-8.51,0.600,0
1.189,7.49,-8.51,0.600,0
1.189,7.49,-8.51,0.600,0
1.189,7.49,-8.54,0.600,0
1.189,7.49,-8.54,0.600,0
1.190,7.49,-8.54,0.600,0
1.190,7.49,-8.54,0.600,0
1.190,7.49,-8.57,0.600,0
1.190,7.49,-8.57,0.600,0
1.191,7.49,-8.57,0.600,0
1.191,7.49,-8.57,0.600,0
1.191,7.49,-8.61,0.600,0
1.192,7.49,-8.61,0.600,0
1.192,7.49,-8.61,0.600,0
1.192,7.49,-8.61,0.600,0
1.192,7.49,-8.64,0.600,0
1.192,7.49,-8.64,0.600,0
1.193,7.49,-8.64,0.600,0
1.193,7.49,-8.64,0.600,0
1.193,7.49,-8.67,0.600,0
1.194,7.49,-8.67,0.600,0
1.194,7.49,-8.67,0.600,0
1.194,7.49,-8.70,0.600,0
1.194,7.49,-8.70,0.600,0
1.195,7.49,-8.70,0.600,0
1.195,7.49,-8.70,0.600,0
1.195,7.49,-8.74,0.600,0
1.195,7.49,-8.74,0.600,0
1.196,7.49,-8.74,0.600,0
1.196,7.49,-8.74,0.600,0
1.196,7.49,-8.74,0.600,0
1.196,7.49,-8.77,0.600,0
1.197,7.49,-8.77,0.600,0
1.197,7.49,-8.77,0.600,0
1.197,7.49,-8.77,0.600,0
1.197,7.49,-8.80,0.600,0
1.198,7.49,-8.80,0.600,0
1.198,7.49,-8.80,0.600,0
1.198,7.49,-8.80,0.600,0
1.198,7.49,-8.83,0.600,0
1.199,7.49,-8.83,0.600,0
1.199,7.49,-8.83,0.600,0
1.199,7.49,-8.83,0.600,0
1.199,7.49,-8.87,0.600,0
1.200,7.49,-8.87,0.600,0
1.200,7.49,-8.87,0.600,0
1.200,7.49,-8.90,0.600,0
1.201,7.49,-8.90,0.600,0
1.201,7.49,-8.90,0.600,0
1.201,7.49,-8.90,0.600,0
1.201,7.49,-8.90,0.600,0
1.201,7.49,-8.93,0.600,0
1.202,7.49,-8.93,0.600,0
1.202,7.49,-8.93,0.600,0
1.202,7.49,-8.93,0.600,0
1.202,7.49,-8.96,0.600,0
1.203,7.49,-8.96,0.600,0
1.203,7.49,-8.96,0.600,0
1.203,7.49,-8.96,0.600,0
1.203,7.49,-9.00,0.600,0
1.204,7.49,-9.00,0.600,0
1.204,7.49,-9.00,0.600,0
1.204,7.49,-9.00,0.600,0
1.204,7.49,-9.03,0.600,0
1.205,7.49,-9.03,0.600,0
1.205,7.49,-9.03,0.600,0
1.205,7.49,-9.03,0.600,0
1.205,7.49,-9.06,0.600,0
1.206,7.49,-9.06,0.600,0
1.206,7.49,-9.06,0.600,0
1.206,7.49,-9.06,0.600,0
1.206,7.49,-9.10,0.600,0
1.207,7.49,-9.10,0.600,0
1.207,7.49,-9.10,0.600,0
1.207,7.49,-9.13,0.600,0
1.207,7.49,-9.13,0.600,0
1.208,7.49,-9.13,0.600,0
1.208,7.49,-9.13,0.600,0
1.208,7.49,-9.16,0.600,0
1.208,7.49,-9.16,0.600,0
1.209,7.49,-9.16,0.600,0
1.209,7.49,-9.16,0.600,0
1.209,7.49,-9.16,0.600,0
1.209,7.49,-9.19,0.600,0
1.210,7.49,-9.19,0.600,0
1.210,7.49,-9.19,0.600,0
1.210,7.49,-9.19,0.600,0
1.210,7.49,-9.23,0.600,0
1.211,7.49,-9.23,0.600,0
1.211,7.49,-9.23,0.600,0
1.211,7.49,-9.23,0.600,0
1.211,7.49,-9.26,0.600,0
1.212,7.49,-9.26,0.600,0
1.212,7.49,-9.26,0.600,0
1.212,7.49,-9.26,0.600,0
1.212,7.49,-9.29,0.600,0
1.213,7.49,-9.29,0.600,0
1.213,7.49,-9.29,0.600,0
1.213,7.49,-9.29,0.600,0
1.213,7.49,-9.32,0.600,0
1.214,7.49,-9.32,0.600,0
1.214,7.49,-9.32,0.600,0
1.214,7.49,-9.36,0.600,0
1.214,7.49,-9.36,0.600,0
1.215,7.49,-9.36,0.600,0
1.215,7.49,-9.36,0.600,0
1.215,7.49,-9.39,0.600,0
1.215,7.49,-9.39,0.600,0
1.216,7.49,-9.39,0.600,0
1.216,7.49,-9.39,0.600,0
1.216,7.49,-9.39,0.600,0
1.216,7.49,-9.42,0.600,0
1.217,7.49,-9.42,0.600,0
1.217,7.49,-9.42,0.600,0
1.217,7.49,-9.42,0.600,0
1.217,7.49,-9.42,0.600,0
1.217,7.49,-9.45,0.600,0
1.218,7.49,-9.45,0.600,0
1.218,7.49,-9.45,0.600,0
1.218,7.49,-9.45,0.600,0
1.218,7.49,-9.49,0.600,0
1.219,7.49,-9.49,0.600,0
1.219,7.49,-9.49,0.600,0
1.219,7.49,-9.49,0.600,0
1.219,7.49,-9.52,0.600,0
1.220,7.49,-9.52,0.600,0
1.220,7.49,-9.52,0.600,0
1.220,7.49,-9.52,0.600,0
1.220,7.49,-9.55,0.600,0
1.221,7.49,-9.55,0.600,0
1.221,7.49,-9.55,0.600,0
1.221,7.49,-9.59,0.600,0
1.221,7.49,-9.59,0.600,0
1.222,7.49,-9.59,0.600,0
1.222,7.49,-9.59,0.600,0
1.222,7.49,-9.62,0.600,0
1.222,7.49,-9.62,0.600,0
1.223,7.49,-9.62,0.600,0
1.223,7.49,-9.62,0.600,0
1.223,7.49,-9.65,0.600,0
1.223,7.49,-9.65,0.600,0
1.224,7.49,-9.65,0.600,0
1.224,7.49,-9.65,0.600,0
1.224,7.49,-9.68,0.600,0
1.224,7.49,-9.68,0.600,0
1.225,7.49,-9.68,0.600,0
1.225,7.49,-9.68,0.600,0
1.225,7.49,-9.68,0.600,0
1.225,7.49,-9.72,0.600,0
1.226,7.49,-9.72,0.600,0
1.226,7.49,-9.72,0.600,0
1.226,7.49,-9.72,0.600,0
1.226,7.49,-9.75,0.600,0
1.227,7.49,-9.75,0.600,0
1.227,7.49,-9.75,0.600,0
1.227,7.49,-9.78,0.600,0
1.228,7.49,-9.78,0.600,0
1.228,7.49,-9.78,0.600,0
1.228,7.49,-9.81,0.600,0
1.229,7.49,-9.81,0.600,0
1.229,7.49,-9.81,0.600,0
1.229,7.49,-9.85,0.600,0
1.230,7.49,-9.85,0.600,0
1.230,7.49,-9.85,0.600,0
1.230,7.49,-9.85,0.600,0
1.230,7.49,-9.88,0.600,0
1.231,7.49,-9.88,0.600,0
1.231,7.49,-9.88,0.600,0
1.231,7.49,-9.88,0.600,0
1.231,7.49,-9.91,0.600,0
1.232,7.49,-9.91,0.600,0
1.232,7.49,-9.91,0.600,0
1.232,7.49,-9.91,0.600,0
1.232,7.49,-9.94,0.600,0
1.232,7.49,-9.94,0.600,0
1.233,7.49,-9.94,0.600,0
1.233,7.49,-9.94,0.600,0
1.233,7.49,-9.98,0.600,0
1.234,7.49,-9.98,0.600,0
1.234,7.49,-9.98,0.600,0
1.234,7.49,-9.98,0.600,0
1.234,7.49,-10.01,0.600,0
1.235,7.49,-10.01,0.600,0
1.235,7.49,-10.01,0.600,0
1.235,7.49,-10.01,0.600,0
1.235,7.49,-10.04,0.600,0
1.236,7.49,-10.04,0.600,0
1.236,7.49,-10.04,0.600,0
1.236,7.49,-10.04,0.600,0
1.236,7.49,-10.08,0.600,0
1.237,7.49,-10.08,0.600,0
1.237,7.49,-10.08,0.600,0
1.237,7.49,-10.08,0.600,0
1.237,7.49,-10.11,0.600,0
1.238,7.49,-10.11,0.600,0
1.238,7.49,-10.11,0.600,0
1.238,7.49,-10.11,0.600,0
1.238,7.49,-10.14,0.600,0
1.238,7.49,-10.14,0.600,0
1.239,7.49,-10.14,0.600,0
1.239,7.49,-10.14,0.600,0
1.239,7.49,-10.14,0.600,0
1.239,7.49,-10.17,0.600,0
1.240,7.49,-10.17,0.600,0
1.240,7.49,-10.17,0.600,0
1.240,7.49,-10.21,0.600,0
1.240,7.49,-10.21,0.600,0
1.241,7.49,-10.21,0.600,0
1.241,7.49,-10.21,0.600,0
1.241,7.49,-10.24,0.600,0
1.241,7.49,-10.24,0.600,0
1.242,7.49,-10.24,0.600,0
1.242,7.49,-10.24,0.600,0
1.242,7.49,-10.27,0.600,0
1.242,7.49,-10.27,0.600,0
1.243,7.49,-10.27,0.600,0
1.243,7.49,-10.27,0.600,0
1.243,7.49,-10.27,0.600,0
1.243,7.49,-10.30,0.600,0
1.244,7.49,-10.30,0.600,0
1.244,7.49,-10.30,0.600,0
1.244,7.49,-10.30,0.600,0
1.244,7.49,-10.34,0.600,0
1.244,7.49,-10.34,0.600,0
1.245,7.49,-10.34,0.600,0
1.245,7.49,-10.34,0.600,0
1.245,7.49,-10.37,0.600,0
1.245,7.49,-10.37,0.600,0
1.246,7.49,-10.37,0.600,0
1.246,7.49,-10.37,0.600,0
1.246,7.49,-10.40,0.600,0
1.246,7.49,-10.40,0.600,0
1.247,7.49,-10.40,0.600,0
1.247,7.49,-10.40,0.600,0
1.247,7.49,-10.43,0.600,0
1.247,7.49,-10.43,0.600,0
1.248,7.49,-10.43,0.600,0
1.248,7.49,-10.43,0.600,0
1.248,7.49,-10.47,0.600,0
1.248,7.49,-10.47,0.600,0
1.249,7.49,-10.47,0.600,0
1.249,7.49,-10.47,0.600,0
1.249,7.49,-10.50,0.600,0
1.249,7.49,-10.50,0.600,0
1.250,7.49,-10.50,0.600,0
1.250,7.49,-10.50,0.600,0
1.250,7.49,-10.53,0.600,0
1.250,7.49,-10.53,0.600,0
1.251,7.49,-10.53,0.600,0
1.251,7.49,-10.53,0.600,0
1.251,7.49,-10.53,0.600,0
1.251,7.49,-10.57,0.600,0
1.252,7.49,-10.57,0.600,0
1.252,7.49,-10.57,0.600,0
1.252,7.49,-10.57,0.600,0
1.252,7.49,-10.57,0.600,0
1.252,7.49,-10.60,0.600,0
1.253,7.49,-10.60,0.600,0
1.253,7.49,-10.60,0.600,0
1.253,7.49,-10.63,0.600,0
1.253,7.49,-10.63,0.600,0
1.254,7.49,-10.63,0.600,0
1.254,7.49,-10.63,0.600,0
1.254,7.49,-10.66,0.600,0
1.254,7.49,-10.66,0.600,0
1.255,7.49,-10.66,0.600,0
1.255,7.49,-10.66,0.600,0
1.255,7.49,-10.70,0.600,0
1.256,7.49,-10.70,0.600,0
1.256,7.49,-10.70,0.600,0
1.256,7.49,-10.73,0.600,0
1.256,7.49,-10.73,0.600,0
1.257,7.49,-10.73,0.600,0
1.257,7.49,-10.73,0.600,0
1.257,7.49,-10.76,0.600,0
1.257,7.49,-10.76,0.600,0
1.258,7.49,-10.76,0.600,0
1.258,7.49,-10.76,0.600,0
1.258,7.49,-10.79,0.600,0
1.259,7.49,-10.79,0.600,0
1.259,7.49,-10.79,0.600,0
1.259,7.49,-10.79,0.600,0
1.260,7.49,-10.83,0.600,0
1.260,7.49,-10.83,0.600,0
1.261,7.49,-10.86,0.600,0
1.261,7.49,-10.86,0.600,0
1.261,7.49,-10.86,0.600,0
1.262,7.49,-10.89,0.600,0
1.262,7.49,-10.89,0.600,0
1.262,7.49,-10.92,0.600,0
1.263,7.49,-10.92,0.600,0
1.263,7.49,-10.92,0.600,0
1.263,7.49,-10.96,0.600,0
1.264,7.49,-10.96,0.600,0
1.264,7.49,-10.96,0.600,0
1.264,7.49,-10.96,0.600,0
1.264,7.49,-10.99,0.600,0
1.264,7.49,-10.99,0.600,0
1.265,7.49,-10.99,0.600,0
1.265,7.49,-10.99,0.600,0
1.265,7.49,-10.99,0.600,0
1.266,7.49,-11.02,0.600,0
1.266,7.49,-11.02,0.600,0
1.266,7.49,-11.02,0.600,0
1.266,7.49,-11.06,0.600,0
1.266,7.49,-11.06,0.600,0
1.267,7.49,-11.06,0.600,0
1.267,7.49,-11.06,0.600,0
1.267,7.49,-11.06,0.600,0
1.267,7.49,-11.09,0.600,0
1.268,7.49,-11.09,0.600,0
1.268,7.49,-11.09,0.600,0
1.268,7.49,-11.09,0.600,0
1.268,7.49,-11.12,0.600,0
1.269,7.49,-11.12,0.600,0
1.269,7.49,-11.12,0.600,0
1.269,7.49,-11.12,0.600,0
1.269,7.49,-11.15,0.600,0
1.270,7.49,-11.15,0.600,0
1.270,7.49,-11.15,0.600,0
1.270,7.49,-11.15,0.600,0
1.270,7.49,-11.19,0.600,0
1.271,7.49,-11.19,0.600,0
1.271,7.49,-11.19,0.600,0
1.271,7.49,-11.19,0.600,0
1.271,7.49,-11.22,0.600,0
1.271,7.49,-11.22,0.600,0
1.272,7.49,-11.22,0.600,0
1.272,7.49,-11.22,0.600,0
1.272,7.49,-11.22,0.600,0
1.272,7.49,-11.25,0.600,0
1.273,7.49,-11.25,0.600,0
1.273,7.49,-11.25,0.600,0
1.273,7.49,-11.25,0.600,0
1.273,7.49,-11.28,0.600,0
1.274,7.49,-11.28,0.600,0
1.274,7.49,-11.28,0.600,0
1.274,7.49,-11.28,0.600,0
1.274,7.49,-11.32,0.600,0
1.275,7.49,-11.32,0.600,0
1.275,7.49,-11.32,0.600,0
1.275,7.49,-11.32,0.600,0
1.275,7.49,-11.35,0.600,0
1.276,7.49,-11.35,0.600,0
1.276,7.49,-11.35,0.600,0
1.276,7.49,-11.35,0.600,0
1.276,7.49,-11.38,0.600,0
1.277,7.49,-11.38,0.600,0
1.277,7.49,-11.38,0.600,0
1.277,7.49,-11.38,0.600,0
1.277,7.49,-11.41,0.600,0
1.278,7.49,-11.41,0.600,0
1.278,7.49,-11.41,0.600,0
1.278,7.49,-11.41,0.600,0
1.278,7.49,-11.45,0.600,0
1.278,7.49,-11.45,0.600,0
1.279,7.49,-11.45,0.600,0
1.279,7.49,-11.45,0.600,0
1.279,7.49,-11.45,0.600,0
1.279,7.49,-11.48,0.600,0
1.280,7.49,-11.48,0.600,0
1.280,7.49,-11.48,0.600,0
1.280,7.49,-11.48,0.600,0
1.280,7.49,-11.51,0.600,0
1.280,7.49,-11.51,0.600,0
1.281,7.49,-11.51,0.600,0
1.281,7.49,-11.51,0.600,0
1.281,7.49,-11.55,0.600,0
1.281,7.49,-11.55,0.600,0
1.282,7.49,-11.55,0.600,0
1.282,7.49,-11.55,0.600,0
1.282,7.49,-11.58,0.600,0
1.283,7.49,-11.58,0.600,0
1.283,7.49,-11.58,0.600,0
1.283,7.49,-11.58,0.600,0
1.284,7.49,-11.61,0.600,0
1.284,7.49,-11.61,0.600,0
1.284,7.49,-11.61,0.600,0
1.284,7.49,-11.64,0.600,0
1.285,7.49,-11.64,0.600,0
1.285,7.49,-11.64,0.600,0
1.285,7.49,-11.64,0.600,0
1.285,7.49,-11.68,0.600,0
1.285,7.49,-11.68,0.600,0
1.286,7.49,-11.68,0.600,0
1.286,7.49,-11.68,0.600,0
1.286,7.49,-11.68,0.600,0
1.286,7.49,-11.71,0.600,0
1.287,7.49,-11.71,0.600,0
1.287,7.49,-11.71,0.600,0
1.287,7.49,-11.71,0.600,0
1.287,7.49,-11.74,0.600,0
1.288,7.49,-11.74,0.600,0
1.288,7.49,-11.74,0.600,0
1.288,7.49,-11.74,0.600,0
1.288,7.49,-11.77,0.600,0
1.288,7.49,-11.77,0.600,0
1.289,7.49,-11.77,0.600,0
1.289,7.49,-11.77,0.600,0
1.289,7.49,-11.81,0.600,0
1.290,7.49,-11.81,0.600,0
1.290,7.49,-11.81,0.600,0
1.291,7.49,-11.84,0.600,0
1.291,7.49,-11.84,0.600,0
1.291,7.49,-11.84,0.600,0
1.291,7.49,-11.87,0.600,0
1.292,7.49,-11.87,0.600,0
1.292,7.49,-11.87,0.600,0
1.292,7.49,-11.87,0.600,0
1.292,7.49,-11.90,0.600,0
1.292,7.49,-11.90,0.600,0
1.293,7.49,-11.90,0.600,0
1.293,7.49,-11.90,0.600,0
1.293,7.49,-11.90,0.600,0
1.293,7.49,-11.94,0.600,0
1.294,7.49,-11.94,0.600,0
1.294,7.49,-11.94,0.600,0
1.294,7.49,-11.94,0.600,0
1.294,7.49,-11.97,0.600,0
1.295,7.49,-11.97,0.600,0
1.295,7.49,-11.97,0.600,0
1.295,7.49,-11.97,0.600,0
1.295,7.49,-12.00,0.600,0
1.296,7.49,-12.00,0.600,0
1.296,7.49,-12.00,0.600,0
1.296,7.49,-12.04,0.600,0
1.297,7.49,-12.04,0.600,0
1.297,7.49,-12.04,0.600,0
1.297,7.49,-12.04,0.600,0
1.297,7.49,-12.07,0.600,0
1.298,7.49,-12.07,0.600,0
1.298,7.49,-12.10,0.600,0
1.298,7.49,-12.10,0.600,0
1.299,7.49,-12.10,0.600,0
1.299,7.49,-12.10,0.600,0
1.299,7.49,-12.10,0.600,0
1.299,7.49,-12.13,0.600,0
1.300,7.49,-12.13,0.600,0
1.300,7.49,-12.13,0.600,0
1.300,7.49,-12.13,0.600,0
1.300,7.49,-12.17,0.600,0
1.301,7.49,-12.17,0.600,0
1.301,7.49,-12.17,0.600,0
1.301,7.49,-12.17,0.600,0
1.301,7.49,-12.20,0.600,0
1.302,7.49,-12.20,0.600,0
1.302,7.49,-12.20,0.600,0
1.302,7.49,-12.20,0.600,0
1.302,7.49,-12.23,0.600,0
1.303,7.49,-12.23,0.600,0
1.303,7.49,-12.23,0.600,0
1.303,7.49,-12.23,0.600,0
1.304,7.49,-12.26,0.600,0
1.304,7.49,-12.26,0.600,0
1.304,7.49,-12.30,0.600,0
1.305,7.49,-12.30,0.600,0
1.305,7.49,-12.30,0.600,0
1.305,7.49,-12.30,0.600,0
1.305,7.49,-12.33,0.600,0
1.305,7.49,-12.33,0.600,0
1.306,7.49,-12.33,0.600,0
1.306,7.49,-12.33,0.600,0
1.306,7.49,-12.36,0.600,0
1.307,7.49,-12.36,0.600,0
1.307,7.49,-12.36,0.600,0
1.307,7.49,-12.36,0.600,0
1.307,7.49,-12.39,0.600,0
1.307,7.49,-12.39,0.600,0
1.308,7.49,-12.39,0.600,0
1.308,7.49,-12.39,0.600,0
1.308,7.49,-12.39,0.600,0
1.308,7.49,-12.43,0.600,0
1.309,7.49,-12.43,0.600,0
1.309,7.49,-12.43,0.600,0
1.309,7.49,-12.43,0.600,0
1.310,7.49,-12.46,0.600,0
1.310,7.49,-12.46,0.600,0
1.310,7.49,-12.46,0.600,0
1.310,7.49,-12.49,0.600,0
1.311,7.49,-12.49,0.600,0
1.311,7.49,-12.49,0.600,0
1.311,7.49,-12.49,0.600,0
1.311,7.49,-12.53,0.600,0
1.312,7.49,-12.53,0.600,0
1.312,7.49,-12.53,0.600,0
1.312,7.49,-12.56,0.600,0
1.313,7.49,-12.56,0.600,0
1.313,7.49,-12.56,0.600,0
1.313,7.49,-12.56,0.600,0
1.313,7.49,-12.59,0.600,0
1.314,7.49,-12.59,0.600,0
1.314,7.49,-12.59,0.600,0
1.314,7.49,-12.59,0.600,0
1.314,7.49,-12.62,0.600,0
1.315,7.49,-12.62,0.600,0
1.315,7.49,-12.62,0.600,0
1.315,7.49,-12.62,0.600,0
1.315,7.49,-12.66,0.600,0
1.316,7.49,-12.66,0.600,0
1.316,7.49,-12.66,0.600,0
1.316,7.49,-12.66,0.600,0
1.316,7.49,-12.69,0.600,0
1.317,7.49,-12.69,0.600,0
1.317,7.49,-12.69,0.600,0
1.317,7.49,-12.72,0.600,0
1.318,7.49,-12.72,0.600,0
1.318,7.49,-12.72,0.600,0
1.318,7.49,-12.75,0.600,0
1.318,7.49,-12.75,0.600,0
1.319,7.49,-12.75,0.600,0
1.319,7.49,-12.75,0.600,0
1.319,7.49,-12.79,0.600,0
1.319,7.49,-12.79,0.600,0
1.320,7.49,-12.79,0.600,0
1.320,7.49,-12.79,0.600,0
1.320,7.49,-12.82,0.600,0
1.320,7.49,-12.82,0.600,0
1.321,7.49,-12.82,0.600,0
1.321,7.49,-12.82,0.600,0
1.321,7.49,-12.82,0.600,0
1.321,7.49,-12.85,0.600,0
1.322,7.49,-12.85,0.600,0
1.322,7.49,-12.85,0.600,0
1.322,7.49,-12.88,0.600,0
1.322,7.49,-12.88,0.600,0
1.323,7.49,-12.88,0.600,0
1.323,7.49,-12.88,0.600,0
1.323,7.49,-12.88,0.600,0
1.324,7.49,-12.92,0.600,0
1.324,7.49,-12.92,0.600,0
1.324,7.49,-12.95,0.600,0
1.325,7.49,-12.95,0.600,0
1.325,7.49,-12.95,0.600,0
1.325,7.49,-12.98,0.600,0
1.326,7.49,-12.98,0.600,0
1.326,7.49,-12.98,0.600,0
1.326,7.49,-12.98,0.600,0
1.326,7.49,-13.02,0.600,0
1.327,7.49,-13.02,0.600,0
1.327,7.49,-13.02,0.600,0
1.327,7.49,-13.05,0.600,0
1.327,7.49,-13.05,0.600,0
1.328,7.49,-13.05,0.600,0
1.328,7.49,-13.05,0.600,0
1.328,7.49,-13.05,0.600,0
1.329,7.49,-13.08,0.600,0
1.329,7.49,-13.08,0.600,0
1.329,7.49,-13.08,0.600,0
1.329,7.49,-13.11,0.600,0
1.329,7.49,-13.11,0.600,0
1.330,7.49,-13.11,0.600,0
1.330,7.49,-13.11,0.600,0
1.330,7.49,-13.11,0.600,0
1.330,7.49,-13.15,0.600,0
1.331,7.49,-13.15,0.600,0
1.331,7.49,-13.15,0.600,0
1.331,7.49,-13.15,0.600,0
1.331,7.49,-13.18,0.600,0
1.332,7.49,-13.18,0.600,0
1.332,7.49,-13.18,0.600,0
1.332,7.49,-13.21,0.600,0
1.333,7.49,-13.21,0.600,0
1.333,7.49,-13.21,0.600,0
1.333,7.49,-13.21,0.600,0
1.333,7.49,-13.24,0.600,0
1.333,7.49,-13.24,0.600,0
1.334,7.49,-13.24,0.600,0
1.334,7.49,-13.24,0.600,0
1.334,7.49,-13.24,0.600,0
1.334,7.49,-13.28,0.600,0
1.335,7.49,-13.28,0.600,0
1.335,7.49,-13.28,0.600,0
1.335,7.49,-13.28,0.600,0
1.335,7.49,-13.28,0.600,0
1.335,7.49,-13.31,0.600,0
1.336,7.49,-13.31,0.600,0
1.336,7.49,-13.31,0.600,0
1.336,7.49,-13.31,0.600,0
1.336,7.49,-13.34,0.600,0
1.337,7.49,-13.34,0.600,0
1.337,7.49,-13.34,0.600,0
1.337,7.49,-13.37,0.600,0
1.338,7.49,-13.37,0.600,0
1.338,7.49,-13.37,0.600,0
1.338,7.49,-13.37,0.600,0
1.338,7.49,-13.41,0.600,0
1.339,7.49,-13.41,0.600,0
1.339,7.49,-13.41,0.600,0
1.339,7.49,-13.44,0.600,0
1.340,7.49,-13.44,0.600,0
1.340,7.49,-13.44,0.600,0
1.340,7.49,-13.44,0.600,0
1.340,7.49,-13.47,0.600,0
1.340,7.49,-13.47,0.600,0
1.341,7.49,-13.47,0.600,0
1.341,7.49,-13.47,0.600,0
1.341,7.49,-13.51,0.600,0
1.342,7.49,-13.51,0.600,0
1.342,7.49,-13.51,0.600,0
1.342,7.49,-13.51,0.600,0
1.342,7.49,-13.54,0.600,0
1.343,7.49,-13.54,0.600,0
1.343,7.49,-13.54,0.600,0
1.343,7.49,-13.54,0.600,0
1.343,7.49,-13.57,0.600,0
1.344,7.49,-13.57,0.600,0
1.344,7.49,-13.57,0.600,0
1.344,7.49,-13.57,0.600,0
1.344,7.49,-13.60,0.600,0
1.345,7.49,-13.60,0.600,0
1.345,7.49,-13.60,0.600,0
1.345,7.49,-13.60,0.600,0
1.345,7.49,-13.64,0.600,0
1.346,7.49,-13.64,0.600,0
1.346,7.49,-13.64,0.600,0
1.346,7.49,-13.64,0.600,0
1.346,7.49,-13.67,0.600,0
1.347,7.49,-13.67,0.600,0
1.347,7.49,-13.67,0.600,0
1.347,7.49,-13.70,0.600,0
1.347,7.49,-13.70,0.600,0
1.348,7.49,-13.70,0.600,0
1.348,7.49,-13.70,0.600,0
1.348,7.49,-13.70,0.600,0
1.348,7.49,-13.73,0.600,0
1.349,7.49,-13.73,0.600,0
1.349,7.49,-13.73,0.600,0
1.349,7.49,-13.73,0.600,0
1.349,7.49,-13.77,0.600,0
1.350,7.49,-13.77,0.600,0
1.350,7.49,-13.77,0.600,0
1.350,7.49,-13.77,0.600,0
1.350,7.49,-13.80,0.600,0
1.351,7.49,-13.80,0.600,0
1.351,7.49,-13.80,0.600,0
1.351,7.49,-13.80,0.600,0
1.351,7.49,-13.83,0.600,0
1.352,7.49,-13.83,0.600,0
1.352,7.49,-13.83,0.600,0
1.352,7.49,-13.86,0.600,0
1.352,7.49,-13.86,0.600,0
1.353,7.49,-13.86,0.600,0
1.353,7.49,-13.86,0.600,0
1.353,7.49,-13.90,0.600,0
1.354,7.49,-13.90,0.600,0
1.354,7.49,-13.90,0.600,0
1.354,7.49,-13.90,0.600,0
1.354,7.49,-13.93,0.600,0
1.355,7.49,-13.93,0.600,0
1.355,7.49,-13.93,0.600,0
1.355,7.49,-13.93,0.600,0
1.355,7.49,-13.96,0.600,0
1.356,7.49,-13.96,0.600,0
1.356,7.49,-13.96,0.600,0
1.356,7.49,-13.96,0.600,0
1.356,7.49,-14.00,0.600,0
1.357,7.49,-14.00,0.600,0
1.357,7.49,-14.00,0.600,0
1.357,7.49,-14.00,0.600,0
1.357,7.49,-14.03,0.600,0
1.358,7.49,-14.03,0.600,0
1.358,7.49,-14.03,0.600,0
1.358,7.49,-14.03,0.600,0
1.358,7.49,-14.06,0.600,0
1.359,7.49,-14.06,0.600,0
1.359,7.49,-14.06,0.600,0
1.359,7.49,-14.06,0.600,0
1.359,7.49,-14.09,0.600,0
1.360,7.49,-14.09,0.600,0
1.360,7.49,-14.09,0.600,0
1.360,7.49,-14.09,0.600,0
1.361,7.49,-14.13,0.600,0
1.361,7.49,-14.13,0.600,0
1.361,7.49,-14.13,0.600,0
1.361,7.49,-14.16,0.600,0
1.362,7.49,-14.16,0.600,0
1.362,7.49,-14.16,0.600,0
1.362,7.49,-14.16,0.600,0
1.362,7.49,-14.19,0.600,0
1.363,7.49,-14.19,0.600,0
1.363,7.49,-14.19,0.600,0
1.363,7.49,-14.19,0.600,0
1.363,7.49,-14.22,0.600,0
1.364,7.49,-14.22,0.600,0
1.364,7.49,-14.22,0.600,0
1.364,7.49,-14.22,0.600,0
1.364,7.49,-14.26,0.600,0
1.365,7.49,-14.26,0.600,0
1.365,7.49,-14.26,0.600,0
1.365,7.49,-14.26,0.600,0
1.366,7.49,-14.29,0.600,0
1.366,7.49,-14.29,0.600,0
1.366,7.49,-14.29,0.600,0
1.366,7.49,-14.29,0.600,0
1.367,7.49,-14.32,0.600,0
1.367,7.49,-14.32,0.600,0
1.367,7.49,-14.32,0.600,0
1.368,7.49,-14.35,0.600,0
1.368,7.49,-14.35,0.600,0
1.368,7.49,-14.35,0.600,0
1.368,7.49,-14.35,0.600,0
1.369,7.49,-14.39,0.600,0
1.369,7.49,-14.39,0.600,0
1.369,7.49,-14.39,0.600,0
1.369,7.49,-14.42,0.600,0
1.370,7.49,-14.42,0.600,0
1.370,7.49,-14.42,0.600,0
1.370,7.49,-14.42,0.600,0
1.370,7.49,-14.45,0.600,0
1.371,7.49,-14.45,0.600,0
1.371,7.49,-14.45,0.600,0
1.371,7.49,-14.45,0.600,0
1.371,7.49,-14.49,0.600,0
1.371,7.49,-14.49,0.600,0
1.372,7.49,-14.49,0.600,0
1.372,7.49,-14.49,0.600,0
1.372,7.49,-14.52,0.600,0
1.373,7.49,-14.52,0.600,0
1.373,7.49,-14.52,0.600,0
1.373,7.49,-14.52,0.600,0
1.373,7.49,-14.55,0.600,0
1.374,7.49,-14.55,0.600,0
1.374,7.49,-14.55,0.600,0
1.374,7.49,-14.58,0.600,0
1.375,7.49,-14.58,0.600,0
1.375,7.49,-14.58,0.600,0
1.375,7.49,-14.58,0.600,0
1.375,7.49,-14.62,0.600,0
1.376,7.49,-14.62,0.600,0
1.376,7.49,-14.62,0.600,0
1.376,7.49,-14.62,0.600,0
1.376,7.49,-14.65,0.600,0
1.377,7.49,-14.65,0.600,0
1.377,7.49,-14.65,0.600,0
1.377,7.49,-14.65,0.600,0
1.377,7.49,-14.68,0.600,0
1.378,7.49,-14.68,0.600,0
1.378,7.49,-14.68,0.600,0
1.378,7.49,-14.68,0.600,0
1.378,7.49,-14.71,0.600,0
1.378,7.49,-14.71,0.600,0
1.379,7.49,-14.71,0.600,0
1.379,7.49,-14.71,0.600,0
1.379,7.49,-14.71,0.600,0
1.379,7.49,-14.75,0.600,0
1.380,7.49,-14.75,0.600,0
1.380,7.49,-14.75,0.600,0
1.380,7.49,-14.75,0.600,0
1.380,7.49,-14.78,0.600,0
1.381,7.49,-14.78,0.600,0
1.381,7.49,-14.78,0.600,0
1.381,7.49,-14.78,0.600,0
1.381,7.49,-14.81,0.600,0
1.382,7.49,-14.81,0.600,0
1.382,7.49,-14.81,0.600,0
1.382,7.49,-14.81,0.600,0
1.382,7.49,-14.84,0.600,0
1.383,7.49,-14.84,0.600,0
1.383,7.49,-14.84,0.600,0
1.383,7.49,-14.84,0.600,0
1.383,7.49,-14.84,0.600,0
1.383,7.49,-14.88,0.600,0
1.384,7.49,-14.88,0.600,0
1.384,7.49,-14.88,0.600,0
1.384,7.49,-14.91,0.600,0
1.384,7.49,-14.91,0.600,0
1.385,7.49,-14.91,0.600,0
1.385,7.49,-14.91,0.600,0
1.385,7.49,-14.91,0.600,0
1.385,7.49,-14.94,0.600,0
1.386,7.49,-14.94,0.600,0
1.386,7.49,-14.94,0.600,0
1.386,7.49,-14.94,0.600,0
1.386,7.49,-14.98,0.600,0
1.387,7.49,-14.98,0.600,0
1.387,7.49,-14.98,0.600,0
1.387,7.49,-15.01,0.600,0
1.388,7.49,-15.01,0.600,0
1.388,7.49,-15.01,0.600,0
1.388,7.49,-15.01,0.600,0
1.388,7.49,-15.04,0.600,0
1.389,7.49,-15.04,0.600,0
1.389,7.49,-15.04,0.600,0
1.389,7.49,-15.04,0.600,0
1.389,7.49,-15.07,0.600,0
1.390,7.49,-15.07,0.600,0
1.390,7.49,-15.07,0.600,0
1.390,7.49,-15.07,0.600,0
1.390,7.49,-15.11,0.600,0
1.391,7.49,-15.11,0.600,0
1.391,7.49,-15.11,0.600,0
1.391,7.49,-15.11,0.600,0
1.391,7.49,-15.11,0.600,0
1.391,7.49,-15.14,0.600,0
1.392,7.49,-15.14,0.600,0
1.392,7.49,-15.14,0.600,0
1.392,7.49,-15.14,0.600,0
1.392,7.49,-15.17,0.600,0
1.393,7.49,-15.17,0.600,0
1.393,7.49,-15.17,0.600,0
1.393,7.49,-15.17,0.600,0
1.394,7.49,-15.20,0.600,0
1.394,7.49,-15.20,0.600,0
1.395,7.49,-15.24,0.600,0
1.395,7.49,-15.24,0.600,0
1.395,7.49,-15.27,0.600,0
1.396,7.49,-15.27,0.600,0
1.396,7.49,-15.27,0.600,0
1.396,7.49,-15.27,0.600,0
1.397,7.49,-15.30,0.600,0
1.397,7.49,-15.30,0.600,0
1.397,7.49,-15.30,0.600,0
1.397,7.49,-15.34,0.600,0
1.398,7.49,-15.34,0.600,0
1.398,7.49,-15.34,0.600,0
1.398,7.49,-15.34,0.600,0
1.398,7.49,-15.37,0.600,0
1.398,7.49,-15.37,0.600,0
1.399,7.49,-15.37,0.600,0
1.399,7.49,-15.37,0.600,0
1.399,7.49,-15.37,0.600,0
1.399,7.49,-15.40,0.600,0
1.400,7.49,-15.40,0.600,0
1.400,7.49,-15.40,0.600,0
1.400,7.49,-15.40,0.600,0
1.400,7.49,-15.43,0.600,0
1.401,7.49,-15.43,0.600,0
1.401,7.49,-15.43,0.600,0
1.401,7.49,-15.43,0.600,0
1.402,7.49,-15.47,0.600,0
1.402,7.49,-15.47,0.600,0
1.402,7.49,-15.47,0.600,0
1.403,7.49,-15.50,0.600,0
1.403,7.49,-15.50,0.600,0
1.403,7.49,-15.50,0.600,0
1.403,7.49,-15.53,0.600,0
1.404,7.49,-15.53,0.600,0
1.404,7.49,-15.53,0.600,0
1.404,7.49,-15.53,0.600,0
1.404,7.49,-15.56,0.600,0
1.405,7.49,-15.56,0.600,0
1.405,7.49,-15.56,0.600,0
1.406,7.49,-15.60,0.600,0
1.406,7.49,-15.60,0.600,0
1.407,7.49,-15.63,0.600,0
1.407,7.49,-15.63,0.600,0
1.407,7.49,-15.66,0.600,0
1.408,7.49,-15.66,0.600,0
1.408,7.49,-15.66,0.600,0
1.408,7.49,-15.69,0.600,0
1.409,7.49,-15.69,0.600,0
1.409,7.49,-15.69,0.600,0
1.409,7.49,-15.69,0.600,0
1.409,7.49,-15.73,0.600,0
1.410,7.49,-15.73,0.600,0
1.410,7.49,-15.73,0.600,0
1.410,7.49,-15.73,0.600,0
1.410,7.49,-15.73,0.600,0
1.410,7.49,-15.76,0.600,0
1.411,7.49,-15.76,0.600,0
1.411,7.49,-15.76,0.600,0
1.411,7.49,-15.79,0.600,0
1.412,7.49,-15.79,0.600,0
1.412,7.49,-15.79,0.600,0
1.412,7.49,-15.79,0.600,0
1.412,7.49,-15.79,0.600,0
1.412,7.49,-15.83,0.600,0
1.413,7.49,-15.83,0.600,0
1.413,7.49,-15.83,0.600,0
1.413,7.49,-15.83,0.600,0
1.413,7.49,-15.86,0.600,0
1.414,7.49,-15.86,0.600,0
1.414,7.49,-15.86,0.600,0
1.414,7.49,-15.86,0.600,0
1.415,7.49,-15.89,0.600,0
1.415,7.49,-15.89,0.600,0
1.415,7.49,-15.89,0.600,0
1.416,7.49,-15.92,0.600,0
1.416,7.49,-15.92,0.600,0
1.416,7.49,-15.92,0.600,0
1.416,7.49,-15.96,0.600,0
1.417,7.49,-15.96,0.600,0
1.417,7.49,-15.96,0.600,0
1.417,7.49,-15.96,0.600,0
1.418,7.49,-15.99,0.600,0
1.418,7.49,-15.99,0.600,0
1.418,7.49,-15.99,0.600,0
1.418,7.49,-15.99,0.600,0
1.418,7.49,-16.02,0.600,0
1.419,7.49,-16.02,0.600,0
1.419,7.49,-16.02,0.600,0
1.419,7.49,-16.02,0.600,0
1.420,7.49,-16.05,0.600,0
1.420,7.49,-16.05,0.600,0
1.420,7.49,-16.05,0.600,0
1.420,7.49,-16.05,0.600,0
1.420,7.49,-16.09,0.600,0
1.421,7.49,-16.09,0.600,0
1.421,7.49,-16.09,0.600,0
1.421,7.49,-16.09,0.600,0
1.422,7.49,-16.12,0.600,0
1.422,7.49,-16.12,0.600,0
1.422,7.49,-16.12,0.600,0
1.422,7.49,-16.15,0.600,0
1.423,7.49,-16.15,0.600,0
1.423,7.49,-16.15,0.600,0
1.423,7.49,-16.15,0.600,0
1.423,7.49,-16.18,0.600,0
1.424,7.49,-16.18,0.600,0
1.424,7.49,-16.18,0.600,0
1.424,7.49,-16.18,0.600,0
1.424,7.49,-16.22,0.600,0
1.425,7.49,-16.22,0.600,0
1.425,7.49,-16.22,0.600,0
1.425,7.49,-16.22,0.600,0
1.425,7.49,-16.25,0.600,0
1.426,7.49,-16.25,0.600,0
1.426,7.49,-16.25,0.600,0
1.426,7.49,-16.25,0.600,0
1.426,7.49,-16.28,0.600,0
1.427,7.49,-16.28,0.600,0
1.427,7.49,-16.28,0.600,0
1.427,7.49,-16.32,0.600,0
1.428,7.49,-16.32,0.600,0
1.428,7.49,-16.32,0.600,0
1.428,7.49,-16.32,0.600,0
1.429,7.49,-16.35,0.600,0
1.429,7.49,-16.35,0.600,0
1.429,7.49,-16.35,0.600,0
1.429,7.49,-16.38,0.600,0
1.430,7.49,-16.38,0.600,0
1.430,7.49,-16.38,0.600,0
1.430,7.49,-16.38,0.600,0
1.430,7.49,-16.41,0.600,0
1.431,7.49,-16.41,0.600,0
1.431,7.49,-16.41,0.600,0
1.431,7.49,-16.41,0.600,0
1.431,7.49,-16.41,0.600,0
1.431,7.49,-16.45,0.600,0
1.432,7.49,-16.45,0.600,0
1.432,7.49,-16.45,0.600,0
1.432,7.49,-16.45,0.600,0
1.432,7.49,-16.48,0.600,0
1.433,7.49,-16.48,0.600,0
1.433,7.49,-16.48,0.600,0
1.433,7.49,-16.48,0.600,0
1.433,7.49,-16.51,0.600,0
1.434,7.49,-16.51,0.600,0
1.434,7.49,-16.51,0.600,0
1.434,7.49,-16.51,0.600,0
1.434,7.49,-16.54,0.600,0
1.435,7.49,-16.54,0.600,0
1.435,7.49,-16.54,0.600,0
1.435,7.49,-16.54,0.600,0
1.435,7.49,-16.58,0.600,0
1.436,7.49,-16.58,0.600,0
1.436,7.49,-16.58,0.600,0
1.436,7.49,-16.61,0.600,0
1.437,7.49,-16.61,0.600,0
1.437,7.49,-16.61,0.600,0
1.437,7.49,-16.61,0.600,0
1.437,7.49,-16.61,0.600,0
1.437,7.49,-16.64,0.600,0
1.438,7.49,-16.64,0.600,0
1.438,7.49,-16.64,0.600,0
1.438,7.49,-16.64,0.600,0
1.438,7.49,-16.67,0.600,0
1.439,7.49,-16.67,0.600,0
1.439,7.49,-16.67,0.600,0
1.439,7.49,-16.67,0.600,0
1.439,7.49,-16.67,0.600,0
1.440,7.49,-16.71,0.600,0
1.440,7.49,-16.71,0.600,0
1.440,7.49,-16.71,0.600,0
1.440,7.49,-16.71,0.600,0
1.441,7.49,-16.74,0.600,0
1.441,7.49,-16.74,0.600,0
1.441,7.49,-16.74,0.600,0
1.441,7.49,-16.77,0.600,0
1.442,7.49,-16.77,0.600,0
1.442,7.49,-16.77,0.600,0
1.442,7.49,-16.77,0.600,0
1.442,7.49,-16.81,0.600,0
1.443,7.49,-16.81,0.600,0
1.443,7.49,-16.81,0.600,0
1.443,7.49,-16.81,0.600,0
1.444,7.49,-16.84,0.600,0
1.444,7.49,-16.84,0.600,0
1.444,7.49,-16.84,0.600,0
1.444,7.49,-16.87,0.600,0
1.445,7.49,-16.87,0.600,0
1.445,7.49,-16.87,0.600,0
1.445,7.49,-16.87,0.600,0
1.445,7.49,-16.90,0.600,0
1.446,7.49,-16.90,0.600,0
1.446,7.49,-16.90,0.600,0
1.446,7.49,-16.90,0.600,0
1.446,7.49,-16.90,0.600,0
1.446,7.49,-16.94,0.600,0
1.447,7.49,-16.94,0.600,0
1.447,7.49,-16.94,0.600,0
1.447,7.49,-16.94,0.600,0
1.447,7.49,-16.97,0.600,0
1.448,7.49,-16.97,0.600,0
1.448,7.49,-16.97,0.600,0
1.448,7.49,-16.97,0.600,0
1.449,7.49,-17.00,0.600,0
1.449,7.49,-17.00,0.600,0
1.449,7.49,-17.00,0.600,0
1.449,7.49,-17.03,0.600,0
1.450,7.49,-17.03,0.600,0
1.450,7.49,-17.03,0.600,0
1.450,7.49,-17.03,0.600,0
1.450,7.49,-17.07,0.600,0
1.451,7.49,-17.07,0.600,0
1.451,7.49,-17.07,0.600,0
1.451,7.49,-17.07,0.600,0
1.451,7.49,-17.10,0.600,0
1.452,7.49,-17.10,0.600,0
1.452,7.49,-17.10,0.600,0
1.452,7.49,-17.10,0.600,0
1.452,7.49,-17.13,0.600,0
1.453,7.49,-17.13,0.600,0
1.453,7.49,-17.13,0.600,0
1.453,7.49,-17.13,0.600,0
1.453,7.49,-17.17,0.600,0
1.454,7.49,-17.17,0.600,0
1.454,7.49,-17.17,0.600,0
1.454,7.49,-17.17,0.600,0
1.454,7.49,-17.17,0.600,0
1.454,7.49,-17.20,0.600,0
1.455,7.49,-17.20,0.600,0
1.455,7.49,-17.20,0.600,0
1.455,7.49,-17.20,0.600,0
1.456,7.49,-17.23,0.600,0
1.456,7.49,-17.23,0.600,0
1.456,7.49,-17.26,0.600,0
1.457,7.49,-17.26,0.600,0
1.457,7.49,-17.26,0.600,0
1.457,7.49,-17.26,0.600,0
1.457,7.49,-17.26,0.600,0
1.458,7.49,-17.30,0.600,0
1.458,7.49,-17.30,0.600,0
1.458,7.49,-17.30,0.600,0
1.458,7.49,-17.33,0.600,0
1.459,7.49,-17.33,0.600,0
1.459,7.49,-17.33,0.600,0
1.459,7.49,-17.33,0.600,0
1.459,7.49,-17.33,0.600,0
1.460,7.49,-17.36,0.600,0
1.460,7.49,-17.36,0.600,0
1.460,7.49,-17.36,0.600,0
1.460,7.49,-17.39,0.600,0
1.461,7.49,-17.39,0.600,0
1.461,7.49,-17.39,0.600,0
1.461,7.49,-17.39,0.600,0
1.461,7.49,-17.43,0.600,0
1.462,7.49,-17.43,0.600,0
1.462,7.49,-17.43,0.600,0
1.462,7.49,-17.43,0.600,0
1.462,7.49,-17.46,0.600,0
1.463,7.49,-17.46,0.600,0
1.463,7.49,-17.46,0.600,0
1.463,7.49,-17.46,0.600,0
1.464,7.49,-17.49,0.600,0
1.464,7.49,-17.49,0.600,0
1.464,7.49,-17.49,0.600,0
1.464,7.49,-17.49,0.600,0
1.465,7.49,-17.52,0.600,0
1.465,7.49,-17.52,0.600,0
1.465,7.49,-17.52,0.600,0
1.465,7.49,-17.52,0.600,0
1.465,7.49,-17.56,0.600,0
1.466,7.49,-17.56,0.600,0
1.466,7.49,-17.56,0.600,0
1.466,7.49,-17.56,0.600,0
1.466,7.49,-17.59,0.600,0
1.467,7.49,-17.59,0.600,0
1.467,7.49,-17.59,0.600,0
1.467,7.49,-17.59,0.600,0
1.467,7.49,-17.62,0.600,0
1.468,7.49,-17.62,0.600,0
1.468,7.49,-17.62,0.600,0
1.468,7.49,-17.62,0.600,0
1.468,7.49,-17.62,0.600,0
1.469,7.49,-17.66,0.600,0
1.469,7.49,-17.66,0.600,0
1.469,7.49,-17.66,0.600,0
1.469,7.49,-17.66,0.600,0
1.469,7.49,-17.69,0.600,0
1.470,7.49,-17.69,0.600,0
1.470,7.49,-17.69,0.600,0
1.470,7.49,-17.69,0.600,0
1.470,7.49,-17.72,0.600,0
1.471,7.49,-17.72,0.600,0
1.471,7.49,-17.72,0.600,0
1.471,7.49,-17.72,0.600,0
1.471,7.49,-17.75,0.600,0
1.472,7.49,-17.75,0.600,0
1.472,7.49,-17.75,0.600,0
1.472,7.49,-17.75,0.600,0
1.472,7.49,-17.79,0.600,0
1.473,7.49,-17.79,0.600,0
1.473,7.49,-17.79,0.600,0
1.473,7.49,-17.79,0.600,0
1.473,7.49,-17.79,0.600,0
1.474,7.49,-17.82,0.600,0
1.474,7.49,-17.82,0.600,0
1.474,7.49,-17.82,0.600,0
1.474,7.49,-17.82,0.600,0
1.474,7.49,-17.85,0.600,0
1.475,7.49,-17.85,0.600,0
1.475,7.49,-17.85,0.600,0
1.475,7.49,-17.85,0.600,0
1.475,7.49,-17.88,0.600,0
1.476,7.49,-17.88,0.600,0
1.476,7.49,-17.88,0.600,0
1.476,7.49,-17.88,0.600,0
1.476,7.49,-17.92,0.600,0
1.477,7.49,-17.92,0.600,0
1.477,7.49,-17.92,0.600,0
1.477,7.49,-17.92,0.600,0
1.477,7.49,-17.92,0.600,0
1.478,7.49,-17.95,0.600,0
1.478,7.49,-17.95,0.600,0
1.478,7.49,-17.95,0.600,0
1.478,7.49,-17.95,0.600,0
1.479,7.49,-17.98,0.600,0
1.479,7.49,-17.98,0.600,0
1.479,7.49,-17.98,0.600,0
1.479,7.49,-18.01,0.600,0
1.480,7.49,-18.01,0.600,0
1.480,7.49,-18.01,0.600,0
1.480,7.49,-18.01,0.600,0
1.480,7.49,-18.01,0.600,0
1.480,7.49,-18.05,0.600,0
1.481,7.49,-18.05,0.600,0
1.481,7.49,-18.05,0.600,0
1.481,7.49,-18.05,0.600,0
1.481,7.49,-18.08,0.600,0
1.482,7.49,-18.08,0.600,0
1.482,7.49,-18.08,0.600,0
1.483,7.49,-18.11,0.600,0
1.483,7.49,-18.11,0.600,0
1.483,7.49,-18.11,0.600,0
1.483,7.49,-18.15,0.600,0
1.484,7.49,-18.15,0.600,0
1.484,7.49,-18.15,0.600,0
1.485,7.49,-18.18,0.600,0
1.485,7.49,-18.18,0.600,0
1.485,7.49,-18.18,0.600,0
1.485,7.49,-18.21,0.600,0
1.486,7.49,-18.21,0.600,0
1.486,7.49,-18.21,0.600,0
1.486,7.49,-18.21,0.600,0
1.486,7.49,-18.24,0.600,0
1.487,7.49,-18.24,0.600,0
1.487,7.49,-18.24,0.600,0
1.488,7.49,-18.28,0.600,0
1.488,7.49,-18.28,0.600,0
1.488,7.49,-18.28,0.600,0
1.488,7.49,-18.31,0.600,0
1.489,7.49,-18.31,0.600,0
1.489,7.49,-18.31,0.600,0
1.489,7.49,-18.31,0.600,0
1.489,7.49,-18.34,0.600,0
1.490,7.49,-18.34,0.600,0
1.490,7.49,-18.34,0.600,0
1.490,7.49,-18.34,0.600,0
1.490,7.49,-18.37,0.600,0
1.491,7.49,-18.37,0.600,0
1.491,7.49,-18.37,0.600,0
1.491,7.49,-18.37,0.600,0
1.492,7.49,-18.41,0.600,0
1.492,7.49,-18.41,0.600,0
1.492,7.49,-18.41,0.600,0
1.492,7.49,-18.44,0.600,0
1.493,7.49,-18.44,0.600,0
1.493,7.49,-18.44,0.600,0
1.493,7.49,-18.44,0.600,0
1.493,7.49,-18.47,0.600,0
1.494,7.49,-18.47,0.600,0
1.494,7.49,-18.47,0.600,0
1.494,7.49,-18.47,0.600,0
1.495,7.49,-18.51,0.600,0
1.495,7.49,-18.51,0.600,0
1.495,7.49,-18.51,0.600,0
1.495,7.49,-18.54,0.600,0
1.496,7.49,-18.54,0.600,0
1.496,7.49,-18.54,0.600,0
1.496,7.49,-18.54,0.600,0
1.496,7.49,-18.57,0.600,0
1.497,7.49,-18.57,0.600,0
1.497,7.49,-18.57,0.600,0
1.497,7.49,-18.57,0.600,0
1.497,7.49,-18.60,0.600,0
1.498,7.49,-18.60,0.600,0
1.498,7.49,-18.60,0.600,0
1.498,7.49,-18.60,0.600,0
1.498,7.49,-18.60,0.600,0
1.499,7.49,-18.64,0.600,0
1.499,7.49,-18.64,0.600,0
1.499,7.49,-18.64,0.600,0
1.500,7.49,-18.67,0.600,0
1.500,7.49,-18.67,0.600,0
1.500,7.49,-18.67,0.600,0
1.500,7.49,-18.70,0.600,0
1.501,7.49,-18.70,0.600,0
1.501,7.49,-18.70,0.600,0
1.501,7.49,-18.70,0.600,0
1.501,7.49,-18.73,0.600,0
1.502,7.49,-18.73,0.600,0
1.502,7.49,-18.73,0.600,0
1.502,7.49,-18.73,0.600,0
1.502,7.49,-18.77,0.600,0
1.503,7.49,-18.77,0.600,0
1.503,7.49,-18.77,0.600,0
1.503,7.49,-18.77,0.600,0
1.503,7.49,-18.80,0.600,0
1.504,7.49,-18.80,0.600,0
1.504,7.49,-18.80,0.600,0
1.504,7.49,-18.80,0.600,0
1.504,7.49,-18.83,0.600,0
1.505,7.49,-18.83,0.600,0
1.505,7.49,-18.83,0.600,0
1.505,7.49,-18.86,0.600,0
1.506,7.49,-18.86,0.600,0
1.506,7.49,-18.86,0.600,0
1.506,7.49,-18.86,0.600,0
1.506,7.49,-18.90,0.600,0
1.507,7.49,-18.90,0.600,0
1.507,7.49,-18.90,0.600,0
1.507,7.49,-18.90,0.600,0
1.507,7.49,-18.93,0.600,0
1.508,7.49,-18.93,0.600,0
1.508,7.49,-18.93,0.600,0
1.508,7.49,-18.93,0.600,0
1.508,7.49,-18.96,0.600,0
1.509,7.49,-18.96,0.600,0
1.509,7.49,-18.96,0.600,0
1.509,7.49,-18.96,0.600,0
1.509,7.49,-19.00,0.600,0
1.510,7.49,-19.00,0.600,0
1.510,7.49,-19.00,0.600,0
1.510,7.49,-19.00,0.600,0
1.510,7.49,-19.03,0.600,0
1.511,7.49,-19.03,0.600,0
1.511,7.49,-19.03,0.600,0
1.511,7.49,-19.03,0.600,0
1.511,7.49,-19.06,0.600,0
1.512,7.49,-19.06,0.600,0
1.512,7.49,-19.06,0.600,0
1.512,7.49,-19.06,0.600,0
1.512,7.49,-19.09,0.600,0
1.513,7.49,-19.09,0.600,0
1.513,7.49,-19.09,0.600,0
1.513,7.49,-19.09,0.600,0
1.514,7.49,-19.13,0.600,0
1.514,7.49,-19.13,0.600,0
1.514,7.49,-19.13,0.600,0
1.514,7.49,-19.13,0.600,0
1.515,7.49,-19.16,0.600,0
1.515,7.49,-19.16,0.600,0
1.515,7.49,-19.16,0.600,0
1.515,7.49,-19.16,0.600,0
1.516,7.49,-19.19,0.600,0
1.516,7.49,-19.19,0.600,0
1.516,7.49,-19.19,0.600,0
1.516,7.49,-19.22,0.600,0
1.517,7.49,-19.22,0.600,0
1.517,7.49,-19.22,0.600,0
1.517,7.49,-19.22,0.600,0
1.517,7.49,-19.26,0.600,0
1.518,7.49,-19.26,0.600,0
1.518,7.49,-19.26,0.600,0
1.518,7.49,-19.26,0.600,0
1.518,7.49,-19.29,0.600,0
1.519,7.49,-19.29,0.600,0
1.519,7.49,-19.29,0.600,0
1.519,7.49,-19.32,0.600,0
1.520,7.49,-19.32,0.600,0
1.520,7.49,-19.32,0.600,0
1.520,7.49,-19.32,0.600,0
1.520,7.49,-19.35,0.600,0
1.521,7.49,-19.35,0.600,0
1.521,7.49,-19.35,0.600,0
1.521,7.49,-19.35,0.600,0
1.521,7.49,-19.39,0.600,0
1.522,7.49,-19.39,0.600,0
1.522,7.49,-19.39,0.600,0
1.522,7.49,-19.39,0.600,0
1.522,7.49,-19.42,0.600,0
1.523,7.49,-19.42,0.600,0
1.523,7.49,-19.42,0.600,0
1.523,7.49,-19.42,0.600,0
1.523,7.49,-19.45,0.600,0
1.524,7.49,-19.45,0.600,0
1.524,7.49,-19.45,0.600,0
1.524,7.49,-19.45,0.600,0
1.524,7.49,-19.49,0.600,0
1.525,7.49,-19.49,0.600,0
1.525,7.49,-19.49,0.600,0
1.525,7.49,-19.52,0.600,0
1.526,7.49,-19.52,0.600,0
1.526,7.49,-19.52,0.600,0
1.526,7.49,-19.52,0.600,0
1.527,7.49,-19.55,0.600,0
1.527,7.49,-19.55,0.600,0
1.527,7.49,-19.55,0.600,0
1.528,7.49,-19.58,0.600,0
1.528,7.49,-19.58,0.600,0
1.528,7.49,-19.58,0.600,0
1.529,7.49,-19.62,0.600,0
1.529,7.49,-19.62,0.600,0
1.529,7.49,-19.62,0.600,0
1.529,7.49,-19.65,0.600,0
1.530,7.49,-19.65,0.600,0
1.530,7.49,-19.65,0.600,0
1.530,7.49,-19.65,0.600,0
1.530,7.49,-19.68,0.600,0
1.531,7.49,-19.68,0.600,0
1.531,7.49,-19.68,0.600,0
1.531,7.49,-19.68,0.600,0
1.531,7.49,-19.71,0.600,0
1.532,7.49,-19.71,0.600,0
1.532,7.49,-19.71,0.600,0
1.532,7.49,-19.71,0.600,0
1.532,7.49,-19.75,0.600,0
1.533,7.49,-19.75,0.600,0
1.533,7.49,-19.75,0.600,0
1.533,7.49,-19.75,0.600,0
1.534,7.49,-19.78,0.600,0
1.534,7.49,-19.78,0.600,0
1.534,7.49,-19.78,0.600,0
1.534,7.49,-19.81,0.600,0
1.535,7.49,-19.81,0.600,0
1.535,7.49,-19.81,0.600,0
1.535,7.49,-19.81,0.600,0
1.535,7.49,-19.85,0.600,0
1.536,7.49,-19.85,0.600,0
1.536,7.49,-19.85,0.600,0
1.536,7.49,-19.85,0.600,0
1.536,7.49,-19.88,0.600,0
1.537,7.49,-19.88,0.600,0
1.537,7.49,-19.88,0.600,0
1.537,7.49,-19.88,0.600,0
1.537,7.49,-19.91,0.600,0
1.538,7.49,-19.91,0.600,0
1.538,7.49,-19.91,0.600,0
1.538,7.49,-19.91,0.600,0
1.538,7.49,-19.91,0.600,0
1.539,7.49,-19.94,0.600,0
1.539,7.49,-19.94,0.600,0
1.540,7.49,-19.98,0.600,0
1.540,7.49,-19.98,0.600,0
1.540,7.49,-20.01,0.600,0
1.541,7.49,-20.01,0.600,0
1.541,7.49,-20.01,0.600,0
1.541,7.49,-20.04,0.600,0
1.542,7.49,-20.04,0.600,0
1.542,7.49,-20.04,0.600,0
1.542,7.49,-20.04,0.600,0
1.542,7.49,-20.07,0.600,0
1.543,7.49,-20.07,0.600,0
1.543,7.49,-20.07,0.600,0
1.543,7.49,-20.07,0.600,0
1.543,7.49,-20.11,0.600,0
1.544,7.49,-20.11,0.600,0
1.544,7.49,-20.11,0.600,0
1.544,7.49,-20.11,0.600,0
1.544,7.49,-20.14,0.600,0
1.545,7.49,-20.14,0.600,0
1.545,7.49,-20.14,0.600,0
1.545,7.49,-20.14,0.600,0
1.545,7.49,-20.17,0.600,0
1.546,7.49,-20.17,0.600,0
1.546,7.49,-20.17,0.600,0
1.546,7.49,-20.17,0.600,0
1.547,7.49,-20.20,0.600,0
1.547,7.49,-20.20,0.600,0
1.547,7.49,-20.20,0.600,0
1.547,7.49,-20.24,0.600,0
1.548,7.49,-20.24,0.600,0
1.548,7.49,-20.24,0.600,0
1.548,7.49,-20.27,0.600,0
1.549,7.49,-20.27,0.600,0
1.549,7.49,-20.27,0.600,0
1.549,7.49,-20.27,0.600,0
1.549,7.49,-20.30,0.600,0
1.549,7.49,-20.30,0.600,0
1.550,7.49,-20.30,0.600,0
1.550,7.49,-20.30,0.600,0
1.550,7.49,-20.30,0.600,0
1.550,7.49,-20.34,0.600,0
1.551,7.49,-20.34,0.600,0
1.551,7.49,-20.34,0.600,0
1.551,7.49,-20.34,0.600,0
1.551,7.49,-20.37,0.600,0
1.552,7.49,-20.37,0.600,0
1.552,7.49,-20.37,0.600,0
1.552,7.49,-20.37,0.600,0
1.553,7.49,-20.40,0.600,0
1.553,7.49,-20.40,0.600,0
1.553,7.49,-20.40,0.600,0
1.553,7.49,-20.43,0.600,0
1.554,7.49,-20.43,0.600,0
1.554,7.49,-20.43,0.600,0
1.554,7.49,-20.43,0.600,0
1.554,7.49,-20.47,0.600,0
1.555,7.49,-20.47,0.600,0
1.555,7.49,-20.47,0.600,0
1.555,7.49,-20.47,0.600,0
1.555,7.49,-20.50,0.600,0
1.556,7.49,-20.50,0.600,0
1.556,7.49,-20.50,0.600,0
1.556,7.49,-20.50,0.600,0
1.556,7.49,-20.53,0.600,0
1.557,7.49,-20.53,0.600,0
1.557,7.49,-20.53,0.600,0
1.557,7.49,-20.53,0.600,0
1.557,7.49,-20.56,0.600,0
1.558,7.49,-20.56,0.600,0
1.558,7.49,-20.56,0.600,0
1.558,7.49,-20.60,0.600,0
1.559,7.49,-20.60,0.600,0
1.559,7.49,-20.60,0.600,0
1.559,7.49,-20.60,0.600,0
1.559,7.49,-20.63,0.600,0
1.560,7.49,-20.63,0.600,0
1.560,7.49,-20.63,0.600,0
1.560,7.49,-20.63,0.600,0
1.561,7.49,-20.66,0.600,0
1.561,7.49,-20.66,0.600,0
1.561,7.49,-20.66,0.600,0
1.562,7.49,-20.69,0.600,0
1.562,7.49,-20.69,0.600,0
1.562,7.49,-20.69,0.600,0
1.562,7.49,-20.73,0.600,0
1.563,7.49,-20.73,0.600,0
1.563,7.49,-20.73,0.600,0
1.563,7.49,-20.73,0.600,0
1.564,7.49,-20.76,0.600,0
1.564,7.49,-20.76,0.600,0
1.564,7.49,-20.76,0.600,0
1.564,7.49,-20.79,0.600,0
1.565,7.49,-20.79,0.600,0
1.565,7.49,-20.79,0.600,0
1.565,7.49,-20.79,0.600,0
1.566,7.49,-20.83,0.600,0
1.566,7.49,-20.83,0.600,0
1.566,7.49,-20.83,0.600,0
1.566,7.49,-20.86,0.600,0
1.567,7.49,-20.86,0.600,0
1.567,7.49,-20.86,0.600,0
1.567,7.49,-20.86,0.600,0
1.567,7.49,-20.89,0.600,0
1.568,7.49,-20.89,0.600,0
1.568,7.49,-20.89,0.600,0
1.568,7.49,-20.89,0.600,0
1.569,7.49,-20.92,0.600,0
1.569,7.49,-20.92,0.600,0
1.569,7.49,-20.92,0.600,0
1.569,7.49,-20.96,0.600,0
1.570,7.49,-20.96,0.600,0
1.570,7.49,-20.96,0.600,0
1.570,7.49,-20.96,0.600,0
1.570,7.49,-20.96,0.600,0
1.571,7.49,-20.99,0.600,0
1.571,7.49,-20.99,0.600,0
1.571,7.49,-20.99,0.600,0
1.571,7.49,-20.99,0.600,0
1.572,7.49,-21.02,0.600,0
1.572,7.49,-21.02,0.600,0
1.572,7.49,-21.02,0.600,0
1.572,7.49,-21.02,0.600,0
1.572,7.49,-21.05,0.600,0
1.573,7.49,-21.05,0.600,0
1.573,7.49,-21.05,0.600,0
1.573,7.49,-21.09,0.600,0
1.574,7.49,-21.09,0.600,0
1.574,7.49,-21.09,0.600,0
1.574,7.49,-21.09,0.600,0
1.574,7.49,-21.09,0.600,0
1.575,7.49,-21.12,0.600,0
1.575,7.49,-21.12,0.600,0
1.575,7.49,-21.12,0.600,0
1.576,7.49,-21.15,0.600,0
1.576,7.49,-21.15,0.600,0
1.576,7.49,-21.15,0.600,0
1.576,7.49,-21.19,0.600,0
1.577,7.49,-21.19,0.600,0
1.577,7.49,-21.19,0.600,0
1.577,7.49,-21.19,0.600,0
1.577,7.49,-21.22,0.600,0
1.578,7.49,-21.22,0.600,0
1.578,7.49,-21.22,0.600,0
1.578,7.49,-21.22,0.600,0
1.578,7.49,-21.25,0.600,0
1.579,7.49,-21.25,0.600,0
1.579,7.49,-21.25,0.600,0
1.579,7.49,-21.25,0.600,0
1.579,7.49,-21.28,0.600,0
1.580,7.49,-21.28,0.600,0
1.580,7.49,-21.28,0.600,0
1.580,7.49,-21.28,0.600,0
1.580,7.49,-21.32,0.600,0
1.581,7.49,-21.32,0.600,0
1.581,7.49,-21.32,0.600,0
1.581,7.49,-21.32,0.600,0
1.582,7.49,-21.35,0.600,0
1.582,7.49,-21.35,0.600,0
1.582,7.49,-21.35,0.600,0
1.582,7.49,-21.38,0.600,0
1.583,7.49,-21.38,0.600,0
1.583,7.49,-21.38,0.600,0
1.583,7.49,-21.38,0.600,0
1.583,7.49,-21.41,0.600,0
1.584,7.49,-21.41,0.600,0
1.584,7.49,-21.41,0.600,0
1.584,7.49,-21.41,0.600,0
1.584,7.49,-21.45,0.600,0
1.585,7.49,-21.45,0.600,0
1.585,7.49,-21.45,0.600,0
1.585,7.49,-21.45,0.600,0
1.585,7.49,-21.45,0.600,0
1.585,7.49,-21.48,0.600,0
1.586,7.49,-21.48,0.600,0
1.586,7.49,-21.48,0.600,0
1.586,7.49,-21.48,0.600,0
1.586,7.49,-21.51,0.600,0
1.587,7.49,-21.51,0.600,0
1.587,7.49,-21.51,0.600,0
1.587,7.49,-21.51,0.600,0
1.587,7.49,-21.54,0.600,0
1.588,7.49,-21.54,0.600,0
1.588,7.49,-21.54,0.600,0
1.588,7.49,-21.54,0.600,0
1.588,7.49,-21.58,0.600,0
1.589,7.49,-21.58,0.600,0
1.589,7.49,-21.58,0.600,0
1.589,7.49,-21.61,0.600,0
1.590,7.49,-21.61,0.600,0
1.590,7.49,-21.61,0.600,0
1.590,7.49,-21.61,0.600,0
1.590,7.49,-21.64,0.600,0
1.591,7.49,-21.64,0.600,0
1.591,7.49,-21.64,0.600,0
1.591,7.49,-21.64,0.600,0
1.592,7.49,-21.68,0.600,0
1.592,7.49,-21.68,0.600,0
1.592,7.49,-21.68,0.600,0
1.592,7.49,-21.68,0.600,0
1.592,7.49,-21.71,0.600,0
1.593,7.49,-21.71,0.600,0
1.593,7.49,-21.71,0.600,0
1.593,7.49,-21.71,0.600,0
1.593,7.49,-21.74,0.600,0
1.594,7.49,-21.74,0.600,0
1.594,7.49,-21.74,0.600,0
1.594,7.49,-21.77,0.600,0
1.595,7.49,-21.77,0.600,0
1.595,7.49,-21.77,0.600,0
1.595,7.49,-21.77,0.600,0
1.595,7.49,-21.77,0.600,0
1.596,7.49,-21.81,0.600,0
1.596,7.49,-21.81,0.600,0
1.596,7.49,-21.81,0.600,0
1.596,7.49,-21.84,0.600,0
1.597,7.49,-21.84,0.600,0
1.597,7.49,-21.84,0.600,0
1.597,7.49,-21.84,0.600,0
1.597,7.49,-21.87,0.600,0
1.598,7.49,-21.87,0.600,0
1.598,7.49,-21.87,0.600,0
1.598,7.49,-21.87,0.600,0
1.598,7.49,-21.87,0.600,0
1.598,7.49,-21.90,0.600,0
1.599,7.49,-21.90,0.600,0
1.599,7.49,-21.90,0.600,0
1.599,7.49,-21.90,0.600,0
1.600,7.49,-21.94,0.600,0
1.600,7.49,-21.94,0.600,0
1.600,7.49,-21.94,0.600,0
1.600,7.49,-21.94,0.600,0
1.600,7.49,-21.97,0.600,0
1.601,7.49,-21.97,0.600,0
1.601,7.49,-21.97,0.600,0
1.601,7.49,-21.97,0.600,0
1.602,7.49,-22.00,0.600,0
1.602,7.49,-22.00,0.600,0
1.602,7.49,-22.00,0.600,0
1.602,7.49,-22.03,0.600,0
1.603,7.49,-22.03,0.600,0
1.603,7.49,-22.03,0.600,0
1.603,7.49,-22.03,0.600,0
1.603,7.49,-22.07,0.600,0
1.604,7.49,-22.07,0.600,0
1.604,7.49,-22.07,0.600,0
1.604,7.49,-22.07,0.600,0
1.604,7.49,-22.10,0.600,0
1.605,7.49,-22.10,0.600,0
1.605,7.49,-22.10,0.600,0
1.605,7.49,-22.10,0.600,0
1.605,7.49,-22.10,0.600,0
1.605,7.49,-22.13,0.600,0
1.606,7.49,-22.13,0.600,0
1.606,7.49,-22.13,0.600,0
1.606,7.49,-22.13,0.600,0
1.606,7.49,-22.17,0.600,0
1.607,7.49,-22.17,0.600,0
1.607,7.49,-22.17,0.600,0
1.607,7.49,-22.17,0.600,0
1.607,7.49,-22.20,0.600,0
1.608,7.49,-22.20,0.600,0
1.608,7.49,-22.20,0.600,0
1.608,7.49,-22.20,0.600,0
1.608,7.49,-22.23,0.600,0
1.609,7.49,-22.23,0.600,0
1.609,7.49,-22.23,0.600,0
1.609,7.49,-22.23,0.600,0
1.610,7.49,-22.26,0.600,0
1.610,7.49,-22.26,0.600,0
1.610,7.49,-22.26,0.600,0
1.610,7.49,-22.30,0.600,0
1.611,7.49,-22.30,0.600,0
1.611,7.49,-22.30,0.600,0
1.611,7.49,-22.30,0.600,0
1.611,7.49,-22.30,0.600,0
1.611,7.49,-22.33,0.600,0
1.612,7.49,-22.33,0.600,0
1.612,7.49,-22.33,0.600,0
1.612,7.49,-22.33,0.600,0
1.612,7.49,-22.36,0.600,0
1.613,7.49,-22.36,0.600,0
1.613,7.49,-22.36,0.600,0
1.613,7.49,-22.36,0.600,0
1.613,7.49,-22.39,0.600,0
1.614,7.49,-22.39,0.600,0
1.614,7.49,-22.39,0.600,0
1.614,7.49,-22.39,0.600,0
1.614,7.49,-22.39,0.600,0
1.614,7.49,-22.43,0.600,0
1.615,7.49,-22.43,0.600,0
1.615,7.49,-22.43,0.600,0
1.615,7.49,-22.43,0.600,0
1.616,7.49,-22.46,0.600,0
1.616,7.49,-22.46,0.600,0
1.616,7.49,-22.46,0.600,0
1.616,7.49,-22.49,0.600,0
1.617,7.49,-22.49,0.600,0
1.617,7.49,-22.49,0.600,0
1.617,7.49,-22.49,0.600,0
1.617,7.49,-22.53,0.600,0
1.618,7.49,-22.53,0.600,0
1.618,7.49,-22.53,0.600,0
1.618,7.49,-22.53,0.600,0
1.618,7.49,-22.56,0.600,0
1.619,7.49,-22.56,0.600,0
1.619,7.49,-22.56,0.600,0
1.619,7.49,-22.56,0.600,0
1.619,7.49,-22.59,0.600,0
1.620,7.49,-22.59,0.600,0
1.620,7.49,-22.59,0.600,0
1.620,7.49,-22.59,0.600,0
1.620,7.49,-22.62,0.600,0
1.621,7.49,-22.62,0.600,0
1.621,7.49,-22.62,0.600,0
1.621,7.49,-22.62,0.600,0
1.621,7.49,-22.66,0.600,0
1.622,7.49,-22.66,0.600,0
1.622,7.49,-22.66,0.600,0
1.622,7.49,-22.66,0.600,0
1.622,7.49,-22.66,0.600,0
1.622,7.49,-22.69,0.600,0
1.623,7.49,-22.69,0.600,0
1.623,7.49,-22.69,0.600,0
1.623,7.49,-22.69,0.600,0
1.624,7.49,-22.72,0.600,0
1.624,7.49,-22.72,0.600,0
1.624,7.49,-22.72,0.600,0
1.624,7.49,-22.75,0.600,0
1.625,7.49,-22.75,0.600,0
1.625,7.49,-22.75,0.600,0
1.625,7.49,-22.75,0.600,0
1.625,7.49,-22.75,0.600,0
1.625,7.49,-22.79,0.600,0
1.626,7.49,-22.79,0.600,0
1.626,7.49,-22.79,0.600,0
1.626,7.49,-22.79,0.600,0
1.626,7.49,-22.82,0.600,0
1.627,7.49,-22.82,0.600,0
1.627,7.49,-22.82,0.600,0
1.627,7.49,-22.82,0.600,0
1.627,7.49,-22.85,0.600,0
1.628,7.49,-22.85,0.600,0
1.628,7.49,-22.85,0.600,0
1.628,7.49,-22.85,0.600,0
1.628,7.49,-22.88,0.600,0
1.629,7.49,-22.88,0.600,0
1.629,7.49,-22.88,0.600,0
1.629,7.49,-22.88,0.600,0
1.630,7.49,-22.92,0.600,0
1.630,7.49,-22.92,0.600,0
1.630,7.49,-22.92,0.600,0
1.630,7.49,-22.92,0.600,0
1.631,7.49,-22.95,0.600,0
1.631,7.49,-22.95,0.600,0
1.631,7.49,-22.95,0.600,0
1.631,7.49,-22.95,0.600,0
1.631,7.49,-22.98,0.600,0
1.632,7.49,-22.98,0.600,0
1.632,7.49,-22.98,0.600,0
1.632,7.49,-22.98,0.600,0
1.632,7.49,-23.02,0.600,0
1.633,7.49,-23.02,0.600,0
1.633,7.49,-23.02,0.600,0
1.633,7.49,-23.02,0.600,0
1.633,7.49,-23.05,0.600,0
1.634,7.49,-23.05,0.600,0
1.634,7.49,-23.05,0.600,0
1.634,7.49,-23.05,0.600,0
1.634,7.49,-23.08,0.600,0
1.635,7.49,-23.08,0.600,0
1.635,7.49,-23.08,0.600,0
1.635,7.49,-23.08,0.600,0
1.635,7.49,-23.08,0.600,0
1.635,7.49,-23.11,0.600,0
1.636,7.49,-23.11,0.600,0
1.636,7.49,-23.11,0.600,0
1.636,7.49,-23.11,0.600,0
1.636,7.49,-23.15,0.600,0
1.637,7.49,-23.15,0.600,0
1.637,7.49,-23.15,0.600,0
1.637,7.49,-23.15,0.600,0
1.637,7.49,-23.18,0.600,0
1.638,7.49,-23.18,0.600,0
1.638,7.49,-23.18,0.600,0
1.638,7.49,-23.18,0.600,0
1.638,7.49,-23.21,0.600,0
1.639,7.49,-23.21,0.600,0
1.639,7.49,-23.21,0.600,0
1.639,7.49,-23.24,0.600,0
1.640,7.49,-23.24,0.600,1
1.640,-5.26,-23.24,-0.600,0
1.641,-5.26,-23.28,-0.600,0
1.641,-5.26,-23.28,-0.600,0
1.641,-5.26,-23.28,-0.600,0
1.641,-5.26,-23.28,-0.600,0
1.642,-5.26,-23.31,-0.600,0
1.642,-5.26,-23.31,-0.600,0
1.642,-5.26,-23.31,-0.600,0
1.642,-5.26,-23.31,-0.600,0
1.642,-5.26,-23.34,-0.600,0
1.643,-5.26,-23.34,-0.600,0
1.643,-5.26,-23.34,-0.600,0
1.643,-5.26,-23.34,-0.600,0
1.644,-5.26,-23.38,-0.600,0
1.644,-5.26,-23.38,-0.600,0
1.645,-5.26,-23.41,-0.600,0
1.645,-5.26,-23.41,-0.600,0
1.645,-5.26,-23.41,-0.600,0
1.645,-5.26,-23.44,-0.600,0
1.646,-5.26,-23.44,-0.600,0
1.646,-5.26,-23.44,-0.600,0
1.646,-5.26,-23.44,-0.600,0
1.646,-5.26,-23.47,-0.600,0
1.647,-5.26,-23.47,-0.600,0
1.647,-5.26,-23.47,-0.600,0
1.647,-5.26,-23.47,-0.600,0
1.647,-5.26,-23.50,-0.600,0
1.648,-5.26,-23.50,-0.600,0
1.648,-5.26,-23.50,-0.600,0
1.648,-5.26,-23.50,-0.600,0
1.648,-5.26,-23.53,-0.600,0
1.649,-5.26,-23.53,-0.600,0
1.649,-5.26,-23.53,-0.600,0
1.649,-5.26,-23.53,-0.600,0
1.649,-5.26,-23.56,-0.600,0
1.650,-5.26,-23.56,-0.600,0
1.650,-5.26,-23.56,-0.600,0
1.650,-5.26,-23.56,-0.600,0
1.650,-5.26,-23.59,-0.600,0
1.651,-5.26,-23.59,-0.600,0
1.651,-5.26,-23.59,-0.600,0
1.651,-5.26,-23.59,-0.600,0
1.652,-5.26,-23.62,-0.600,0
1.652,-5.26,-23.62,-0.600,0
1.652,-5.26,-23.62,-0.600,0
1.652,-5.26,-23.65,-0.600,0
1.653,-5.26,-23.65,-0.600,0
1.653,-5.26,-23.65,-0.600,0
1.653,-5.26,-23.65,-0.600,0
1.653,-5.26,-23.68,-0.600,0
1.654,-5.26,-23.68,-0.600,0
1.654,-5.26,-23.68,-0.600,0
1.654,-5.26,-23.70,-0.600,0
1.655,-5.26,-23.70,-0.600,0
1.655,-5.26,-23.70,-0.600,0
1.655,-5.26,-23.70,-0.600,0
1.655,-5.26,-23.73,-0.600,0
1.656,-5.26,-23.73,-0.600,0
1.656,-5.26,-23.73,-0.600,0
1.656,-5.26,-23.73,-0.600,0
1.656,-5.26,-23.76,-0.600,0
1.657,-5.26,-23.76,-0.600,0
1.657,-5.26,-23.76,-0.600,0
1.657,-5.26,-23.76,-0.600,0
1.658,-5.26,-23.79,-0.600,0
1.658,-5.26,-23.79,-0.600,0
1.658,-5.26,-23.79,-0.600,0
1.658,-5.26,-23.81,-0.600,0
1.659,-5.26,-23.81,-0.600,0
1.659,-5.26,-23.81,-0.600,0
1.659,-5.26,-23.81,-0.600,0
1.659,-5.26,-23.84,-0.600,0
1.660,-5.26,-23.84,-0.600,0
1.660,-5.26,-23.84,-0.600,0
1.660,-5.26,-23.84,-0.600,0
1.661,-5.26,-23.86,-0.600,0
1.661,-5.26,-23.86,-0.600,0
1.661,-5.26,-23.86,-0.600,0
1.662,-5.26,-23.89,-0.600,0
1.662,-5.26,-23.89,-0.600,0
1.662,-5.26,-23.89,-0.600,0
1.663,-5.26,-23.91,-0.600,0
1.663,-5.26,-23.91,-0.600,0
1.663,-5.26,-23.91,-0.600,0
1.663,-5.26,-23.91,-0.600,0
1.664,-5.26,-23.93,-0.600,0
1.664,-5.26,-23.93,-0.600,0
1.664,-5.26,-23.93,-0.600,0
1.664,-5.26,-23.96,-0.600,0
1.665,-5.26,-23.96,-0.600,0
1.665,-5.26,-23.96,-0.600,0
1.665,-5.26,-23.96,-0.600,0
1.666,-5.26,-23.98,-0.600,0
1.666,-5.26,-23.98,-0.600,0
1.666,-5.26,-23.98,-0.600,0
1.666,-5.26,-23.98,-0.600,0
1.667,-5.26,-24.01,-0.600,0
1.667,-5.26,-24.01,-0.600,0
1.667,-5.26,-24.01,-0.600,0
1.667,-5.26,-24.01,-0.600,0
1.668,-5.26,-24.03,-0.600,0
1.668,-5.26,-24.03,-0.600,0
1.668,-5.26,-24.03,-0.600,0
1.668,-5.26,-24.03,-0.600,0
1.669,-5.26,-24.05,-0.600,0
1.669,-5.26,-24.05,-0.600,0
1.669,-5.26,-24.05,-0.600,0
1.669,-5.26,-24.05,-0.600,0
1.669,-5.26,-24.07,-0.600,0
1.670,-5.26,-24.07,-0.600,0
1.670,-5.26,-24.07,-0.600,0
1.670,-5.26,-24.07,-0.600,0
1.671,-5.26,-24.09,-0.600,0
1.671,-5.26,-24.09,-0.600,0
1.671,-5.26,-24.09,-0.600,0
1.671,-5.26,-24.09,-0.600,0
1.671,-5.26,-24.11,-0.600,0
1.672,-5.26,-24.11,-0.600,0
1.672,-5.26,-24.11,-0.600,0
1.672,-5.26,-24.11,-0.600,0
1.673,-5.26,-24.13,-0.600,0
1.673,-5.26,-24.13,-0.600,0
1.673,-5.26,-24.13,-0.600,0
1.673,-5.26,-24.13,-0.600,0
1.674,-5.26,-24.15,-0.600,0
1.674,-5.26,-24.15,-0.600,0
1.674,-5.26,-24.15,-0.600,0
1.674,-5.26,-24.17,-0.600,0
1.675,-5.26,-24.17,-0.600,0
1.675,-5.26,-24.17,-0.600,0
1.675,-5.26,-24.17,-0.600,0
1.675,-5.26,-24.19,-0.600,0
1.676,-5.26,-24.19,-0.600,0
1.676,-5.26,-24.19,-0.600,0
1.676,-5.26,-24.19,-0.600,0
1.676,-5.26,-24.19,-0.600,0
1.677,-5.26,-24.21,-0.600,0
1.677,-5.26,-24.21,-0.600,0
1.677,-5.26,-24.21,-0.600,0
1.677,-5.26,-24.23,-0.600,0
1.678,-5.26,-24.23,-0.600,0
1.678,-5.26,-24.23,-0.600,0
1.678,-5.26,-24.23,-0.600,0
1.678,-5.26,-24.25,-0.600,0
1.679,-5.26,-24.25,-0.600,0
1.679,-5.26,-24.25,-0.600,0
1.679,-5.26,-24.25,-0.600,0
1.679,-5.26,-24.27,-0.600,0
1.680,-5.26,-24.27,-0.600,0
1.680,-5.26,-24.27,-0.600,0
1.680,-5.26,-24.27,-0.600,0
1.680,-5.26,-24.28,-0.600,0
1.681,-5.26,-24.28,-0.600,0
1.681,-5.26,-24.28,-0.600,0
1.681,-5.26,-24.28,-0.600,0
1.681,-5.26,-24.28,-0.600,0
1.682,-5.26,-24.30,-0.600,0
1.682,-5.26,-24.30,-0.600,0
1.682,-5.26,-24.30,-0.600,0
1.682,-5.26,-24.32,-0.600,0
1.683,-5.26,-24.32,-0.600,0
1.683,-5.26,-24.32,-0.600,0
1.683,-5.26,-24.32,-0.600,0
1.683,-5.26,-24.33,-0.600,0
1.684,-5.26,-24.33,-0.600,0
1.684,-5.26,-24.33,-0.600,0
1.684,-5.26,-24.33,-0.600,0
1.684,-5.26,-24.33,-0.600,0
1.685,-5.26,-24.35,-0.600,0
1.685,-5.26,-24.35,-0.600,0
1.685,-5.26,-24.35,-0.600,0
1.685,-5.26,-24.35,-0.600,0
1.686,-5.26,-24.36,-0.600,0
1.686,-5.26,-24.36,-0.600,0
1.686,-5.26,-24.36,-0.600,0
1.687,-5.26,-24.38,-0.600,0
1.687,-5.26,-24.38,-0.600,0
1.687,-5.26,-24.38,-0.600,0
1.687,-5.26,-24.39,-0.600,0
1.688,-5.26,-24.39,-0.600,0
1.688,-5.26,-24.39,-0.600,0
1.688,-5.26,-24.39,-0.600,0
1.688,-5.26,-24.39,-0.600,0
1.689,-5.26,-24.41,-0.600,0
1.689,-5.26,-24.41,-0.600,0
1.689,-5.26,-24.41,-0.600,0
1.689,-5.26,-24.41,-0.600,0
1.689,-5.26,-24.42,-0.600,0
1.690,-5.26,-24.42,-0.600,0
1.690,-5.26,-24.42,-0.600,0
1.690,-5.26,-24.42,-0.600,0
1.690,-5.26,-24.43,-0.600,0
1.691,-5.26,-24.43,-0.600,0
1.691,-5.26,-24.43,-0.600,0
1.691,-5.26,-24.43,-0.600,0
1.691,-5.26,-24.45,-0.600,0
1.692,-5.26,-24.45,-0.600,0
1.692,-5.26,-24.45,-0.600,0
1.692,-5.26,-24.45,-0.600,0
1.693,-5.26,-24.46,-0.600,0
1.693,-5.26,-24.46,-0.600,0
1.693,-5.26,-24.46,-0.600,0
1.693,-5.26,-24.47,-0.600,0
1.694,-5.26,-24.47,-0.600,0
1.694,-5.26,-24.47,-0.600,0
1.694,-5.26,-24.47,-0.600,0
1.695,-5.26,-24.48,-0.600,0
1.695,-5.26,-24.48,-0.600,0
1.695,-5.26,-24.48,-0.600,0
1.695,-5.26,-24.49,-0.600,0
1.696,-5.26,-24.49,-0.600,0
1.696,-5.26,-24.49,-0.600,0
1.696,-5.26,-24.49,-0.600,0
1.697,-5.26,-24.51,-0.600,0
1.697,-5.26,-24.51,-0.600,0
1.697,-5.26,-24.51,-0.600,0
1.697,-5.26,-24.51,-0.600,0
1.697,-5.26,-24.52,-0.600,0
1.698,-5.26,-24.52,-0.600,0
1.698,-5.26,-24.52,-0.600,0
1.698,-5.26,-24.52,-0.600,0
1.698,-5.26,-24.53,-0.600,0
1.699,-5.26,-24.53,-0.600,0
1.699,-5.26,-24.53,-0.600,0
1.699,-5.26,-24.53,-0.600,0
1.700,-5.26,-24.53,-0.600,0
1.700,-5.26,-24.53,-0.600,0
1.700,-5.26,-24.53,-0.600,0
1.700,-5.26,-24.53,-0.600,0
1.700,-5.26,-24.54,-0.600,0
1.701,-5.26,-24.54,-0.600,0
1.701,-5.26,-24.54,-0.600,0
1.701,-5.26,-24.54,-0.600,0
1.701,-5.26,-24.54,-0.600,0
1.702,-5.26,-24.55,-0.600,0
1.702,-5.26,-24.55,-0.600,0
1.702,-5.26,-24.55,-0.600,0
1.702,-5.26,-24.55,-0.600,0
1.702,-5.26,-24.56,-0.600,0
1.703,-5.26,-24.56,-0.600,0
1.703,-5.26,-24.56,-0.600,0
1.703,-5.26,-24.56,-0.600,0
1.703,-5.26,-24.57,-0.600,0
1.704,-5.26,-24.57,-0.600,0
1.704,-5.26,-24.57,-0.600,0
1.704,-5.26,-24.57,-0.600,0
1.704,-5.26,-24.57,-0.600,0
1.705,-5.26,-24.57,-0.600,0
1.705,-5.26,-24.57,-0.600,0
1.705,-5.26,-24.57,-0.600,0
1.705,-5.26,-24.58,-0.600,0
1.706,-5.26,-24.58,-0.600,0
1.706,-5.26,-24.58,-0.600,0
1.706,-5.26,-24.58,-0.600,0
1.706,-5.26,-24.59,-0.600,0
1.707,-5.26,-24.59,-0.600,0
1.707,-5.26,-24.59,-0.600,0
1.707,-5.26,-24.59,-0.600,0
1.707,-5.26,-24.60,-0.600,0
1.708,-5.26,-24.60,-0.600,0
1.708,-5.26,-24.60,-0.600,0
1.708,-5.26,-24.60,-0.600,0
1.709,-5.26,-24.60,-0.600,0
1.709,-5.26,-24.60,-0.600,0
1.709,-5.26,-24.60,-0.600,0
1.709,-5.26,-24.60,-0.600,0
1.710,-5.26,-24.61,-0.600,0
1.710,-5.26,-24.61,-0.600,0
1.710,-5.26,-24.61,-0.600,0
1.710,-5.26,-24.61,-0.600,0
1.710,-5.26,-24.61,-0.600,0
1.711,-5.26,-24.61,-0.600,0
1.711,-5.26,-24.61,-0.600,0
1.711,-5.26,-24.61,-0.600,0
1.711,-5.26,-24.61,-0.600,0
1.712,-5.26,-24.61,-0.600,0
1.712,-5.26,-24.61,-0.600,0
1.712,-5.26,-24.61,-0.600,0
1.712,-5.26,-24.62,-0.600,0
1.713,-5.26,-24.62,-0.600,0
1.713,-5.26,-24.62,-0.600,0
1.713,-5.26,-24.62,-0.600,0
1.713,-5.26,-24.62,-0.600,0
1.714,-5.26,-24.62,-0.600,0
1.714,-5.26,-24.62,-0.600,0
1.714,-5.26,-24.62,-0.600,0
1.714,-5.26,-24.63,-0.600,0
1.715,-5.26,-24.63,-0.600,0
1.715,-5.26,-24.63,-0.600,0
1.715,-5.26,-24.63,-0.600,0
1.715,-5.26,-24.63,-0.600,0
1.716,-5.26,-24.63,-0.600,0
1.716,-5.26,-24.63,-0.600,0
1.716,-5.26,-24.63,-0.600,0
1.716,-5.26,-24.63,-0.600,0
1.716,-5.26,-24.63,-0.600,0
1.717,-5.26,-24.63,-0.600,0
1.717,-5.26,-24.63,-0.600,0
1.717,-5.26,-24.63,-0.600,0
1.717,-5.26,-24.64,-0.600,0
1.718,-5.26,-24.64,-0.600,0
1.718,-5.26,-24.64,-0.600,0
1.718,-5.26,-24.64,-0.600,0
1.718,-5.26,-24.64,-0.600,0
1.719,-5.26,-24.64,-0.600,0
1.719,-5.26,-24.64,-0.600,0
1.719,-5.26,-24.64,-0.600,0
1.719,-5.26,-24.64,-0.600,0
1.720,-5.26,-24.64,-0.600,0
1.720,-5.26,-24.64,-0.600,0
1.720,-5.26,-24.64,-0.600,0
1.720,-5.26,-24.64,-0.600,0
1.721,-5.26,-24.64,-0.600,0
1.721,-5.26,-24.64,-0.600,0
1.721,-5.26,-24.64,-0.600,0
1.721,-5.26,-24.64,-0.600,0
1.721,-5.26,-24.64,-0.600,0
1.722,-5.26,-24.64,-0.600,0
1.722,-5.26,-24.64,-0.600,0
1.722,-5.26,-24.64,-0.600,0
1.722,-5.26,-24.64,-0.600,0
1.723,-5.26,-24.64,-0.600,0
1.723,-5.26,-24.64,-0.600,0
1.723,-5.26,-24.64,-0.600,0
1.723,-5.26,-24.64,-0.600,0
1.723,-5.26,-24.64,-0.600,0
1.724,-5.26,-24.64,-0.600,0
1.724,-5.26,-24.64,-0.600,0
1.724,-5.26,-24.64,-0.600,0
1.724,-5.26,-24.64,-0.600,0
1.725,-5.26,-24.64,-0.600,0
1.725,-5.26,-24.64,-0.600,0
1.725,-5.26,-24.64,-0.600,0
1.725,-5.26,-24.64,-0.600,0
1.726,-5.26,-24.64,-0.600,0
1.726,-5.26,-24.64,-0.600,0
1.726,-5.26,-24.64,-0.600,0
1.726,-5.26,-24.64,-0.600,0
1.727,-5.26,-24.64,-0.600,0
1.727,-5.26,-24.64,-0.600,0
1.727,-5.26,-24.64,-0.600,0
1.728,-5.26,-24.64,-0.600,0
1.728,-5.26,-24.64,-0.600,0
1.728,-5.26,-24.64,-0.600,0
1.728,-5.26,-24.63,-0.600,0
1.729,-5.26,-24.63,-0.600,0
1.729,-5.26,-24.63,-0.600,0
1.729,-5.26,-24.63,-0.600,0
1.730,-5.26,-24.63,-0.600,0
1.730,-5.26,-24.63,-0.600,0
1.730,-5.26,-24.63,-0.600,0
1.731,-5.26,-24.63,-0.600,0
1.731,-5.26,-24.63,-0.600,0
1.731,-5.26,-24.63,-0.600,0
1.731,-5.26,-24.63,-0.600,0
1.732,-5.26,-24.62,-0.600,0
1.732,-5.26,-24.62,-0.600,0
1.732,-5.26,-24.62,-0.600,0
1.732,-5.26,-24.62,-0.600,0
1.733,-5.26,-24.62,-0.600,0
1.733,-5.26,-24.62,-0.600,0
1.733,-5.26,-24.61,-0.600,0
1.734,-5.26,-24.61,-0.600,0
1.734,-5.26,-24.61,-0.600,0
1.734,-5.26,-24.61,-0.600,0
1.735,-5.26,-24.61,-0.600,0
1.735,-5.26,-24.61,-0.600,0
1.735,-5.26,-24.61,-0.600,0
1.735,-5.26,-24.61,-0.600,0
1.736,-5.26,-24.61,-0.600,0
1.736,-5.26,-24.61,-0.600,0
1.736,-5.26,-24.61,-0.600,0
1.736,-5.26,-24.61,-0.600,0
1.737,-5.26,-24.60,-0.600,0
1.737,-5.26,-24.60,-0.600,0
1.737,-5.26,-24.60,-0.600,0
1.737,-5.26,-24.60,-0.600,0
1.738,-5.26,-24.60,-0.600,0
1.738,-5.26,-24.60,-0.600,0
1.738,-5.26,-24.60,-0.600,0
1.739,-5.26,-24.59,-0.600,0
1.739,-5.26,-24.59,-0.600,0
1.739,-5.26,-24.59,-0.600,0
1.739,-5.26,-24.59,-0.600,0
1.739,-5.26,-24.59,-0.600,0
1.740,-5.26,-24.59,-0.600,0
1.740,-5.26,-24.59,-0.600,0
1.740,-5.26,-24.59,-0.600,0
1.740,-5.26,-24.58,-0.600,0
1.741,-5.26,-24.58,-0.600,0
1.741,-5.26,-24.58,-0.600,0
1.741,-5.26,-24.58,-0.600,0
1.741,-5.26,-24.57,-0.600,0
1.742,-5.26,-24.57,-0.600,0
1.742,-5.26,-24.57,-0.600,0
1.742,-5.26,-24.57,-0.600,0
1.743,-5.26,-24.56,-0.600,0
1.743,-5.26,-24.56,-0.600,0
1.743,-5.26,-24.56,-0.600,0
1.743,-5.26,-24.56,-0.600,0
1.744,-5.26,-24.56,-0.600,0
1.744,-5.26,-24.56,-0.600,0
1.744,-5.26,-24.56,-0.600,0
1.744,-5.26,-24.56,-0.600,0
1.745,-5.26,-24.55,-0.600,0
1.745,-5.26,-24.55,-0.600,0
1.745,-5.26,-24.55,-0.600,0
1.745,-5.26,-24.55,-0.600,0
1.745,-5.26,-24.54,-0.600,0
1.746,-5.26,-24.54,-0.600,0
1.746,-5.26,-24.54,-0.600,0
1.746,-5.26,-24.54,-0.600,0
1.746,-5.26,-24.53,-0.600,0
1.747,-5.26,-24.53,-0.600,0
1.747,-5.26,-24.53,-0.600,0
1.747,-5.26,-24.52,-0.600,0
1.748,-5.26,-24.52,-0.600,0
1.748,-5.26,-24.52,-0.600,0
1.748,-5.26,-24.52,-0.600,0
1.748,-5.26,-24.51,-0.600,0
1.749,-5.26,-24.51,-0.600,0
1.749,-5.26,-24.51,-0.600,0
1.749,-5.26,-24.51,-0.600,0
1.749,-5.26,-24.50,-0.600,0
1.750,-5.26,-24.50,-0.600,0
1.750,-5.26,-24.50,-0.600,0
1.750,-5.26,-24.50,-0.600,0
1.750,-5.26,-24.49,-0.600,0
1.751,-5.26,-24.49,-0.600,0
1.751,-5.26,-24.49,-0.600,0
1.751,-5.26,-24.49,-0.600,0
1.751,-5.26,-24.49,-0.600,0
1.752,-5.26,-24.48,-0.600,0
1.752,-5.26,-24.48,-0.600,0
1.752,-5.26,-24.48,-0.600,0
1.752,-5.26,-24.47,-0.600,0
1.753,-5.26,-24.47,-0.600,0
1.753,-5.26,-24.47,-0.600,0
1.753,-5.26,-24.47,-0.600,0
1.753,-5.26,-24.46,-0.600,0
1.754,-5.26,-24.46,-0.600,0
1.754,-5.26,-24.46,-0.600,0
1.754,-5.26,-24.46,-0.600,0
1.755,-5.26,-24.44,-0.600,0
1.755,-5.26,-24.44,-0.600,0
1.755,-5.26,-24.44,-0.600,0
1.755,-5.26,-24.43,-0.600,0
1.756,-5.26,-24.43,-0.600,0
1.756,-5.26,-24.43,-0.600,0
1.756,-5.26,-24.43,-0.600,0
1.756,-5.26,-24.42,-0.600,0
1.757,-5.26,-24.42,-0.600,0
1.757,-5.26,-24.42,-0.600,0
1.757,-5.26,-24.41,-0.600,0
1.758,-5.26,-24.41,-0.600,0
1.758,-5.26,-24.41,-0.600,0
1.758,-5.26,-24.41,-0.600,0
1.758,-5.26,-24.41,-0.600,0
1.759,-5.26,-24.39,-0.600,0
1.759,-5.26,-24.39,-0.600,0
1.759,-5.26,-24.39,-0.600,0
1.759,-5.26,-24.39,-0.600,0
1.760,-5.26,-24.38,-0.600,0
1.760,-5.26,-24.38,-0.600,0
1.760,-5.26,-24.38,-0.600,0
1.760,-5.26,-24.37,-0.600,0
1.761,-5.26,-24.37,-0.600,0
1.761,-5.26,-24.37,-0.600,0
1.761,-5.26,-24.37,-0.600,0
1.762,-5.26,-24.35,-0.600,0
1.762,-5.26,-24.35,-0.600,0
1.762,-5.26,-24.35,-0.600,0
1.763,-5.26,-24.33,-0.600,0
1.763,-5.26,-24.33,-0.600,0
1.763,-5.26,-24.33,-0.600,0
1.764,-5.26,-24.32,-0.600,0
1.764,-5.26,-24.32,-0.600,0
1.764,-5.26,-24.32,-0.600,1
1.765,-8.99,-24.30,-0.600,0
1.765,-8.99,-24.30,-0.600,0
1.765,-8.99,-24.30,-0.600,0
1.765,-8.99,-24.30,-0.600,0
1.766,-8.99,-24.29,-0.600,0
1.766,-8.99,-24.29,-0.600,0
1.766,-8.99,-24.29,-0.600,0
1.766,-8.99,-24.27,-0.600,0
1.767,-8.99,-24.27,-0.600,0
1.767,-8.99,-24.27,-0.600,0
1.767,-8.99,-24.27,-0.600,0
1.767,-8.99,-24.25,-0.600,0
1.768,-8.99,-24.25,-0.600,0
1.768,-8.99,-24.25,-0.600,0
1.768,-8.99,-24.25,-0.600,0
1.769,-8.99,-24.23,-0.600,0
1.769,-8.99,-24.23,-0.600,0
1.769,-8.99,-24.23,-0.600,0
1.769,-8.99,-24.23,-0.600,0
1.770,-8.99,-24.22,-0.600,0
1.770,-8.99,-24.22,-0.600,0
1.770,-8.99,-24.22,-0.600,0
1.770,-8.99,-24.22,-0.600,0
1.771,-8.99,-24.20,-0.600,0
1.771,-8.99,-24.20,-0.600,0
1.771,-8.99,-24.20,-0.600,0
1.771,-8.99,-24.20,-0.600,0
1.772,-8.99,-24.18,-0.600,0
1.772,-8.99,-24.18,-0.600,0
1.772,-8.99,-24.18,-0.600,0
1.772,-8.99,-24.18,-0.600,0
1.773,-8.99,-24.16,-0.600,0
1.773,-8.99,-24.16,-0.600,0
1.773,-8.99,-24.16,-0.600,0
1.773,-8.99,-24.16,-0.600,0
1.774,-8.99,-24.14,-0.600,0
1.774,-8.99,-24.14,-0.600,0
1.774,-8.99,-24.14,-0.600,0
1.774,-8.99,-24.12,-0.600,0
1.775,-8.99,-24.12,-0.600,0
1.775,-8.99,-24.12,-0.600,0
1.775,-8.99,-24.12,-0.600,0
1.775,-8.99,-24.12,-0.600,0
1.776,-8.99,-24.10,-0.600,0
1.776,-8.99,-24.10,-0.600,0
1.776,-8.99,-24.10,-0.600,0
1.776,-8.99,-24.10,-0.600,0
1.777,-8.99,-24.08,-0.600,0
1.777,-8.99,-24.08,-0.600,0
1.777,-8.99,-24.08,-0.600,0
1.777,-8.99,-24.08,-0.600,0
1.778,-8.99,-24.06,-0.600,0
1.778,-8.99,-24.06,-0.600,0
1.778,-8.99,-24.06,-0.600,0
1.778,-8.99,-24.06,-0.600,0
1.779,-8.99,-24.04,-0.600,0
1.779,-8.99,-24.04,-0.600,0
1.779,-8.99,-24.04,-0.600,0
1.779,-8.99,-24.04,-0.600,0
1.779,-8.99,-24.01,-0.600,0
1.780,-8.99,-24.01,-0.600,0
1.780,-8.99,-24.01,-0.600,0
1.780,-8.99,-24.01,-0.600,0
1.780,-8.99,-23.99,-0.600,0
1.781,-8.99,-23.99,-0.600,0
1.781,-8.99,-23.99,-0.600,0
1.781,-8.99,-23.99,-0.600,0
1.781,-8.99,-23.97,-0.600,0
1.782,-8.99,-23.97,-0.600,0
1.782,-8.99,-23.97,-0.600,0
1.782,-8.99,-23.97,-0.600,0
1.783,-8.99,-23.94,-0.600,0
1.783,-8.99,-23.94,-0.600,0
1.783,-8.99,-23.94,-0.600,0
1.783,-8.99,-23.92,-0.600,0
1.784,-8.99,-23.92,-0.600,0
1.784,-8.99,-23.92,-0.600,0
1.784,-8.99,-23.92,-0.600,0
1.784,-8.99,-23.90,-0.600,0
1.785,-8.99,-23.90,-0.600,0
1.785,-8.99,-23.90,-0.600,0
1.785,-8.99,-23.90,-0.600,0
1.785,-8.99,-23.90,-0.600,0
1.786,-8.99,-23.87,-0.600,0
1.786,-8.99,-23.87,-0.600,0
1.786,-8.99,-23.87,-0.600,0
1.786,-8.99,-23.87,-0.600,0
1.786,-8.99,-23.85,-0.600,0
1.787,-8.99,-23.85,-0.600,0
1.787,-8.99,-23.85,-0.600,0
1.787,-8.99,-23.85,-0.600,0
1.787,-8.99,-23.82,-0.600,0
1.788,-8.99,-23.82,-0.600,0
1.788,-8.99,-23.82,-0.600,0
1.788,-8.99,-23.82,-0.600,0
1.788,-8.99,-23.82,-0.600,0
1.789,-8.99,-23.80,-0.600,0
1.789,-8.99,-23.80,-0.600,0
1.789,-8.99,-23.80,-0.600,0
1.789,-8.99,-23.80,-0.600,0
1.790,-8.99,-23.77,-0.600,0
1.790,-8.99,-23.77,-0.600,0
1.790,-8.99,-23.77,-0.600,0
1.791,-8.99,-23.74,-0.600,0
1.791,-8.99,-23.74,-0.600,0
1.791,-8.99,-23.74,-0.600,0
1.791,-8.99,-23.74,-0.600,0
1.792,-8.99,-23.72,-0.600,0
1.792,-8.99,-23.72,-0.600,0
1.792,-8.99,-23.72,-0.600,0
1.792,-8.99,-23.72,-0.600,0
1.793,-8.99,-23.69,-0.600,0
1.793,-8.99,-23.69,-0.600,0
1.793,-8.99,-23.69,-0.600,0
1.793,-8.99,-23.69,-0.600,0
1.794,-8.99,-23.66,-0.600,0
1.794,-8.99,-23.66,-0.600,0
1.794,-8.99,-23.66,-0.600,0
1.794,-8.99,-23.63,-0.600,0
1.795,-8.99,-23.63,-0.600,0
1.795,-8.99,-23.63,-0.600,0
1.795,-8.99,-23.63,-0.600,0
1.796,-8.99,-23.60,-0.600,0
1.796,-8.99,-23.60,-0.600,0
1.796,-8.99,-23.60,-0.600,0
1.796,-8.99,-23.60,-0.600,0
1.797,-8.99,-23.58,-0.600,0
1.797,-8.99,-23.58,-0.600,0
1.797,-8.99,-23.55,-0.600,0
1.798,-8.99,-23.55,-0.600,0
1.798,-8.99,-23.55,-0.600,0
1.798,-8.99,-23.55,-0.600,0
1.798,-8.99,-23.55,-0.600,0
1.799,-8.99,-23.52,-0.600,0
1.799,-8.99,-23.52,-0.600,0
1.799,-8.99,-23.52,-0.600,0
1.799,-8.99,-23.52,-0.600,0
1.800,-8.99,-23.49,-0.600,0
1.800,-8.99,-23.49,-0.600,0
1.800,-8.99,-23.49,-0.600,0
1.800,-8.99,-23.46,-0.600,0
1.801,-8.99,-23.46,-0.600,0
1.801,-8.99,-23.46,-0.600,0
1.801,-8.99,-23.46,-0.600,0
1.801,-8.99,-23.46,-0.600,0
1.801,-8.99,-23.42,-0.600,0
1.802,-8.99,-23.42,-0.600,0
1.802,-8.99,-23.42,-0.600,0
1.802,-8.99,-23.42,-0.600,0
1.802,-8.99,-23.39,-0.600,0
1.803,-8.99,-23.39,-0.600,0
1.803,-8.99,-23.39,-0.600,0
1.803,-8.99,-23.39,-0.600,0
1.804,-8.99,-23.36,-0.600,0
1.804,-8.99,-23.36,-0.600,0
1.804,-8.99,-23.36,-0.600,0
1.804,-8.99,-23.36,-0.600,0
1.805,-8.99,-23.33,-0.600,0
1.805,-8.99,-23.33,-0.600,0
1.805,-8.99,-23.33,-0.600,0
1.805,-8.99,-23.33,-0.600,0
1.806,-8.99,-23.30,-0.600,0
1.806,-8.99,-23.30,-0.600,0
1.806,-8.99,-23.30,-0.600,0
1.806,-8.99,-23.30,-0.600,0
1.806,-8.99,-23.26,-0.600,0
1.807,-8.99,-23.26,-0.600,0
1.807,-8.99,-23.26,-0.600,0
1.807,-8.99,-23.26,-0.600,0
1.807,-8.99,-23.23,-0.600,0
1.808,-8.99,-23.23,-0.600,0
1.808,-8.99,-23.23,-0.600,0
1.808,-8.99,-23.23,-0.600,0
1.808,-8.99,-23.20,-0.600,0
1.809,-8.99,-23.20,-0.600,0
1.809,-8.99,-23.20,-0.600,0
1.809,-8.99,-23.20,-0.600,0
1.809,-8.99,-23.20,-0.600,0
1.810,-8.99,-23.17,-0.600,0
1.810,-8.99,-23.17,-0.600,0
1.810,-8.99,-23.17,-0.600,0
1.810,-8.99,-23.14,-0.600,0
1.811,-8.99,-23.14,-0.600,0
1.811,-8.99,-23.14,-0.600,0
1.811,-8.99,-23.14,-0.600,0
1.811,-8.99,-23.10,-0.600,0
1.812,-8.99,-23.10,-0.600,0
1.812,-8.99,-23.10,-0.600,0
1.812,-8.99,-23.10,-0.600,0
1.812,-8.99,-23.07,-0.600,0
1.813,-8.99,-23.07,-0.600,0
1.813,-8.99,-23.07,-0.600,0
1.813,-8.99,-23.07,-0.600,0
1.813,-8.99,-23.07,-0.600,0
1.814,-8.99,-23.04,-0.600,0
1.814,-8.99,-23.04,-0.600,0
1.814,-8.99,-23.04,-0.600,0
1.814,-8.99,-23.04,-0.600,0
1.814,-8.99,-23.00,-0.600,0
1.815,-8.99,-23.00,-0.600,0
1.815,-8.99,-23.00,-0.600,0
1.815,-8.99,-23.00,-0.600,0
1.815,-8.99,-23.00,-0.600,0
1.816,-8.99,-22.97,-0.600,0
1.816,-8.99,-22.97,-0.600,0
1.816,-8.99,-22.97,-0.600,0
1.816,-8.99,-22.97,-0.600,0
1.817,-8.99,-22.94,-0.600,0
1.817,-8.99,-22.94,-0.600,0
1.817,-8.99,-22.94,-0.600,0
1.817,-8.99,-22.94,-0.600,0
1.818,-8.99,-22.91,-0.600,0
1.818,-8.99,-22.91,-0.600,0
1.818,-8.99,-22.91,-0.600,0
1.818,-8.99,-22.87,-0.600,0
1.819,-8.99,-22.87,-0.600,0
1.819,-8.99,-22.87,-0.600,0
1.819,-8.99,-22.87,-0.600,0
1.819,-8.99,-22.84,-0.600,0
1.820,-8.99,-22.84,-0.600,0
1.820,-8.99,-22.84,-0.600,0
1.820,-8.99,-22.84,-0.600,0
1.820,-8.99,-22.84,-0.600,0
1.821,-8.99,-22.81,-0.600,0
1.821,-8.99,-22.81,-0.600,0
1.821,-8.99,-22.81,-0.600,0
1.821,-8.99,-22.81,-0.600,0
1.822,-8.99,-22.78,-0.600,0
1.822,-8.99,-22.78,-0.600,0
1.822,-8.99,-22.78,-0.600,0
1.822,-8.99,-22.78,-0.600,0
1.822,-8.99,-22.74,-0.600,0
1.823,-8.99,-22.74,-0.600,0
1.823,-8.99,-22.74,-0.600,0
1.823,-8.99,-22.74,-0.600,0
1.823,-8.99,-22.71,-0.600,0
1.824,-8.99,-22.71,-0.600,0
1.824,-8.99,-22.71,-0.600,0
1.824,-8.99,-22.71,-0.600,0
1.824,-8.99,-22.68,-0.600,0
1.825,-8.99,-22.68,-0.600,0
1.825,-8.99,-22.68,-0.600,0
1.825,-8.99,-22.68,-0.600,0
1.825,-8.99,-22.64,-0.600,0
1.826,-8.99,-22.64,-0.600,0
1.826,-8.99,-22.64,-0.600,0
1.826,-8.99,-22.64,-0.600,0
1.826,-8.99,-22.61,-0.600,0
1.827,-8.99,-22.61,-0.600,0
1.827,-8.99,-22.61,-0.600,0
1.827,-8.99,-22.61,-0.600,0
1.827,-8.99,-22.61,-0.600,0
1.828,-8.99,-22.58,-0.600,0
1.828,-8.99,-22.58,-0.600,0
1.828,-8.99,-22.58,-0.600,0
1.828,-8.99,-22.55,-0.600,0
1.829,-8.99,-22.55,-0.600,0
1.829,-8.99,-22.55,-0.600,0
1.829,-8.99,-22.55,-0.600,0
1.829,-8.99,-22.51,-0.600,0
1.830,-8.99,-22.51,-0.600,0
1.830,-8.99,-22.51,-0.600,0
1.830,-8.99,-22.51,-0.600,0
1.830,-8.99,-22.48,-0.600,0
1.831,-8.99,-22.48,-0.600,0
1.831,-8.99,-22.48,-0.600,0
1.831,-8.99,-22.48,-0.600,0
1.831,-8.99,-22.48,-0.600,0
1.832,-8.99,-22.45,-0.600,0
1.832,-8.99,-22.45,-0.600,0
1.832,-8.99,-22.45,-0.600,0
1.832,-8.99,-22.45,-0.600,0
1.833,-8.99,-22.42,-0.600,0
1.833,-8.99,-22.42,-0.600,0
1.833,-8.99,-22.42,-0.600,0
1.833,-8.99,-22.42,-0.600,0
1.833,-8.99,-22.38,-0.600,0
1.834,-8.99,-22.38,-0.600,0
1.834,-8.99,-22.38,-0.600,0
1.834,-8.99,-22.38,-0.600,0
1.834,-8.99,-22.35,-0.600,0
1.835,-8.99,-22.35,-0.600,0
1.835,-8.99,-22.35,-0.600,0
1.835,-8.99,-22.35,-0.600,0
1.835,-8.99,-22.35,-0.600,0
1.835,-8.99,-22.32,-0.600,0
1.836,-8.99,-22.32,-0.600,0
1.836,-8.99,-22.32,-0.600,0
1.836,-8.99,-22.32,-0.600,0
1.836,-8.99,-22.29,-0.600,0
1.837,-8.99,-22.29,-0.600,0
1.837,-8.99,-22.29,-0.600,0
1.837,-8.99,-22.29,-0.600,0
1.837,-8.99,-22.25,-0.600,0
1.838,-8.99,-22.25,-0.600,0
1.838,-8.99,-22.25,-0.600,0
1.838,-8.99,-22.25,-0.600,0
1.838,-8.99,-22.22,-0.600,0
1.839,-8.99,-22.22,-0.600,0
1.839,-8.99,-22.22,-0.600,0
1.839,-8.99,-22.22,-0.600,0
1.839,-8.99,-22.22,-0.600,0
1.840,-8.99,-22.19,-0.600,0
1.840,-8.99,-22.19,-0.600,0
1.840,-8.99,-22.19,-0.600,0
1.840,-8.99,-22.19,-0.600,0
1.840,-8.99,-22.16,-0.600,0
1.841,-8.99,-22.16,-0.600,0
1.841,-8.99,-22.16,-0.600,0
1.841,-8.99,-22.16,-0.600,0
1.841,-8.99,-22.16,-0.600,0
1.842,-8.99,-22.12,-0.600,0
1.842,-8.99,-22.12,-0.600,0
1.842,-8.99,-22.12,-0.600,0
1.842,-8.99,-22.12,-0.600,0
1.842,-8.99,-22.09,-0.600,0
1.843,-8.99,-22.09,-0.600,0
1.843,-8.99,-22.09,-0.600,0
1.843,-8.99,-22.09,-0.600,0
1.843,-8.99,-22.06,-0.600,0
1.844,-8.99,-22.06,-0.600,0
1.844,-8.99,-22.06,-0.600,0
1.844,-8.99,-22.06,-0.600,0
1.844,-8.99,-22.06,-0.600,0
1.845,-8.99,-22.03,-0.600,0
1.845,-8.99,-22.03,-0.600,0
1.845,-8.99,-22.03,-0.600,0
1.845,-8.99,-22.03,-0.600,0
1.846,-8.99,-21.99,-0.600,0
1.846,-8.99,-21.99,-0.600,0
1.846,-8.99,-21.99,-0.600,0
1.846,-8.99,-21.99,-0.600,0
1.846,-8.99,-21.96,-0.600,0
1.847,-8.99,-21.96,-0.600,0
1.847,-8.99,-21.96,-0.600,0
1.847,-8.99,-21.96,-0.600,0
1.847,-8.99,-21.93,-0.600,0
1.848,-8.99,-21.93,-0.600,0
1.848,-8.99,-21.93,-0.600,0
1.848,-8.99,-21.93,-0.600,0
1.848,-8.99,-21.93,-0.600,0
1.848,-8.99,-21.89,-0.600,0
1.849,-8.99,-21.89,-0.600,0
1.849,-8.99,-21.89,-0.600,0
1.849,-8.99,-21.89,-0.600,0
1.849,-8.99,-21.86,-0.600,0
1.850,-8.99,-21.86,-0.600,0
1.850,-8.99,-21.86,-0.600,0
1.850,-8.99,-21.86,-0.600,0
1.850,-8.99,-21.83,-0.600,0
1.851,-8.99,-21.83,-0.600,0
1.851,-8.99,-21.83,-0.600,0
1.851,-8.99,-21.83,-0.600,0
1.851,-8.99,-21.83,-0.600,0
1.852,-8.99,-21.80,-0.600,0
1.852,-8.99,-21.80,-0.600,0
1.852,-8.99,-21.80,-0.600,0
1.853,-8.99,-21.76,-0.600,0
1.853,-8.99,-21.76,-0.600,0
1.853,-8.99,-21.76,-0.600,0
1.853,-8.99,-21.76,-0.600,0
1.853,-8.99,-21.73,-0.600,0
1.854,-8.99,-21.73,-0.600,0
1.854,-8.99,-21.73,-0.600,0
1.854,-8.99,-21.73,-0.600,0
1.854,-8.99,-21.70,-0.600,0
1.855,-8.99,-21.70,-0.600,0
1.855,-8.99,-21.70,-0.600,0
1.855,-8.99,-21.70,-0.600,0
1.855,-8.99,-21.67,-0.600,0
1.856,-8.99,-21.67,-0.600,0
1.856,-8.99,-21.67,-0.600,0
1.856,-8.99,-21.67,-0.600,0
1.856,-8.99,-21.63,-0.600,0
1.857,-8.99,-21.63,-0.600,0
1.857,-8.99,-21.63,-0.600,0
1.857,-8.99,-21.63,-0.600,0
1.857,-8.99,-21.60,-0.600,0
1.858,-8.99,-21.60,-0.600,0
1.858,-8.99,-21.60,-0.600,0
1.858,-8.99,-21.60,-0.600,0
1.858,-8.99,-21.57,-0.600,0
1.859,-8.99,-21.57,-0.600,0
1.859,-8.99,-21.57,-0.600,0
1.859,-8.99,-21.54,-0.600,0
1.860,-8.99,-21.54,-0.600,0
1.860,-8.99,-21.54,-0.600,0
1.860,-8.99,-21.54,-0.600,0
1.860,-8.99,-21.50,-0.600,0
1.861,-8.99,-21.50,-0.600,0
1.861,-8.99,-21.50,-0.600,0
1.861,-8.99,-21.50,-0.600,0
1.861,-8.99,-21.47,-0.600,0
1.862,-8.99,-21.47,-0.600,0
1.862,-8.99,-21.47,-0.600,0
1.862,-8.99,-21.47,-0.600,0
1.862,-8.99,-21.44,-0.600,0
1.863,-8.99,-21.44,-0.600,0
1.863,-8.99,-21.44,-0.600,0
1.863,-8.99,-21.44,-0.600,0
1.863,-8.99,-21.41,-0.600,0
1.864,-8.99,-21.41,-0.600,0
1.864,-8.99,-21.41,-0.600,0
1.864,-8.99,-21.41,-0.600,0
1.864,-8.99,-21.37,-0.600,0
1.865,-8.99,-21.37,-0.600,0
1.865,-8.99,-21.37,-0.600,0
1.865,-8.99,-21.37,-0.600,0
1.865,-8.99,-21.34,-0.600,0
1.866,-8.99,-21.34,-0.600,0
1.866,-8.99,-21.34,-0.600,0
1.866,-8.99,-21.34,-0.600,0
1.866,-8.99,-21.31,-0.600,0
1.867,-8.99,-21.31,-0.600,0
1.867,-8.99,-21.31,-0.600,0
1.867,-8.99,-21.31,-0.600,0
1.867,-8.99,-21.31,-0.600,0
1.868,-8.99,-21.27,-0.600,0
1.868,-8.99,-21.27,-0.600,0
1.868,-8.99,-21.27,-0.600,0
1.868,-8.99,-21.27,-0.600,0
1.869,-8.99,-21.24,-0.600,0
1.869,-8.99,-21.24,-0.600,0
1.869,-8.99,-21.24,-0.600,0
1.869,-8.99,-21.24,-0.600,0
1.869,-8.99,-21.21,-0.600,0
1.870,-8.99,-21.21,-0.600,0
1.870,-8.99,-21.21,-0.600,0
1.870,-8.99,-21.21,-0.600,0
1.870,-8.99,-21.18,-0.600,0
1.871,-8.99,-21.18,-0.600,0
1.871,-8.99,-21.18,-0.600,0
1.871,-8.99,-21.18,-0.600,0
1.871,-8.99,-21.14,-0.600,0
1.872,-8.99,-21.14,-0.600,0
1.872,-8.99,-21.14,-0.600,0
1.872,-8.99,-21.14,-0.600,0
1.873,-8.99,-21.11,-0.600,0
1.873,-8.99,-21.11,-0.600,0
1.873,-8.99,-21.11,-0.600,0
1.873,-8.99,-21.11,-0.600,0
1.874,-8.99,-21.08,-0.600,0
1.874,-8.99,-21.08,-0.600,0
1.874,-8.99,-21.08,-0.600,0
1.874,-8.99,-21.08,-0.600,0
1.875,-8.99,-21.05,-0.600,0
1.875,-8.99,-21.05,-0.600,0
1.875,-8.99,-21.05,-0.600,0
1.875,-8.99,-21.05,-0.600,0
1.876,-8.99,-21.01,-0.600,0
1.876,-8.99,-21.01,-0.600,0
1.876,-8.99,-21.01,-0.600,0
1.876,-8.99,-21.01,-0.600,0
1.877,-8.99,-20.98,-0.600,0
1.877,-8.99,-20.98,-0.600,0
1.877,-8.99,-20.98,-0.600,0
1.877,-8.99,-20.98,-0.600,0
1.878,-8.99,-20.95,-0.600,0
1.878,-8.99,-20.95,-0.600,0
1.878,-8.99,-20.95,-0.600,0
1.878,-8.99,-20.95,-0.600,0
1.879,-8.99,-20.92,-0.600,0
1.879,-8.99,-20.92,-0.600,0
1.879,-8.99,-20.92,-0.600,0
1.879,-8.99,-20.88,-0.600,0
1.880,-8.99,-20.88,-0.600,0
1.880,-8.99,-20.88,-0.600,0
1.880,-8.99,-20.88,-0.600,0
1.881,-8.99,-20.85,-0.600,0
1.881,-8.99,-20.85,-0.600,0
1.881,-8.99,-20.85,-0.600,0
1.881,-8.99,-20.85,-0.600,0
1.882,-8.99,-20.82,-0.600,0
1.882,-8.99,-20.82,-0.600,0
1.882,-8.99,-20.82,-0.600,0
1.882,-8.99,-20.82,-0.600,0
1.883,-8.99,-20.78,-0.600,0
1.883,-8.99,-20.78,-0.600,0
1.883,-8.99,-20.78,-0.600,0
1.883,-8.99,-20.78,-0.600,0
1.884,-8.99,-20.75,-0.600,0
1.884,-8.99,-20.75,-0.600,0
1.884,-8.99,-20.75,-0.600,0
1.884,-8.99,-20.75,-0.600,0
1.885,-8.99,-20.72,-0.600,0
1.885,-8.99,-20.72,-0.600,0
1.885,-8.99,-20.72,-0.600,0
1.885,-8.99,-20.72,-0.600,0
1.885,-8.99,-20.69,-0.600,0
1.886,-8.99,-20.69,-0.600,0
1.886,-8.99,-20.69,-0.600,0
1.886,-8.99,-20.69,-0.600,0
1.886,-8.99,-20.65,-0.600,0
1.887,-8.99,-20.65,-0.600,0
1.887,-8.99,-20.65,-0.600,0
1.887,-8.99,-20.65,-0.600,0
1.888,-8.99,-20.62,-0.600,0
1.888,-8.99,-20.62,-0.600,0
1.888,-8.99,-20.62,-0.600,0
1.888,-8.99,-20.62,-0.600,0
1.889,-8.99,-20.59,-0.600,0
1.889,-8.99,-20.59,-0.600,0
1.889,-8.99,-20.59,-0.600,0
1.889,-8.99,-20.59,-0.600,0
1.889,-8.99,-20.56,-0.600,0
1.890,-8.99,-20.56,-0.600,0
1.890,-8.99,-20.56,-0.600,0
1.890,-8.99,-20.56,-0.600,0
1.890,-8.99,-20.52,-0.600,0
1.891,-8.99,-20.52,-0.600,0
1.891,-8.99,-20.52,-0.600,0
1.891,-8.99,-20.52,-0.600,0
1.891,-8.99,-20.49,-0.600,0
1.892,-8.99,-20.49,-0.600,0
1.892,-8.99,-20.49,-0.600,0
1.892,-8.99,-20.49,-0.600,0
1.892,-8.99,-20.49,-0.600,0
1.893,-8.99,-20.46,-0.600,0
1.893,-8.99,-20.46,-0.600,0
1.893,-8.99,-20.46,-0.600,0
1.893,-8.99,-20.46,-0.600,0
1.894,-8.99,-20.43,-0.600,0
1.894,-8.99,-20.43,-0.600,0
1.894,-8.99,-20.43,-0.600,0
1.895,-8.99,-20.39,-0.600,0
1.895,-8.99,-20.39,-0.600,0
1.895,-8.99,-20.39,-0.600,0
1.895,-8.99,-20.36,-0.600,0
1.896,-8.99,-20.36,-0.600,0
1.896,-8.99,-20.36,-0.600,0
1.896,-8.99,-20.36,-0.600,0
1.897,-8.99,-20.33,-0.600,0
1.897,-8.99,-20.33,-0.600,0
1.897,-8.99,-20.33,-0.600,1
1.898,-12.80,-20.30,-0.600,0
1.898,-12.80,-20.30,-0.600,0
1.898,-12.80,-20.30,-0.600,0
1.899,-12.80,-20.26,-0.600,0
1.899,-12.80,-20.26,-0.600,0
1.899,-12.80,-20.26,-0.600,0
1.899,-12.80,-20.26,-0.600,0
1.900,-12.80,-20.23,-0.600,0
1.900,-12.80,-20.23,-0.600,0
1.900,-12.80,-20.23,-0.600,0
1.900,-12.80,-20.20,-0.600,0
1.901,-12.80,-20.20,-0.600,0
1.901,-12.80,-20.20,-0.600,0
1.901,-12.80,-20.20,-0.600,0
1.901,-12.80,-20.16,-0.600,0
1.902,-12.80,-20.16,-0.600,0
1.902,-12.80,-20.16,-0.600,0
1.902,-12.80,-20.16,-0.600,0
1.902,-12.80,-20.13,-0.600,0
1.903,-12.80,-20.13,-0.600,0
1.903,-12.80,-20.13,-0.600,0
1.903,-12.80,-20.13,-0.600,0
1.903,-12.80,-20.10,-0.600,0
1.904,-12.80,-20.10,-0.600,0
1.904,-12.80,-20.10,-0.600,0
1.904,-12.80,-20.10,-0.600,0
1.904,-12.80,-20.07,-0.600,0
1.905,-12.80,-20.07,-0.600,0
1.905,-12.80,-20.07,-0.600,0
1.905,-12.80,-20.07,-0.600,0
1.905,-12.80,-20.03,-0.600,0
1.906,-12.80,-20.03,-0.600,0
1.906,-12.80,-20.03,-0.600,0
1.906,-12.80,-20.03,-0.600,0
1.907,-12.80,-20.00,-0.600,0
1.907,-12.80,-20.00,-0.600,0
1.907,-12.80,-20.00,-0.600,0
1.907,-12.80,-20.00,-0.600,0
1.908,-12.80,-19.97,-0.600,0
1.908,-12.80,-19.97,-0.600,0
1.908,-12.80,-19.97,-0.600,0
1.908,-12.80,-19.97,-0.600,0
1.909,-12.80,-19.94,-0.600,0
1.909,-12.80,-19.94,-0.600,0
1.909,-12.80,-19.94,-0.600,0
1.909,-12.80,-19.90,-0.600,0
1.910,-12.80,-19.90,-0.600,0
1.910,-12.80,-19.90,-0.600,0
1.910,-12.80,-19.90,-0.600,0
1.910,-12.80,-19.87,-0.600,0
1.911,-12.80,-19.87,-0.600,0
1.911,-12.80,-19.87,-0.600,0
1.911,-12.80,-19.87,-0.600,0
1.911,-12.80,-19.84,-0.600,0
1.912,-12.80,-19.84,-0.600,0
1.912,-12.80,-19.84,-0.600,0
1.912,-12.80,-19.84,-0.600,0
1.913,-12.80,-19.81,-0.600,0
1.913,-12.80,-19.81,-0.600,0
1.913,-12.80,-19.81,-0.600,0
1.913,-12.80,-19.77,-0.600,0
1.914,-12.80,-19.77,-0.600,0
1.914,-12.80,-19.77,-0.600,0
1.914,-12.80,-19.77,-0.600,0
1.914,-12.80,-19.74,-0.600,0
1.915,-12.80,-19.74,-0.600,0
1.915,-12.80,-19.74,-0.600,0
1.915,-12.80,-19.74,-0.600,0
1.915,-12.80,-19.71,-0.600,0
1.916,-12.80,-19.71,-0.600,0
1.916,-12.80,-19.71,-0.600,0
1.916,-12.80,-19.71,-0.600,0
1.916,-12.80,-19.68,-0.600,0
1.917,-12.80,-19.68,-0.600,0
1.917,-12.80,-19.68,-0.600,0
1.917,-12.80,-19.68,-0.600,0
1.918,-12.80,-19.64,-0.600,0
1.918,-12.80,-19.64,-0.600,0
1.918,-12.80,-19.64,-0.600,0
1.918,-12.80,-19.64,-0.600,0
1.918,-12.80,-19.61,-0.600,0
1.919,-12.80,-19.61,-0.600,0
1.919,-12.80,-19.61,-0.600,0
1.919,-12.80,-19.61,-0.600,0
1.919,-12.80,-19.58,-0.600,0
1.920,-12.80,-19.58,-0.600,0
1.920,-12.80,-19.58,-0.600,0
1.920,-12.80,-19.58,-0.600,0
1.921,-12.80,-19.54,-0.600,0
1.921,-12.80,-19.54,-0.600,0
1.921,-12.80,-19.54,-0.600,0
1.921,-12.80,-19.54,-0.600,0
1.922,-12.80,-19.51,-0.600,0
1.922,-12.80,-19.51,-0.600,0
1.922,-12.80,-19.51,-0.600,0
1.922,-12.80,-19.48,-0.600,0
1.923,-12.80,-19.48,-0.600,0
1.923,-12.80,-19.48,-0.600,0
1.923,-12.80,-19.48,-0.600,0
1.923,-12.80,-19.45,-0.600,0
1.924,-12.80,-19.45,-0.600,0
1.924,-12.80,-19.45,-0.600,0
1.924,-12.80,-19.45,-0.600,0
1.924,-12.80,-19.41,-0.600,0
1.925,-12.80,-19.41,-0.600,0
1.925,-12.80,-19.41,-0.600,0
1.925,-12.80,-19.41,-0.600,0
1.925,-12.80,-19.38,-0.600,0
1.926,-12.80,-19.38,-0.600,0
1.926,-12.80,-19.38,-0.600,0
1.926,-12.80,-19.38,-0.600,0
1.927,-12.80,-19.35,-0.600,0
1.927,-12.80,-19.35,-0.600,0
1.927,-12.80,-19.35,-0.600,0
1.927,-12.80,-19.35,-0.600,0
1.928,-12.80,-19.32,-0.600,0
1.928,-12.80,-19.32,-0.600,0
1.928,-12.80,-19.32,-0.600,0
1.928,-12.80,-19.28,-0.600,0
1.929,-12.80,-19.28,-0.600,0
1.929,-12.80,-19.28,-0.600,0
1.930,-12.80,-19.25,-0.600,0
1.930,-12.80,-19.25,-0.600,0
1.930,-12.80,-19.25,-0.600,0
1.930,-12.80,-19.25,-0.600,0
1.931,-12.80,-19.22,-0.600,0
1.931,-12.80,-19.22,-0.600,0
1.931,-12.80,-19.22,-0.600,0
1.931,-12.80,-19.22,-0.600,0
1.932,-12.80,-19.19,-0.600,0
1.932,-12.80,-19.19,-0.600,0
1.932,-12.80,-19.19,-0.600,0
1.932,-12.80,-19.15,-0.600,0
1.933,-12.80,-19.15,-0.600,0
1.933,-12.80,-19.15,-0.600,0
1.933,-12.80,-19.15,-0.600,0
1.933,-12.80,-19.12,-0.600,0
1.934,-12.80,-19.12,-0.600,0
1.934,-12.80,-19.12,-0.600,0
1.934,-12.80,-19.12,-0.600,0
1.934,-12.80,-19.09,-0.600,0
1.935,-12.80,-19.09,-0.600,0
1.935,-12.80,-19.09,-0.600,0
1.935,-12.80,-19.09,-0.600,0
1.935,-12.80,-19.06,-0.600,0
1.936,-12.80,-19.06,-0.600,0
1.936,-12.80,-19.06,-0.600,0
1.936,-12.80,-19.06,-0.600,0
1.937,-12.80,-19.02,-0.600,0
1.937,-12.80,-19.02,-0.600,0
1.937,-12.80,-19.02,-0.600,0
1.937,-12.80,-19.02,-0.600,0
1.937,-12.80,-18.99,-0.600,0
1.938,-12.80,-18.99,-0.600,0
1.938,-12.80,-18.99,-0.600,0
1.938,-12.80,-18.99,-0.600,0
1.938,-12.80,-18.99,-0.600,0
1.939,-12.80,-18.96,-0.600,0
1.939,-12.80,-18.96,-0.600,0
1.939,-12.80,-18.96,-0.600,0
1.939,-12.80,-18.96,-0.600,0
1.940,-12.80,-18.93,-0.600,0
1.940,-12.80,-18.93,-0.600,0
1.940,-12.80,-18.93,-0.600,0
1.940,-12.80,-18.93,-0.600,0
1.940,-12.80,-18.89,-0.600,0
1.941,-12.80,-18.89,-0.600,0
1.941,-12.80,-18.89,-0.600,0
1.941,-12.80,-18.89,-0.600,0
1.941,-12.80,-18.86,-0.600,0
1.942,-12.80,-18.86,-0.600,0
1.942,-12.80,-18.86,-0.600,0
1.942,-12.80,-18.86,-0.600,0
1.943,-12.80,-18.83,-0.600,0
1.943,-12.80,-18.83,-0.600,0
1.943,-12.80,-18.83,-0.600,0
1.943,-12.80,-18.79,-0.600,0
1.944,-12.80,-18.79,-0.600,0
1.944,-12.80,-18.79,-0.600,0
1.944,-12.80,-18.79,-0.600,0
1.944,-12.80,-18.76,-0.600,0
1.945,-12.80,-18.76,-0.600,0
1.945,-12.80,-18.76,-0.600,0
1.945,-12.80,-18.76,-0.600,0
1.945,-12.80,-18.76,-0.600,0
1.946,-12.80,-18.73,-0.600,0
1.946,-12.80,-18.73,-0.600,0
1.946,-12.80,-18.73,-0.600,0
1.946,-12.80,-18.73,-0.600,0
1.946,-12.80,-18.70,-0.600,0
1.947,-12.80,-18.70,-0.600,0
1.947,-12.80,-18.70,-0.600,0
1.947,-12.80,-18.70,-0.600,0
1.947,-12.80,-18.66,-0.600,0
1.948,-12.80,-18.66,-0.600,0
1.948,-12.80,-18.66,-0.600,0
1.948,-12.80,-18.66,-0.600,0
1.948,-12.80,-18.63,-0.600,0
1.949,-12.80,-18.63,-0.600,0
1.949,-12.80,-18.63,-0.600,0
1.949,-12.80,-18.63,-0.600,0
1.949,-12.80,-18.63,-0.600,0
1.950,-12.80,-18.60,-0.600,0
1.950,-12.80,-18.60,-0.600,0
1.950,-12.80,-18.60,-0.600,0
1.951,-12.80,-18.57,-0.600,0
1.951,-12.80,-18.57,-0.600,0
1.951,-12.80,-18.57,-0.600,0
1.951,-12.80,-18.57,-0.600,0
1.952,-12.80,-18.53,-0.600,0
1.952,-12.80,-18.53,-0.600,0
1.952,-12.80,-18.53,-0.600,0
1.952,-12.80,-18.53,-0.600,0
1.952,-12.80,-18.50,-0.600,0
1.953,-12.80,-18.50,-0.600,0
1.953,-12.80,-18.50,-0.600,0
1.953,-12.80,-18.50,-0.600,0
1.953,-12.80,-18.47,-0.600,0
1.954,-12.80,-18.47,-0.600,0
1.954,-12.80,-18.47,-0.600,0
1.954,-12.80,-18.47,-0.600,0
1.954,-12.80,-18.44,-0.600,0
1.955,-12.80,-18.44,-0.600,0
1.955,-12.80,-18.44,-0.600,0
1.955,-12.80,-18.44,-0.600,0
1.955,-12.80,-18.40,-0.600,0
1.956,-12.80,-18.40,-0.600,0
1.956,-12.80,-18.40,-0.600,0
1.956,-12.80,-18.40,-0.600,0
1.957,-12.80,-18.37,-0.600,0
1.957,-12.80,-18.37,-0.600,0
1.957,-12.80,-18.37,-0.600,0
1.957,-12.80,-18.34,-0.600,0
1.958,-12.80,-18.34,-0.600,0
1.958,-12.80,-18.34,-0.600,0
1.958,-12.80,-18.34,-0.600,0
1.958,-12.80,-18.34,-0.600,0
1.959,-12.80,-18.30,-0.600,0
1.959,-12.80,-18.30,-0.600,0
1.959,-12.80,-18.30,-0.600,0
1.959,-12.80,-18.30,-0.600,0
1.959,-12.80,-18.27,-0.600,0
1.960,-12.80,-18.27,-0.600,0
1.960,-12.80,-18.27,-0.600,0
1.960,-12.80,-18.27,-0.600,0
1.960,-12.80,-18.24,-0.600,0
1.961,-12.80,-18.24,-0.600,0
1.961,-12.80,-18.24,-0.600,0
1.961,-12.80,-18.24,-0.600,0
1.961,-12.80,-18.21,-0.600,0
1.962,-12.80,-18.21,-0.600,0
1.962,-12.80,-18.21,-0.600,0
1.962,-12.80,-18.21,-0.600,0
1.962,-12.80,-18.17,-0.600,0
1.963,-12.80,-18.17,-0.600,0
1.963,-12.80,-18.17,-0.600,0
1.963,-12.80,-18.17,-0.600,0
1.964,-12.80,-18.14,-0.600,0
1.964,-12.80,-18.14,-0.600,0
1.964,-12.80,-18.14,-0.600,0
1.964,-12.80,-18.14,-0.600,0
1.965,-12.80,-18.11,-0.600,0
1.965,-12.80,-18.11,-0.600,0
1.965,-12.80,-18.11,-0.600,0
1.965,-12.80,-18.11,-0.600,0
1.965,-12.80,-18.08,-0.600,0
1.966,-12.80,-18.08,-0.600,0
1.966,-12.80,-18.08,-0.600,0
1.966,-12.80,-18.08,-0.600,0
1.966,-12.80,-18.04,-0.600,0
1.967,-12.80,-18.04,-0.600,0
1.967,-12.80,-18.04,-0.600,0
1.967,-12.80,-18.04,-0.600,0
1.967,-12.80,-18.01,-0.600,0
1.968,-12.80,-18.01,-0.600,0
1.968,-12.80,-18.01,-0.600,0
1.968,-12.80,-18.01,-0.600,0
1.968,-12.80,-18.01,-0.600,0
1.969,-12.80,-17.98,-0.600,0
1.969,-12.80,-17.98,-0.600,0
1.969,-12.80,-17.98,-0.600,0
1.969,-12.80,-17.98,-0.600,0
1.970,-12.80,-17.95,-0.600,0
1.970,-12.80,-17.95,-0.600,0
1.970,-12.80,-17.95,-0.600,0
1.970,-12.80,-17.95,-0.600,0
1.970,-12.80,-17.91,-0.600,0
1.971,-12.80,-17.91,-0.600,0
1.971,-12.80,-17.91,-0.600,0
1.971,-12.80,-17.91,-0.600,0
1.971,-12.80,-17.91,-0.600,0
1.972,-12.80,-17.88,-0.600,0
1.972,-12.80,-17.88,-0.600,0
1.972,-12.80,-17.88,-0.600,0
1.972,-12.80,-17.88,-0.600,0
1.973,-12.80,-17.85,-0.600,0
1.973,-12.80,-17.85,-0.600,0
1.973,-12.80,-17.85,-0.600,0
1.973,-12.80,-17.85,-0.600,0
1.973,-12.80,-17.82,-0.600,0
1.974,-12.80,-17.82,-0.600,0
1.974,-12.80,-17.82,-0.600,0
1.974,-12.80,-17.82,-0.600,0
1.974,-12.80,-17.78,-0.600,0
1.975,-12.80,-17.78,-0.600,0
1.975,-12.80,-17.78,-0.600,0
1.975,-12.80,-17.78,-0.600,0
1.975,-12.80,-17.75,-0.600,0
1.976,-12.80,-17.75,-0.600,0
1.976,-12.80,-17.75,-0.600,0
1.976,-12.80,-17.75,-0.600,0
1.976,-12.80,-17.75,-0.600,0
1.977,-12.80,-17.72,-0.600,0
1.977,-12.80,-17.72,-0.600,0
1.977,-12.80,-17.72,-0.600,0
1.977,-12.80,-17.69,-0.600,0
1.978,-12.80,-17.69,-0.600,0
1.978,-12.80,-17.69,-0.600,0
1.978,-12.80,-17.69,-0.600,0
1.978,-12.80,-17.69,-0.600,0
1.979,-12.80,-17.65,-0.600,0
1.979,-12.80,-17.65,-0.600,0
1.979,-12.80,-17.65,-0.600,0
1.979,-12.80,-17.65,-0.600,0
1.979,-12.80,-17.62,-0.600,0
1.980,-12.80,-17.62,-0.600,0
1.980,-12.80,-17.62,-0.600,0
1.980,-12.80,-17.62,-0.600,0
1.980,-12.80,-17.59,-0.600,0
1.981,-12.80,-17.59,-0.600,0
1.981,-12.80,-17.59,-0.600,0
1.981,-12.80,-17.59,-0.600,0
1.981,-12.80,-17.59,-0.600,0
1.981,-12.80,-17.56,-0.600,0
1.982,-12.80,-17.56,-0.600,0
1.982,-12.80,-17.56,-0.600,0
1.982,-12.80,-17.56,-0.600,0
1.982,-12.80,-17.56,-0.600,0
1.983,-12.80,-17.52,-0.600,0
1.983,-12.80,-17.52,-0.600,0
1.983,-12.80,-17.52,-0.600,0
1.983,-12.80,-17.52,-0.600,0
1.984,-12.80,-17.49,-0.600,0
1.984,-12.80,-17.49,-0.600,0
1.984,-12.80,-17.49,-0.600,0
1.985,-12.80,-17.46,-0.600,0
1.985,-12.80,-17.46,-0.600,0
1.985,-12.80,-17.46,-0.600,0
1.985,-12.80,-17.46,-0.600,0
1.985,-12.80,-17.42,-0.600,0
1.986,-12.80,-17.42,-0.600,0
1.986,-12.80,-17.42,-0.600,0
1.986,-12.80,-17.42,-0.600,0
1.986,-12.80,-17.39,-0.600,0
1.987,-12.80,-17.39,-0.600,0
1.987,-12.80,-17.39,-0.600,0
1.987,-12.80,-17.39,-0.600,0
1.987,-12.80,-17.39,-0.600,0
1.988,-12.80,-17.36,-0.600,0
1.988,-12.80,-17.36,-0.600,0
1.988,-12.80,-17.36,-0.600,0
1.988,-12.80,-17.36,-0.600,0
1.988,-12.80,-17.33,-0.600,0
1.989,-12.80,-17.33,-0.600,0
1.989,-12.80,-17.33,-0.600,0
1.989,-12.80,-17.33,-0.600,0
1.989,-12.80,-17.33,-0.600,0
1.990,-12.80,-17.29,-0.600,0
1.990,-12.80,-17.29,-0.600,0
1.990,-12.80,-17.29,-0.600,0
1.990,-12.80,-17.29,-0.600,0
1.991,-12.80,-17.26,-0.600,0
1.991,-12.80,-17.26,-0.600,0
1.991,-12.80,-17.26,-0.600,0
1.992,-12.80,-17.23,-0.600,0
1.992,-12.80,-17.23,-0.600,0
1.992,-12.80,-17.23,-0.600,0
1.992,-12.80,-17.23,-0.600,0
1.993,-12.80,-17.20,-0.600,0
1.993,-12.80,-17.20,-0.600,0
1.993,-12.80,-17.20,-0.600,0
1.993,-12.80,-17.20,-0.600,0
1.993,-12.80,-17.16,-0.600,0
1.994,-12.80,-17.16,-0.600,0
1.994,-12.80,-17.16,-0.600,0
1.994,-12.80,-17.16,-0.600,0
1.994,-12.80,-17.13,-0.600,0
1.995,-12.80,-17.13,-0.600,0
1.995,-12.80,-17.13,-0.600,0
1.995,-12.80,-17.13,-0.600,0
1.995,-12.80,-17.13,-0.600,0
1.996,-12.80,-17.10,-0.600,0
1.996,-12.80,-17.10,-0.600,0
1.996,-12.80,-17.10,-0.600,0
1.996,-12.80,-17.10,-0.600,0
1.997,-12.80,-17.07,-0.600,0
1.997,-12.80,-17.07,-0.600,0
1.997,-12.80,-17.07,-0.600,0
1.997,-12.80,-17.07,-0.600,0
1.998,-12.80,-17.03,-0.600,0
1.998,-12.80,-17.03,-0.600,0
1.998,-12.80,-17.03,-0.600,0
1.998,-12.80,-17.00,-0.600,0
1.999,-12.80,-17.00,-0.600,0
1.999,-12.80,-17.00,-0.600,0
1.999,-12.80,-17.00,-0.600,0
1.999,-12.80,-17.00,-0.600,0
2.000,-12.80,-16.97,-0.600,0
2.000,-12.80,-16.97,-0.600,0
2.000,-12.80,-16.97,-0.600,0
2.000,-12.80,-16.97,-0.600,0
2.000,-12.80,-16.94,-0.600,0
2.001,-12.80,-16.94,-0.600,0
2.001,-12.80,-16.94,-0.600,0
2.001,-12.80,-16.94,-0.600,0
2.001,-12.80,-16.90,-0.600,0
2.002,-12.80,-16.90,-0.600,0
2.002,-12.80,-16.90,-0.600,0
2.002,-12.80,-16.90,-0.600,0
2.002,-12.80,-16.90,-0.600,0
2.003,-12.80,-16.87,-0.600,0
2.003,-12.80,-16.87,-0.600,0
2.003,-12.80,-16.87,-0.600,0
2.003,-12.80,-16.84,-0.600,0
2.004,-12.80,-16.84,-0.600,0
2.004,-12.80,-16.84,-0.600,0
2.004,-12.80,-16.80,-0.600,0
2.005,-12.80,-16.80,-0.600,0
2.005,-12.80,-16.80,-0.600,0
2.005,-12.80,-16.80,-0.600,0
2.005,-12.80,-16.77,-0.600,0
2.006,-12.80,-16.77,-0.600,0
2.006,-12.80,-16.77,-0.600,0
2.006,-12.80,-16.77,-0.600,0
2.006,-12.80,-16.74,-0.600,0
2.007,-12.80,-16.74,-0.600,0
2.007,-12.80,-16.74,-0.600,0
2.007,-12.80,-16.74,-0.600,0
2.007,-12.80,-16.71,-0.600,0
2.008,-12.80,-16.71,-0.600,0
2.008,-12.80,-16.71,-0.600,0
2.008,-12.80,-16.71,-0.600,0
2.008,-12.80,-16.71,-0.600,0
2.008,-12.80,-16.67,-0.600,0
2.009,-12.80,-16.67,-0.600,0
2.009,-12.80,-16.67,-0.600,0
2.009,-12.80,-16.67,-0.600,0
2.009,-12.80,-16.64,-0.600,0
2.010,-12.80,-16.64,-0.600,0
2.010,-12.80,-16.64,-0.600,0
2.010,-12.80,-16.64,-0.600,0
2.010,-12.80,-16.61,-0.600,0
2.011,-12.80,-16.61,-0.600,0
2.011,-12.80,-16.61,-0.600,0
2.011,-12.80,-16.61,-0.600,0
2.012,-12.80,-16.58,-0.600,0
2.012,-12.80,-16.58,-0.600,0
2.012,-12.80,-16.58,-0.600,0
2.012,-12.80,-16.54,-0.600,0
2.013,-12.80,-16.54,-0.600,0
2.013,-12.80,-16.54,-0.600,0
2.013,-12.80,-16.54,-0.600,0
2.013,-12.80,-16.54,-0.600,0
2.014,-12.80,-16.51,-0.600,0
2.014,-12.80,-16.51,-0.600,0
2.014,-12.80,-16.51,-0.600,0
2.014,-12.80,-16.51,-0.600,0
2.014,-12.80,-16.48,-0.600,0
2.015,-12.80,-16.48,-0.600,0
2.015,-12.80,-16.48,-0.600,0
2.015,-12.80,-16.48,-0.600,0
2.015,-12.80,-16.45,-0.600,0
2.016,-12.80,-16.45,-0.600,0
2.016,-12.80,-16.45,-0.600,0
2.016,-12.80,-16.45,-0.600,0
2.016,-12.80,-16.45,-0.600,0
2.017,-12.80,-16.41,-0.600,0
2.017,-12.80,-16.41,-0.600,0
2.017,-12.80,-16.41,-0.600,0
2.017,-12.80,-16.41,-0.600,0
2.017,-12.80,-16.38,-0.600,0
2.018,-12.80,-16.38,-0.600,0
2.018,-12.80,-16.38,-0.600,0
2.018,-12.80,-16.38,-0.600,0
2.018,-12.80,-16.35,-0.600,0
2.019,-12.80,-16.35,-0.600,0
2.019,-12.80,-16.35,-0.600,0
2.019,-12.80,-16.35,-0.600,0
2.020,-12.80,-16.32,-0.600,0
2.020,-12.80,-16.32,-0.600,0
2.020,-12.80,-16.32,-0.600,0
2.020,-12.80,-16.32,-0.600,0
2.020,-12.80,-16.28,-0.600,0
2.021,-12.80,-16.28,-0.600,0
2.021,-12.80,-16.28,-0.600,0
2.021,-12.80,-16.28,-0.600,0
2.021,-12.80,-16.25,-0.600,0
2.022,-12.80,-16.25,-0.600,0
2.022,-12.80,-16.25,-0.600,0
2.022,-12.80,-16.25,-0.600,0
2.022,-12.80,-16.25,-0.600,0
2.022,-12.80,-16.22,-0.600,0
2.023,-12.80,-16.22,-0.600,0
2.023,-12.80,-16.22,-0.600,0
2.023,-12.80,-16.22,-0.600,0
2.023,-12.80,-16.19,-0.600,0
2.024,-12.80,-16.19,-0.600,0
2.024,-12.80,-16.19,-0.600,0
2.024,-12.80,-16.19,-0.600,0
2.024,-12.80,-16.15,-0.600,0
2.025,-12.80,-16.15,-0.600,0
2.025,-12.80,-16.15,-0.600,0
2.025,-12.80,-16.15,-0.600,0
2.025,-12.80,-16.12,-0.600,0
2.026,-12.80,-16.12,-0.600,0
2.026,-12.80,-16.12,-0.600,0
2.026,-12.80,-16.12,-0.600,0
2.026,-12.80,-16.09,-0.600,0
2.027,-12.80,-16.09,-0.600,0
2.027,-12.80,-16.09,-0.600,0
2.027,-12.80,-16.09,-0.600,0
2.027,-12.80,-16.05,-0.600,0
2.028,-12.80,-16.05,-0.600,0
2.028,-12.80,-16.05,-0.600,0
2.028,-12.80,-16.05,-0.600,0
2.028,-12.80,-16.02,-0.600,0
2.029,-12.80,-16.02,-0.600,0
2.029,-12.80,-16.02,-0.600,0
2.029,-12.80,-16.02,-0.600,0
2.029,-12.80,-16.02,-0.600,0
2.030,-12.80,-15.99,-0.600,0
2.030,-12.80,-15.99,-0.600,0
2.030,-12.80,-15.99,-0.600,0
2.030,-12.80,-15.99,-0.600,0
2.030,-12.80,-15.96,-0.600,0
2.031,-12.80,-15.96,-0.600,0
2.031,-12.80,-15.96,-0.600,0
2.031,-12.80,-15.96,-0.600,0
2.031,-12.80,-15.92,-0.600,0
2.032,-12.80,-15.92,-0.600,0
2.032,-12.80,-15.92,-0.600,0
2.032,-12.80,-15.92,-0.600,0
2.033,-12.80,-15.89,-0.600,0
2.033,-12.80,-15.89,-0.600,0
2.033,-12.80,-15.89,-0.600,0
2.033,-12.80,-15.89,-0.600,0
2.034,-12.80,-15.86,-0.600,0
2.034,-12.80,-15.86,-0.600,0
2.034,-12.80,-15.86,-0.600,0
2.034,-12.80,-15.86,-0.600,0
2.034,-12.80,-15.83,-0.600,0
2.035,-12.80,-15.83,-0.600,0
2.035,-12.80,-15.83,-0.600,0
2.035,-12.80,-15.83,-0.600,0
2.035,-12.80,-15.83,-0.600,0
2.036,-12.80,-15.79,-0.600,0
2.036,-12.80,-15.79,-0.600,0
2.036,-12.80,-15.79,-0.600,0
2.036,-12.80,-15.79,-0.600,0
2.036,-12.80,-15.76,-0.600,0
2.037,-12.80,-15.76,-0.600,0
2.037,-12.80,-15.76,-0.600,0
2.037,-12.80,-15.76,-0.600,0
2.037,-12.80,-15.73,-0.600,0
2.038,-12.80,-15.73,-0.600,0
2.038,-12.80,-15.73,-0.600,0
2.038,-12.80,-15.73,-0.600,0
2.038,-12.80,-15.70,-0.600,0
2.039,-12.80,-15.70,-0.600,0
2.039,-12.80,-15.70,-0.600,0
2.039,-12.80,-15.70,-0.600,0
2.039,-12.80,-15.66,-0.600,0
2.040,-12.80,-15.66,-0.600,0
2.040,-12.80,-15.66,-0.600,0
2.040,-12.80,-15.66,-0.600,0
2.040,-12.80,-15.63,-0.600,0
2.041,-12.80,-15.63,-0.600,0
2.041,-12.80,-15.63,-0.600,0
2.041,-12.80,-15.63,-0.600,0
2.041,-12.80,-15.60,-0.600,0
2.042,-12.80,-15.60,-0.600,0
2.042,-12.80,-15.60,-0.600,0
2.042,-12.80,-15.60,-0.600,0
2.042,-12.80,-15.60,-0.600,0
2.043,-12.80,-15.56,-0.600,0
2.043,-12.80,-15.56,-0.600,0
2.043,-12.80,-15.56,-0.600,0
2.043,-12.80,-15.56,-0.600,0
2.043,-12.80,-15.53,-0.600,0
2.044,-12.80,-15.53,-0.600,0
2.044,-12.80,-15.53,-0.600,0
2.044,-12.80,-15.53,-0.600,0
2.044,-12.80,-15.50,-0.600,0
2.045,-12.80,-15.50,-0.600,0
2.045,-12.80,-15.50,-0.600,0
2.045,-12.80,-15.50,-0.600,0
2.045,-12.80,-15.50,-0.600,0
2.046,-12.80,-15.47,-0.600,0
2.046,-12.80,-15.47,-0.600,0
2.046,-12.80,-15.47,-0.600,0
2.046,-12.80,-15.47,-0.600,0
2.047,-12.80,-15.43,-0.600,0
2.047,-12.80,-15.43,-0.600,0
2.047,-12.80,-15.43,-0.600,0
2.047,-12.80,-15.43,-0.600,0
2.047,-12.80,-15.40,-0.600,0
2.048,-12.80,-15.40,-0.600,0
2.048,-12.80,-15.40,-0.600,0
2.048,-12.80,-15.40,-0.600,0
2.048,-12.80,-15.37,-0.600,0
2.049,-12.80,-15.37,-0.600,0
2.049,-12.80,-15.37,-0.600,0
2.049,-12.80,-15.37,-0.600,0
2.049,-12.80,-15.37,-0.600,0
2.049,-12.80,-15.34,-0.600,0
2.050,-12.80,-15.34,-0.600,0
2.050,-12.80,-15.34,-0.600,0
2.050,-12.80,-15.34,-0.600,0
2.050,-12.80,-15.30,-0.600,0
2.051,-12.80,-15.30,-0.600,0
2.051,-12.80,-15.30,-0.600,0
2.051,-12.80,-15.30,-0.600,0
2.051,-12.80,-15.30,-0.600,0
2.052,-12.80,-15.27,-0.600,0
2.052,-12.80,-15.27,-0.600,0
2.052,-12.80,-15.27,-0.600,0
2.052,-12.80,-15.27,-0.600,0
2.053,-12.80,-15.24,-0.600,0
2.053,-12.80,-15.24,-0.600,0
2.053,-12.80,-15.24,-0.600,0
2.053,-12.80,-15.24,-0.600,0
2.054,-12.80,-15.21,-0.600,0
2.054,-12.80,-15.21,-0.600,0
2.054,-12.80,-15.21,-0.600,0
2.054,-12.80,-15.21,-0.600,0
2.055,-12.80,-15.17,-0.600,0
2.055,-12.80,-15.17,-0.600,0
2.055,-12.80,-15.17,-0.600,0
2.055,-12.80,-15.17,-0.600,0
2.056,-12.80,-15.14,-0.600,0
2.056,-12.80,-15.14,-0.600,0
2.056,-12.80,-15.14,-0.600,0
2.056,-12.80,-15.14,-0.600,0
2.057,-12.80,-15.11,-0.600,0
2.057,-12.80,-15.11,-0.600,0
2.057,-12.80,-15.11,-0.600,0
2.057,-12.80,-15.11,-0.600,0
2.058,-12.80,-15.08,-0.600,0
2.058,-12.80,-15.08,-0.600,0
2.058,-12.80,-15.08,-0.600,0
2.058,-12.80,-15.08,-0.600,0
2.058,-12.80,-15.04,-0.600,0
2.059,-12.80,-15.04,-0.600,0
2.059,-12.80,-15.04,-0.600,0
2.059,-12.80,-15.04,-0.600,0
2.060,-12.80,-15.01,-0.600,0
2.060,-12.80,-15.01,-0.600,0
2.060,-12.80,-15.01,-0.600,0
2.060,-12.80,-14.98,-0.600,0
2.061,-12.80,-14.98,-0.600,0
2.061,-12.80,-14.98,-0.600,0
2.061,-12.80,-14.98,-0.600,0
2.062,-12.80,-14.94,-0.600,0
2.062,-12.80,-14.94,-0.600,0
2.062,-12.80,-14.94,-0.600,0
2.063,-12.80,-14.91,-0.600,0
2.063,-12.80,-14.91,-0.600,0
2.063,-12.80,-14.91,-0.600,0
2.063,-12.80,-14.91,-0.600,0
2.063,-12.80,-14.88,-0.600,0
2.064,-12.80,-14.88,-0.600,0
2.064,-12.80,-14.88,-0.600,0
2.064,-12.80,-14.88,-0.600,0
2.064,-12.80,-14.85,-0.600,0
2.065,-12.80,-14.85,-0.600,0
2.065,-12.80,-14.85,-0.600,0
2.065,-12.80,-14.85,-0.600,0
2.065,-12.80,-14.85,-0.600,0
2.066,-12.80,-14.81,-0.600,0
2.066,-12.80,-14.81,-0.600,0
2.066,-12.80,-14.81,-0.600,0
2.066,-12.80,-14.81,-0.600,0
2.067,-12.80,-14.78,-0.600,0
2.067,-12.80,-14.78,-0.600,0
2.067,-12.80,-14.78,-0.600,0
2.067,-12.80,-14.75,-0.600,0
2.068,-12.80,-14.75,-0.600,0
2.068,-12.80,-14.75,-0.600,0
2.068,-12.80,-14.75,-0.600,0
2.068,-12.80,-14.75,-0.600,0
2.069,-12.80,-14.72,-0.600,0
2.069,-12.80,-14.72,-0.600,0
2.069,-12.80,-14.72,-0.600,0
2.069,-12.80,-14.68,-0.600,0
2.070,-12.80,-14.68,-0.600,0
2.070,-12.80,-14.68,-0.600,0
2.070,-12.80,-14.68,-0.600,0
2.070,-12.80,-14.68,-0.600,0
2.071,-12.80,-14.65,-0.600,0
2.071,-12.80,-14.65,-0.600,0
2.071,-12.80,-14.65,-0.600,0
2.071,-12.80,-14.65,-0.600,0
2.071,-12.80,-14.62,-0.600,0
2.072,-12.80,-14.62,-0.600,0
2.072,-12.80,-14.62,-0.600,0
2.072,-12.80,-14.62,-0.600,0
2.072,-12.80,-14.59,-0.600,0
2.073,-12.80,-14.59,-0.600,0
2.073,-12.80,-14.59,-0.600,0
2.073,-12.80,-14.59,-0.600,0
2.073,-12.80,-14.55,-0.600,0
2.074,-12.80,-14.55,-0.600,0
2.074,-12.80,-14.55,-0.600,0
2.074,-12.80,-14.55,-0.600,0
2.074,-12.80,-14.52,-0.600,0
2.075,-12.80,-14.52,-0.600,0
2.075,-12.80,-14.52,-0.600,0
2.075,-12.80,-14.52,-0.600,0
2.075,-12.80,-14.52,-0.600,0
2.076,-12.80,-14.49,-0.600,0
2.076,-12.80,-14.49,-0.600,0
2.076,-12.80,-14.49,-0.600,0
2.076,-12.80,-14.49,-0.600,0
2.077,-12.80,-14.46,-0.600,0
2.077,-12.80,-14.46,-0.600,0
2.077,-12.80,-14.46,-0.600,0
2.077,-12.80,-14.46,-0.600,0
2.077,-12.80,-14.42,-0.600,0
2.078,-12.80,-14.42,-0.600,0
2.078,-12.80,-14.42,-0.600,0
2.078,-12.80,-14.42,-0.600,0
2.078,-12.80,-14.39,-0.600,0
2.079,-12.80,-14.39,-0.600,0
2.079,-12.80,-14.39,-0.600,0
2.079,-12.80,-14.39,-0.600,0
2.079,-12.80,-14.39,-0.600,0
2.080,-12.80,-14.36,-0.600,0
2.080,-12.80,-14.36,-0.600,0
2.080,-12.80,-14.36,-0.600,0
2.080,-12.80,-14.36,-0.600,0
2.081,-12.80,-14.32,-0.600,0
2.081,-12.80,-14.32,-0.600,0
2.081,-12.80,-14.32,-0.600,0
2.081,-12.80,-14.32,-0.600,0
2.082,-12.80,-14.29,-0.600,0
2.082,-12.80,-14.29,-0.600,0
2.082,-12.80,-14.29,-0.600,0
2.082,-12.80,-14.29,-0.600,0
2.083,-12.80,-14.26,-0.600,0
2.083,-12.80,-14.26,-0.600,0
2.083,-12.80,-14.26,-0.600,0
2.083,-12.80,-14.26,-0.600,0
2.083,-12.80,-14.23,-0.600,0
2.084,-12.80,-14.23,-0.600,0
2.084,-12.80,-14.23,-0.600,0
2.084,-12.80,-14.23,-0.600,0
2.084,-12.80,-14.19,-0.600,0
2.085,-12.80,-14.19,-0.600,0
2.085,-12.80,-14.19,-0.600,0
2.085,-12.80,-14.19,-0.600,0
2.085,-12.80,-14.19,-0.600,0
2.086,-12.80,-14.16,-0.600,0
2.086,-12.80,-14.16,-0.600,0
2.086,-12.80,-14.16,-0.600,0
2.086,-12.80,-14.16,-0.600,0
2.087,-12.80,-14.13,-0.600,0
2.087,-12.80,-14.13,-0.600,0
2.087,-12.80,-14.13,-0.600,0
2.088,-12.80,-14.10,-0.600,0
2.088,-12.80,-14.10,-0.600,0
2.088,-12.80,-14.10,-0.600,0
2.088,-12.80,-14.06,-0.600,0
2.089,-12.80,-14.06,-0.600,0
2.089,-12.80,-14.06,-0.600,0
2.089,-12.80,-14.06,-0.600,0
2.089,-12.80,-14.03,-0.600,0
2.090,-12.80,-14.03,-0.600,0
2.090,-12.80,-14.03,-0.600,0
2.090,-12.80,-14.03,-0.600,0
2.090,-12.80,-14.03,-0.600,0
2.090,-12.80,-14.00,-0.600,0
2.091,-12.80,-14.00,-0.600,0
2.091,-12.80,-14.00,-0.600,0
2.091,-12.80,-14.00,-0.600,0
2.091,-12.80,-13.97,-0.600,0
2.092,-12.80,-13.97,-0.600,0
2.092,-12.80,-13.97,-0.600,0
2.092,-12.80,-13.97,-0.600,0
2.092,-12.80,-13.97,-0.600,0
2.093,-12.80,-13.93,-0.600,0
2.093,-12.80,-13.93,-0.600,0
2.093,-12.80,-13.93,-0.600,0
2.093,-12.80,-13.93,-0.600,0
2.093,-12.80,-13.90,-0.600,0
2.094,-12.80,-13.90,-0.600,0
2.094,-12.80,-13.90,-0.600,0
2.094,-12.80,-13.87,-0.600,0
2.095,-12.80,-13.87,-0.600,0
2.095,-12.80,-13.87,-0.600,0
2.095,-12.80,-13.87,-0.600,0
2.096,-12.80,-13.84,-0.600,0
2.096,-12.80,-13.84,-0.600,0
2.096,-12.80,-13.84,-0.600,0
2.096,-12.80,-13.84,-0.600,0
2.097,-12.80,-13.80,-0.600,0
2.097,-12.80,-13.80,-0.600,0
2.097,-12.80,-13.80,-0.600,0
2.097,-12.80,-13.77,-0.600,0
2.098,-12.80,-13.77,-0.600,0
2.098,-12.80,-13.77,-0.600,0
2.098,-12.80,-13.77,-0.600,0
2.098,-12.80,-13.77,-0.600,0
2.099,-12.80,-13.74,-0.600,0
2.099,-12.80,-13.74,-0.600,0
2.099,-12.80,-13.74,-0.600,0
2.099,-12.80,-13.74,-0.600,0
2.100,-12.80,-13.71,-0.600,0
2.100,-12.80,-13.71,-0.600,0
2.100,-12.80,-13.71,-0.600,0
2.100,-12.80,-13.71,-0.600,0
2.100,-12.80,-13.67,-0.600,0
2.101,-12.80,-13.67,-0.600,0
2.101,-12.80,-13.67,-0.600,0
2.101,-12.80,-13.67,-0.600,0
2.101,-12.80,-13.64,-0.600,0
2.102,-12.80,-13.64,-0.600,0
2.102,-12.80,-13.64,-0.600,0
2.102,-12.80,-13.64,-0.600,0
2.103,-12.80,-13.61,-0.600,0
2.103,-12.80,-13.61,-0.600,0
2.103,-12.80,-13.61,-0.600,0
2.104,-12.80,-13.57,-0.600,0
2.104,-12.80,-13.57,-0.600,0
2.104,-12.80,-13.54,-0.600,0
2.105,-12.80,-13.54,-0.600,0
2.105,-12.80,-13.54,-0.600,0
2.105,-12.80,-13.54,-0.600,0
2.105,-12.80,-13.51,-0.600,0
2.106,-12.80,-13.51,-0.600,0
2.106,-12.80,-13.51,-0.600,0
2.106,-12.80,-13.51,-0.600,0
2.106,-12.80,-13.51,-0.600,0
2.107,-12.80,-13.48,-0.600,0
2.107,-12.80,-13.48,-0.600,0
2.107,-12.80,-13.48,-0.600,0
2.107,-12.80,-13.48,-0.600,0
2.108,-12.80,-13.44,-0.600,0
2.108,-12.80,-13.44,-0.600,0
2.108,-12.80,-13.44,-0.600,0
2.108,-12.80,-13.41,-0.600,0
2.109,-12.80,-13.41,-0.600,0
2.109,-12.80,-13.41,-0.600,0
2.109,-12.80,-13.41,-0.600,0
2.110,-12.80,-13.38,-0.600,0
2.110,-12.80,-13.38,-0.600,0
2.110,-12.80,-13.38,-0.600,0
2.111,-12.80,-13.35,-0.600,0
2.111,-12.80,-13.35,-0.600,0
2.111,-12.80,-13.35,-0.600,0
2.111,-12.80,-13.31,-0.600,0
2.112,-12.80,-13.31,-0.600,0
2.112,-12.80,-13.31,-0.600,0
2.112,-12.80,-13.31,-0.600,0
2.112,-12.80,-13.31,-0.600,0
2.113,-12.80,-13.28,-0.600,0
2.113,-12.80,-13.28,-0.600,0
2.113,-12.80,-13.28,-0.600,0
2.113,-12.80,-13.28,-0.600,0
2.113,-12.80,-13.25,-0.600,0
2.114,-12.80,-13.25,-0.600,0
2.114,-12.80,-13.25,-0.600,0
2.114,-12.80,-13.25,-0.600,0
2.114,-12.80,-13.22,-0.600,0
2.115,-12.80,-13.22,-0.600,0
2.115,-12.80,-13.22,-0.600,0
2.115,-12.80,-13.22,-0.600,0
2.116,-12.80,-13.22,-0.600,0
2.116,-12.80,-13.18,-0.600,0
2.117,-12.80,-13.15,-0.600,0
2.117,-12.80,-13.15,-0.600,0
2.117,-12.80,-13.15,-0.600,0
2.117,-12.80,-13.12,-0.600,0
2.118,-12.80,-13.12,-0.600,0
2.118,-12.80,-13.12,-0.600,0
2.118,-12.80,-13.12,-0.600,0
2.118,-12.80,-13.09,-0.600,0
2.119,-12.80,-13.09,-0.600,0
2.119,-12.80,-13.09,-0.600,0
2.119,-12.80,-13.09,-0.600,0
2.119,-12.80,-13.05,-0.600,0
2.120,-12.80,-13.05,-0.600,0
2.120,-12.80,-13.05,-0.600,0
2.120,-12.80,-13.05,-0.600,0
2.120,-12.80,-13.02,-0.600,0
2.121,-12.80,-13.02,-0.600,0
2.121,-12.80,-13.02,-0.600,0
2.121,-12.80,-13.02,-0.600,0
2.121,-12.80,-12.99,-0.600,0
2.122,-12.80,-12.99,-0.600,0
2.122,-12.80,-12.99,-0.600,0
2.122,-12.80,-12.99,-0.600,0
2.123,-12.80,-12.96,-0.600,0
2.123,-12.80,-12.96,-0.600,0
2.123,-12.80,-12.96,-0.600,0
2.123,-12.80,-12.96,-0.600,0
2.124,-12.80,-12.92,-0.600,0
2.124,-12.80,-12.92,-0.600,0
2.124,-12.80,-12.92,-0.600,0
2.124,-12.80,-12.89,-0.600,0
2.125,-12.80,-12.89,-0.600,0
2.125,-12.80,-12.89,-0.600,0
2.125,-12.80,-12.89,-0.600,0
2.125,-12.80,-12.86,-0.600,0
2.126,-12.80,-12.86,-0.600,0
2.126,-12.80,-12.86,-0.600,0
2.126,-12.80,-12.86,-0.600,0
2.126,-12.80,-12.86,-0.600,0
2.127,-12.80,-12.83,-0.600,0
2.127,-12.80,-12.83,-0.600,0
2.127,-12.80,-12.83,-0.600,0
2.127,-12.80,-12.79,-0.600,0
2.128,-12.80,-12.79,-0.600,0
2.128,-12.80,-12.79,-0.600,0
2.128,-12.80,-12.79,-0.600,0
2.129,-12.80,-12.76,-0.600,0
2.129,-12.80,-12.76,-0.600,0
2.129,-12.80,-12.76,-0.600,0
2.129,-12.80,-12.76,-0.600,0
2.129,-12.80,-12.73,-0.600,0
2.130,-12.80,-12.73,-0.600,0
2.130,-12.80,-12.73,-0.600,0
2.130,-12.80,-12.73,-0.600,0
2.130,-12.80,-12.69,-0.600,0
2.131,-12.80,-12.69,-0.600,0
2.131,-12.80,-12.69,-0.600,0
2.131,-12.80,-12.69,-0.600,0
2.131,-12.80,-12.66,-0.600,0
2.132,-12.80,-12.66,-0.600,0
2.132,-12.80,-12.66,-0.600,0
2.132,-12.80,-12.66,-0.600,0
2.132,-12.80,-12.63,-0.600,0
2.133,-12.80,-12.63,-0.600,0
2.133,-12.80,-12.63,-0.600,0
2.133,-12.80,-12.63,-0.600,0
2.133,-12.80,-12.60,-0.600,0
2.134,-12.80,-12.60,-0.600,0
2.134,-12.80,-12.60,-0.600,0
2.134,-12.80,-12.60,-0.600,0
2.134,-12.80,-12.60,-0.600,0
2.135,-12.80,-12.56,-0.600,0
2.135,-12.80,-12.56,-0.600,0
2.135,-12.80,-12.56,-0.600,0
2.135,-12.80,-12.56,-0.600,0
2.136,-12.80,-12.53,-0.600,0
2.136,-12.80,-12.53,-0.600,0
2.136,-12.80,-12.53,-0.600,0
2.136,-12.80,-12.53,-0.600,0
2.137,-12.80,-12.50,-0.600,0
2.137,-12.80,-12.50,-0.600,0
2.137,-12.80,-12.50,-0.600,0
2.137,-12.80,-12.50,-0.600,0
2.138,-12.80,-12.47,-0.600,0
2.138,-12.80,-12.47,-0.600,0
2.138,-12.80,-12.47,-0.600,0
2.138,-12.80,-12.47,-0.600,0
2.139,-12.80,-12.43,-0.600,0
2.139,-12.80,-12.43,-0.600,0
2.139,-12.80,-12.43,-0.600,0
2.139,-12.80,-12.40,-0.600,0
2.140,-12.80,-12.40,-0.600,0
2.140,-12.80,-12.40,-0.600,0
2.140,-12.80,-12.40,-0.600,0
2.140,-12.80,-12.37,-0.600,0
2.141,-12.80,-12.37,-0.600,0
2.141,-12.80,-12.37,-0.600,0
2.141,-12.80,-12.37,-0.600,0
2.141,-12.80,-12.37,-0.600,0
2.142,-12.80,-12.34,-0.600,0
2.142,-12.80,-12.34,-0.600,0
2.142,-12.80,-12.34,-0.600,0
2.142,-12.80,-12.34,-0.600,0
2.143,-12.80,-12.30,-0.600,0
2.143,-12.80,-12.30,-0.600,0
2.143,-12.80,-12.30,-0.600,0
2.143,-12.80,-12.30,-0.600,0
2.144,-12.80,-12.27,-0.600,0
2.144,-12.80,-12.27,-0.600,0
2.144,-12.80,-12.27,-0.600,0
2.144,-12.80,-12.24,-0.600,0
2.145,-12.80,-12.24,-0.600,0
2.145,-12.80,-12.24,-0.600,0
2.145,-12.80,-12.24,-0.600,0
2.145,-12.80,-12.24,-0.600,0
2.146,-12.80,-12.21,-0.600,0
2.146,-12.80,-12.21,-0.600,0
2.146,-12.80,-12.21,-0.600,0
2.146,-12.80,-12.21,-0.600,0
2.147,-12.80,-12.17,-0.600,0
2.147,-12.80,-12.17,-0.600,0
2.147,-12.80,-12.17,-0.600,0
2.147,-12.80,-12.17,-0.600,0
2.148,-12.80,-12.14,-0.600,0
2.148,-12.80,-12.14,-0.600,0
2.148,-12.80,-12.14,-0.600,0
2.148,-12.80,-12.11,-0.600,0
2.149,-12.80,-12.11,-0.600,0
2.149,-12.80,-12.11,-0.600,0
2.149,-12.80,-12.11,-0.600,0
2.149,-12.80,-12.07,-0.600,0
2.150,-12.80,-12.07,-0.600,0
2.150,-12.80,-12.07,-0.600,0
2.150,-12.80,-12.07,-0.600,0
2.150,-12.80,-12.04,-0.600,0
2.151,-12.80,-12.04,-0.600,0
2.151,-12.80,-12.04,-0.600,0
2.151,-12.80,-12.04,-0.600,0
2.151,-12.80,-12.01,-0.600,0
2.152,-12.80,-12.01,-0.600,0
2.152,-12.80,-12.01,-0.600,0
2.152,-12.80,-12.01,-0.600,0
2.152,-12.80,-11.98,-0.600,0
2.153,-12.80,-11.98,-0.600,0
2.153,-12.80,-11.98,-0.600,0
2.153,-12.80,-11.95,-0.600,0
2.154,-12.80,-11.95,-0.600,0
2.154,-12.80,-11.95,-0.600,0
2.155,-12.80,-11.91,-0.600,0
2.155,-12.80,-11.91,-0.600,0
2.155,-12.80,-11.91,-0.600,0
2.155,-12.80,-11.88,-0.600,0
2.156,-12.80,-11.88,-0.600,0
2.156,-12.80,-11.88,-0.600,0
2.156,-12.80,-11.88,-0.600,0
2.156,-12.80,-11.85,-0.600,0
2.157,-12.80,-11.85,-0.600,0
2.157,-12.80,-11.85,-0.600,0
2.157,-12.80,-11.85,-0.600,0
2.158,-12.80,-11.81,-0.600,0
2.158,-12.80,-11.81,-0.600,0
2.159,-12.80,-11.78,-0.600,0
2.159,-12.80,-11.78,-0.600,0
2.159,-12.80,-11.78,-0.600,0
2.159,-12.80,-11.75,-0.600,0
2.160,-12.80,-11.75,-0.600,0
2.160,-12.80,-11.75,-0.600,0
2.160,-12.80,-11.75,-0.600,0
2.161,-12.80,-11.72,-0.600,0
2.161,-12.80,-11.72,-0.600,0
2.161,-12.80,-11.72,-0.600,0
2.161,-12.80,-11.72,-0.600,0
2.161,-12.80,-11.68,-0.600,0
2.162,-12.80,-11.68,-0.600,0
2.162,-12.80,-11.68,-0.600,0
2.162,-12.80,-11.68,-0.600,0
2.163,-12.80,-11.65,-0.600,0
2.163,-12.80,-11.65,-0.600,0
2.163,-12.80,-11.65,-0.600,0
2.163,-12.80,-11.62,-0.600,0
2.164,-12.80,-11.62,-0.600,0
2.164,-12.80,-11.62,-0.600,0
2.164,-12.80,-11.62,-0.600,0
2.165,-12.80,-11.59,-0.600,0
2.165,-12.80,-11.59,-0.600,0
2.165,-12.80,-11.59,-0.600,0
2.165,-12.80,-11.59,-0.600,0
2.165,-12.80,-11.55,-0.600,0
2.166,-12.80,-11.55,-0.600,0
2.166,-12.80,-11.55,-0.600,0
2.166,-12.80,-11.55,-0.600,0
2.166,-12.80,-11.52,-0.600,0
2.167,-12.80,-11.52,-0.600,0
2.167,-12.80,-11.52,-0.600,0
2.167,-12.80,-11.52,-0.600,0
2.167,-12.80,-11.49,-0.600,0
2.168,-12.80,-11.49,-0.600,0
2.168,-12.80,-11.49,-0.600,0
2.168,-12.80,-11.49,-0.600,0
2.168,-12.80,-11.49,-0.600,0
2.169,-12.80,-11.46,-0.600,0
2.169,-12.80,-11.46,-0.600,0
2.169,-12.80,-11.46,-0.600,0
2.169,-12.80,-11.46,-0.600,0
2.170,-12.80,-11.42,-0.600,0
2.170,-12.80,-11.42,-0.600,0
2.170,-12.80,-11.42,-0.600,0
2.170,-12.80,-11.39,-0.600,0
2.171,-12.80,-11.39,-0.600,0
2.171,-12.80,-11.39,-0.600,0
2.171,-12.80,-11.39,-0.600,0
2.171,-12.80,-11.39,-0.600,0
2.172,-12.80,-11.36,-0.600,0
2.172,-12.80,-11.36,-0.600,0
2.172,-12.80,-11.36,-0.600,0
2.173,-12.80,-11.33,-0.600,0
2.173,-12.80,-11.33,-0.600,0
2.173,-12.80,-11.33,-0.600,0
2.173,-12.80,-11.29,-0.600,0
2.174,-12.80,-11.29,-0.600,0
2.174,-12.80,-11.29,-0.600,0
2.174,-12.80,-11.29,-0.600,0
2.174,-12.80,-11.26,-0.600,0
2.175,-12.80,-11.26,-0.600,0
2.175,-12.80,-11.26,-0.600,0
2.175,-12.80,-11.26,-0.600,0
2.175,-12.80,-11.26,-0.600,0
2.176,-12.80,-11.23,-0.600,0
2.176,-12.80,-11.23,-0.600,0
2.176,-12.80,-11.23,-0.600,0
2.176,-12.80,-11.23,-0.600,0
2.177,-12.80,-11.20,-0.600,0
2.177,-12.80,-11.20,-0.600,0
2.177,-12.80,-11.20,-0.600,0
2.177,-12.80,-11.20,-0.600,0
2.178,-12.80,-11.16,-0.600,0
2.178,-12.80,-11.16,-0.600,0
2.178,-12.80,-11.16,-0.600,0
2.178,-12.80,-11.16,-0.600,0
2.179,-12.80,-11.13,-0.600,0
2.179,-12.80,-11.13,-0.600,0
2.179,-12.80,-11.13,-0.600,0
2.180,-12.80,-11.10,-0.600,0
2.180,-12.80,-11.10,-0.600,0
2.180,-12.80,-11.10,-0.600,0
2.180,-12.80,-11.10,-0.600,0
2.180,-12.80,-11.06,-0.600,0
2.181,-12.80,-11.06,-0.600,0
2.181,-12.80,-11.06,-0.600,0
2.181,-12.80,-11.06,-0.600,0
2.181,-12.80,-11.03,-0.600,0
2.182,-12.80,-11.03,-0.600,0
2.182,-12.80,-11.03,-0.600,0
2.182,-12.80,-11.03,-0.600,0
2.182,-12.80,-11.03,-0.600,0
2.183,-12.80,-11.00,-0.600,0
2.183,-12.80,-11.00,-0.600,0
2.183,-12.80,-11.00,-0.600,0
2.183,-12.80,-10.97,-0.600,0
2.184,-12.80,-10.97,-0.600,0
2.184,-12.80,-10.97,-0.600,0
2.184,-12.80,-10.97,-0.600,0
2.184,-12.80,-10.93,-0.600,0
2.185,-12.80,-10.93,-0.600,0
2.185,-12.80,-10.93,-0.600,0
2.185,-12.80,-10.93,-0.600,0
2.185,-12.80,-10.90,-0.600,0
2.186,-12.80,-10.90,-0.600,0
2.186,-12.80,-10.90,-0.600,0
2.186,-12.80,-10.90,-0.600,0
2.187,-12.80,-10.87,-0.600,0
2.187,-12.80,-10.87,-0.600,0
2.187,-12.80,-10.87,-0.600,0
2.187,-12.80,-10.87,-0.600,0
2.188,-12.80,-10.84,-0.600,0
2.188,-12.80,-10.84,-0.600,0
2.188,-12.80,-10.84,-0.600,0
2.188,-12.80,-10.84,-0.600,0
2.189,-12.80,-10.80,-0.600,0
2.189,-12.80,-10.80,-0.600,0
2.189,-12.80,-10.80,-0.600,0
2.189,-12.80,-10.80,-0.600,0
2.190,-12.80,-10.77,-0.600,0
2.190,-12.80,-10.77,-0.600,0
2.191,-12.80,-10.74,-0.600,0
2.191,-12.80,-10.74,-0.600,0
2.191,-12.80,-10.74,-0.600,0
2.192,-12.80,-10.71,-0.600,0
2.192,-12.80,-10.71,-0.600,0
2.192,-12.80,-10.71,-0.600,0
2.193,-12.80,-10.67,-0.600,0
2.193,-12.80,-10.67,-0.600,0
2.193,-12.80,-10.67,-0.600,0
2.193,-12.80,-10.64,-0.600,0
2.194,-12.80,-10.64,-0.600,0
2.194,-12.80,-10.64,-0.600,0
2.194,-12.80,-10.61,-0.600,0
2.195,-12.80,-10.61,-0.600,0
2.195,-12.80,-10.61,-0.600,0
2.195,-12.80,-10.58,-0.600,0
2.196,-12.80,-10.58,-0.600,0
2.196,-12.80,-10.58,-0.600,0
2.196,-12.80,-10.58,-0.600,0
2.197,-12.80,-10.54,-0.600,0
2.197,-12.80,-10.54,-0.600,0
2.197,-12.80,-10.54,-0.600,0
2.198,-12.80,-10.51,-0.600,0
2.198,-12.80,-10.51,-0.600,0
2.198,-12.80,-10.51,-0.600,0
2.199,-12.80,-10.48,-0.600,0
2.199,-12.80,-10.48,-0.600,0
2.199,-12.80,-10.48,-0.600,0
2.200,-12.80,-10.44,-0.600,0
2.200,-12.80,-10.44,-0.600,0
2.200,-12.80,-10.41,-0.600,0
2.201,-12.80,-10.41,-0.600,0
2.201,-12.80,-10.41,-0.600,0
2.201,-12.80,-10.41,-0.600,0
2.201,-12.80,-10.38,-0.600,0
2.202,-12.80,-10.38,-0.600,0
2.202,-12.80,-10.38,-0.600,0
2.202,-12.80,-10.38,-0.600,0
2.202,-12.80,-10.38,-0.600,0
2.203,-12.80,-10.35,-0.600,0
2.203,-12.80,-10.35,-0.600,0
2.203,-12.80,-10.35,-0.600,0
2.203,-12.80,-10.35,-0.600,0
2.204,-12.80,-10.32,-0.600,0
2.204,-12.80,-10.32,-0.600,0
2.204,-12.80,-10.32,-0.600,0
2.204,-12.80,-10.32,-0.600,0
2.204,-12.80,-10.28,-0.600,0
2.205,-12.80,-10.28,-0.600,0
2.205,-12.80,-10.28,-0.600,0
2.205,-12.80,-10.28,-0.600,0
2.205,-12.80,-10.25,-0.600,0
2.206,-12.80,-10.25,-0.600,0
2.206,-12.80,-10.25,-0.600,0
2.206,-12.80,-10.25,-0.600,0
2.207,-12.80,-10.22,-0.600,0
2.207,-12.80,-10.22,-0.600,0
2.207,-12.80,-10.22,-0.600,0
2.207,-12.80,-10.22,-0.600,0
2.208,-12.80,-10.18,-0.600,0
2.208,-12.80,-10.18,-0.600,0
2.208,-12.80,-10.18,-0.600,0
2.208,-12.80,-10.18,-0.600,0
2.208,-12.80,-10.15,-0.600,0
2.209,-12.80,-10.15,-0.600,0
2.209,-12.80,-10.15,-0.600,0
2.209,-12.80,-10.15,-0.600,0
2.210,-12.80,-10.12,-0.600,0
2.210,-12.80,-10.12,-0.600,0
2.210,-12.80,-10.12,-0.600,0
2.210,-12.80,-10.12,-0.600,0
2.210,-12.80,-10.09,-0.600,0
2.211,-12.80,-10.09,-0.600,0
2.211,-12.80,-10.09,-0.600,0
2.211,-12.80,-10.09,-0.600,0
2.212,-12.80,-10.05,-0.600,0
2.212,-12.80,-10.05,-0.600,0
2.212,-12.80,-10.05,-0.600,0
2.212,-12.80,-10.05,-0.600,0
2.213,-12.80,-10.02,-0.600,0
2.213,-12.80,-10.02,-0.600,0
2.213,-12.80,-10.02,-0.600,0
2.213,-12.80,-9.99,-0.600,0
2.214,-12.80,-9.99,-0.600,0
2.214,-12.80,-9.99,-0.600,0
2.214,-12.80,-9.99,-0.600,0
2.215,-12.80,-9.96,-0.600,0
2.215,-12.80,-9.96,-0.600,0
2.215,-12.80,-9.96,-0.600,0
2.215,-12.80,-9.96,-0.600,0
2.215,-12.80,-9.92,-0.600,0
2.216,-12.80,-9.92,-0.600,0
2.216,-12.80,-9.92,-0.600,0
2.216,-12.80,-9.92,-0.600,0
2.217,-12.80,-9.89,-0.600,0
2.217,-12.80,-9.89,-0.600,0
2.218,-12.80,-9.86,-0.600,0
2.218,-12.80,-9.86,-0.600,0
2.218,-12.80,-9.86,-0.600,0
2.218,-12.80,-9.83,-0.600,0
2.219,-12.80,-9.83,-0.600,0
2.219,-12.80,-9.83,-0.600,0
2.219,-12.80,-9.83,-0.600,0
2.220,-12.80,-9.79,-0.600,0
2.220,-12.80,-9.79,-0.600,0
2.220,-12.80,-9.79,-0.600,0
2.221,-12.80,-9.76,-0.600,0
2.221,-12.80,-9.76,-0.600,0
2.221,-12.80,-9.76,-0.600,0
2.221,-12.80,-9.76,-0.600,0
2.222,-12.80,-9.73,-0.600,0
2.222,-12.80,-9.73,-0.600,0
2.222,-12.80,-9.73,-0.600,0
2.222,-12.80,-9.70,-0.600,0
2.223,-12.80,-9.70,-0.600,0
2.223,-12.80,-9.70,-0.600,0
2.223,-12.80,-9.70,-0.600,0
2.223,-12.80,-9.70,-0.600,0
2.224,-12.80,-9.66,-0.600,0
2.224,-12.80,-9.66,-0.600,0
2.224,-12.80,-9.66,-0.600,0
2.224,-12.80,-9.66,-0.600,0
2.225,-12.80,-9.63,-0.600,0
2.225,-12.80,-9.63,-0.600,0
2.225,-12.80,-9.63,-0.600,0
2.225,-12.80,-9.60,-0.600,0
2.226,-12.80,-9.60,-0.600,0
2.226,-12.80,-9.60,-0.600,0
2.226,-12.80,-9.60,-0.600,0
2.227,-12.80,-9.56,-0.600,0
2.227,-12.80,-9.56,-0.600,0
2.227,-12.80,-9.56,-0.600,0
2.227,-12.80,-9.56,-0.600,0
2.228,-12.80,-9.53,-0.600,0
2.228,-12.80,-9.53,-0.600,0
2.228,-12.80,-9.53,-0.600,0
2.228,-12.80,-9.50,-0.600,0
2.229,-12.80,-9.50,-0.600,0
2.229,-12.80,-9.50,-0.600,0
2.229,-12.80,-9.50,-0.600,0
2.229,-12.80,-9.47,-0.600,0
2.230,-12.80,-9.47,-0.600,0
2.230,-12.80,-9.47,-0.600,0
2.230,-12.80,-9.47,-0.600,0
2.230,-12.80,-9.43,-0.600,0
2.231,-12.80,-9.43,-0.600,0
2.231,-12.80,-9.43,-0.600,0
2.231,-12.80,-9.43,-0.600,0
2.231,-12.80,-9.40,-0.600,0
2.232,-12.80,-9.40,-0.600,0
2.232,-12.80,-9.40,-0.600,0
2.232,-12.80,-9.40,-0.600,0
2.232,-12.80,-9.37,-0.600,0
2.233,-12.80,-9.37,-0.600,0
2.233,-12.80,-9.37,-0.600,0
2.233,-12.80,-9.37,-0.600,0
2.234,-12.80,-9.34,-0.600,0
2.234,-12.80,-9.34,-0.600,0
2.234,-12.80,-9.34,-0.600,0
2.234,-12.80,-9.30,-0.600,0
2.235,-12.80,-9.30,-0.600,0
2.235,-12.80,-9.30,-0.600,0
2.235,-12.80,-9.30,-0.600,0
2.236,-12.80,-9.27,-0.600,0
2.236,-12.80,-9.27,-0.600,0
2.236,-12.80,-9.27,-0.600,0
2.236,-12.80,-9.27,-0.600,0
2.236,-12.80,-9.24,-0.600,0
2.237,-12.80,-9.24,-0.600,0
2.237,-12.80,-9.24,-0.600,0
2.237,-12.80,-9.24,-0.600,0
2.238,-12.80,-9.21,-0.600,0
2.238,-12.80,-9.21,-0.600,0
2.238,-12.80,-9.21,-0.600,0
2.238,-12.80,-9.21,-0.600,0
2.238,-12.80,-9.17,-0.600,0
2.239,-12.80,-9.17,-0.600,0
2.239,-12.80,-9.17,-0.600,0
2.239,-12.80,-9.17,-0.600,0
2.239,-12.80,-9.14,-0.600,0
2.240,-12.80,-9.14,-0.600,0
2.240,-12.80,-9.14,-0.600,0
2.240,-12.80,-9.14,-0.600,0
2.240,-12.80,-9.11,-0.600,0
2.241,-12.80,-9.11,-0.600,0
2.241,-12.80,-9.11,-0.600,0
2.241,-12.80,-9.11,-0.600,0
2.242,-12.80,-9.08,-0.600,0
2.242,-12.80,-9.08,-0.600,0
2.243,-12.80,-9.04,-0.600,0
2.243,-12.80,-9.04,-0.600,0
2.243,-12.80,-9.04,-0.600,0
2.243,-12.80,-9.01,-0.600,0
2.244,-12.80,-9.01,-0.600,0
2.244,-12.80,-9.01,-0.600,0
2.244,-12.80,-9.01,-0.600,0
2.244,-12.80,-9.01,-0.600,0
2.245,-12.80,-8.98,-0.600,0
2.245,-12.80,-8.98,-0.600,0
2.246,-12.80,-8.95,-0.600,0
2.246,-12.80,-8.95,-0.600,0
2.247,-12.80,-8.91,-0.600,0
2.247,-12.80,-8.91,-0.600,0
2.247,-12.80,-8.91,-0.600,0
2.247,-12.80,-8.88,-0.600,0
2.248,-12.80,-8.88,-0.600,0
2.248,-12.80,-8.88,-0.600,0
2.248,-12.80,-8.88,-0.600,0
2.248,-12.80,-8.85,-0.600,0
2.249,-12.80,-8.85,-0.600,0
2.249,-12.80,-8.85,-0.600,0
2.249,-12.80,-8.85,-0.600,0
2.250,-12.80,-8.81,-0.600,0
2.250,-12.80,-8.81,-0.600,0
2.250,-12.80,-8.81,-0.600,0
2.250,-12.80,-8.81,-0.600,0
2.250,-12.80,-8.78,-0.600,0
2.251,-12.80,-8.78,-0.600,0
2.251,-12.80,-8.78,-0.600,0
2.251,-12.80,-8.78,-0.600,0
2.251,-12.80,-8.75,-0.600,0
2.252,-12.80,-8.75,-0.600,0
2.252,-12.80,-8.75,-0.600,0
2.252,-12.80,-8.75,-0.600,0
2.252,-12.80,-8.75,-0.600,0
2.253,-12.80,-8.72,-0.600,0
2.253,-12.80,-8.72,-0.600,0
2.253,-12.80,-8.72,-0.600,0
2.253,-12.80,-8.72,-0.600,0
2.253,-12.80,-8.68,-0.600,0
2.254,-12.80,-8.68,-0.600,0
2.254,-12.80,-8.68,-0.600,0
2.254,-12.80,-8.68,-0.600,0
2.254,-12.80,-8.65,-0.600,0
2.255,-12.80,-8.65,-0.600,0
2.255,-12.80,-8.65,-0.600,0
2.255,-12.80,-8.65,-0.600,0
2.255,-12.80,-8.65,-0.600,0
2.256,-12.80,-8.62,-0.600,0
2.256,-12.80,-8.62,-0.600,0
2.256,-12.80,-8.62,-0.600,0
2.256,-12.80,-8.59,-0.600,0
2.257,-12.80,-8.59,-0.600,0
2.257,-12.80,-8.59,-0.600,0
2.257,-12.80,-8.59,-0.600,0
2.257,-12.80,-8.59,-0.600,0
2.257,-12.80,-8.55,-0.600,0
2.258,-12.80,-8.55,-0.600,0
2.258,-12.80,-8.55,-0.600,0
2.258,-12.80,-8.55,-0.600,0
2.258,-12.80,-8.52,-0.600,0
2.259,-12.80,-8.52,-0.600,0
2.259,-12.80,-8.52,-0.600,0
2.259,-12.80,-8.52,-0.600,0
2.259,-12.80,-8.52,-0.600,0
2.260,-12.80,-8.49,-0.600,0
2.260,-12.80,-8.49,-0.600,0
2.261,-12.80,-8.46,-0.600,0
2.261,-12.80,-8.46,-0.600,0
2.261,-12.80,-8.46,-0.600,0
2.261,-12.80,-8.42,-0.600,0
2.262,-12.80,-8.42,-0.600,0
2.262,-12.80,-8.42,-0.600,0
2.262,-12.80,-8.42,-0.600,0
2.263,-12.80,-8.39,-0.600,0
2.263,-12.80,-8.39,-0.600,0
2.263,-12.80,-8.39,-0.600,0
2.264,-12.80,-8.36,-0.600,0
2.264,-12.80,-8.36,-0.600,0
2.264,-12.80,-8.36,-0.600,0
2.264,-12.80,-8.36,-0.600,0
2.265,-12.80,-8.33,-0.600,0
2.265,-12.80,-8.33,-0.600,0
2.265,-12.80,-8.29,-0.600,0
2.266,-12.80,-8.29,-0.600,0
2.266,-12.80,-8.29,-0.600,0
2.266,-12.80,-8.29,-0.600,0
2.266,-12.80,-8.29,-0.600,0
2.267,-12.80,-8.26,-0.600,0
2.267,-12.80,-8.26,-0.600,0
2.267,-12.80,-8.26,-0.600,0
2.267,-12.80,-8.26,-0.600,0
2.268,-12.80,-8.23,-0.600,0
2.268,-12.80,-8.23,-0.600,0
2.268,-12.80,-8.23,-0.600,0
2.269,-12.80,-8.23,-0.600,0
2.269,-12.80,-8.19,-0.600,0
2.269,-12.80,-8.19,-0.600,0
2.270,-12.80,-8.16,-0.600,0
2.270,-12.80,-8.16,-0.600,0
2.270,-12.80,-8.16,-0.600,0
2.270,-12.80,-8.16,-0.600,0
2.271,-12.80,-8.13,-0.600,0
2.271,-12.80,-8.13,-0.600,0
2.271,-12.80,-8.13,-0.600,0
2.271,-12.80,-8.13,-0.600,0
2.272,-12.80,-8.10,-0.600,0
2.272,-12.80,-8.10,-0.600,0
2.272,-12.80,-8.10,-0.600,0
2.272,-12.80,-8.10,-0.600,0
2.272,-12.80,-8.06,-0.600,0
2.273,-12.80,-8.06,-0.600,0
2.273,-12.80,-8.06,-0.600,0
2.273,-12.80,-8.06,-0.600,0
2.274,-12.80,-8.03,-0.600,0
2.274,-12.80,-8.03,-0.600,0
2.274,-12.80,-8.03,-0.600,0
2.274,-12.80,-8.03,-0.600,0
2.275,-12.80,-8.00,-0.600,0
2.275,-12.80,-8.00,-0.600,0
2.275,-12.80,-8.00,-0.600,0
2.275,-12.80,-7.97,-0.600,0
2.276,-12.80,-7.97,-0.600,0
2.276,-12.80,-7.97,-0.600,0
2.276,-12.80,-7.97,-0.600,0
2.277,-12.80,-7.93,-0.600,0
2.277,-12.80,-7.93,-0.600,0
2.277,-12.80,-7.93,-0.600,0
2.277,-12.80,-7.93,-0.600,0
2.278,-12.80,-7.90,-0.600,0
2.278,-12.80,-7.90,-0.600,0
2.278,-12.80,-7.90,-0.600,0
2.278,-12.80,-7.90,-0.600,0
2.278,-12.80,-7.87,-0.600,0
2.279,-12.80,-7.87,-0.600,0
2.279,-12.80,-7.87,-0.600,0
2.279,-12.80,-7.87,-0.600,0
2.280,-12.80,-7.84,-0.600,0
2.280,-12.80,-7.84,-0.600,0
2.280,-12.80,-7.84,-0.600,0
2.280,-12.80,-7.84,-0.600,0
2.281,-12.80,-7.80,-0.600,0
2.281,-12.80,-7.80,-0.600,0
2.281,-12.80,-7.77,-0.600,0
2.282,-12.80,-7.77,-0.600,0
2.282,-12.80,-7.77,-0.600,0
2.283,-12.80,-7.74,-0.600,0
2.283,-12.80,-7.74,-0.600,0
2.283,-12.80,-7.71,-0.600,0
2.284,-12.80,-7.71,-0.600,0
2.284,-12.80,-7.71,-0.600,0
2.284,-12.80,-7.71,-0.600,0
2.284,-12.80,-7.67,-0.600,0
2.285,-12.80,-7.67,-0.600,0
2.285,-12.80,-7.67,-0.600,0
2.285,-12.80,-7.67,-0.600,0
2.285,-12.80,-7.64,-0.600,0
2.286,-12.80,-7.64,-0.600,0
2.286,-12.80,-7.64,-0.600,0
2.286,-12.80,-7.64,-0.600,0
2.286,-12.80,-7.61,-0.600,0
2.287,-12.80,-7.61,-0.600,0
2.287,-12.80,-7.61,-0.600,0
2.287,-12.80,-7.61,-0.600,0
2.287,-12.80,-7.58,-0.600,0
2.288,-12.80,-7.58,-0.600,0
2.288,-12.80,-7.58,-0.600,0
2.288,-12.80,-7.58,-0.600,0
2.289,-12.80,-7.54,-0.600,0
2.289,-12.80,-7.54,-0.600,0
2.289,-12.80,-7.54,-0.600,0
2.289,-12.80,-7.51,-0.600,0
2.290,-12.80,-7.51,-0.600,0
2.290,-12.80,-7.51,-0.600,0
2.290,-12.80,-7.51,-0.600,0
2.291,-12.80,-7.48,-0.600,0
2.291,-12.80,-7.48,-0.600,0
2.291,-12.80,-7.48,-0.600,0
2.291,-12.80,-7.48,-0.600,0
2.291,-12.80,-7.45,-0.600,0
2.292,-12.80,-7.45,-0.600,0
2.292,-12.80,-7.45,-0.600,0
2.292,-12.80,-7.45,-0.600,0
2.293,-12.80,-7.41,-0.600,0
2.293,-12.80,-7.41,-0.600,0
2.293,-12.80,-7.41,-0.600,0
2.293,-12.80,-7.41,-0.600,0
2.294,-12.80,-7.38,-0.600,0
2.294,-12.80,-7.38,-0.600,0
2.294,-12.80,-7.38,-0.600,0
2.294,-12.80,-7.38,-0.600,0
2.294,-12.80,-7.35,-0.600,0
2.295,-12.80,-7.35,-0.600,0
2.295,-12.80,-7.35,-0.600,0
2.295,-12.80,-7.35,-0.600,0
2.296,-12.80,-7.32,-0.600,0
2.296,-12.80,-7.32,-0.600,0
2.296,-12.80,-7.32,-0.600,0
2.296,-12.80,-7.32,-0.600,0
2.297,-12.80,-7.28,-0.600,0
2.297,-12.80,-7.28,-0.600,0
2.297,-12.80,-7.28,-0.600,0
2.297,-12.80,-7.25,-0.600,0
2.298,-12.80,-7.25,-0.600,0
2.298,-12.80,-7.25,-0.600,0
2.298,-12.80,-7.25,-0.600,0
2.299,-12.80,-7.22,-0.600,0
2.299,-12.80,-7.22,-0.600,0
2.299,-12.80,-7.22,-0.600,0
2.299,-12.80,-7.22,-0.600,0
2.300,-12.80,-7.18,-0.600,0
2.300,-12.80,-7.18,-0.600,0
2.300,-12.80,-7.18,-0.600,0
2.300,-12.80,-7.15,-0.600,0
2.301,-12.80,-7.15,-0.600,0
2.301,-12.80,-7.15,-0.600,0
2.301,-12.80,-7.12,-0.600,0
2.302,-12.80,-7.12,-0.600,0
2.302,-12.80,-7.12,-0.600,0
2.302,-12.80,-7.12,-0.600,0
2.302,-12.80,-7.09,-0.600,0
2.303,-12.80,-7.09,-0.600,0
2.303,-12.80,-7.09,-0.600,0
2.303,-12.80,-7.09,-0.600,0
2.303,-12.80,-7.06,-0.600,0
2.304,-12.80,-7.06,-0.600,0
2.304,-12.80,-7.06,-0.600,0
2.304,-12.80,-7.06,-0.600,0
2.304,-12.80,-7.02,-0.600,0
2.305,-12.80,-7.02,-0.600,0
2.305,-12.80,-7.02,-0.600,0
2.305,-12.80,-7.02,-0.600,0
2.305,-12.80,-6.99,-0.600,0
2.306,-12.80,-6.99,-0.600,0
2.306,-12.80,-6.99,-0.600,0
2.306,-12.80,-6.99,-0.600,0
2.306,-12.80,-6.96,-0.600,0
2.307,-12.80,-6.96,-0.600,0
2.307,-12.80,-6.96,-0.600,0
2.307,-12.80,-6.96,-0.600,0
2.307,-12.80,-6.92,-0.600,0
2.308,-12.80,-6.92,-0.600,0
2.308,-12.80,-6.92,-0.600,0
2.308,-12.80,-6.92,-0.600,0
2.308,-12.80,-6.89,-0.600,0
2.309,-12.80,-6.89,-0.600,0
2.309,-12.80,-6.89,-0.600,0
2.309,-12.80,-6.89,-0.600,0
2.309,-12.80,-6.86,-0.600,0
2.310,-12.80,-6.86,-0.600,0
2.310,-12.80,-6.86,-0.600,0
2.310,-12.80,-6.86,-0.600,0
2.310,-12.80,-6.83,-0.600,0
2.311,-12.80,-6.83,-0.600,0
2.311,-12.80,-6.83,-0.600,0
2.311,-12.80,-6.83,-0.600,0
2.312,-12.80,-6.79,-0.600,0
2.312,-12.80,-6.79,-0.600,0
2.312,-12.80,-6.79,-0.600,0
2.312,-12.80,-6.79,-0.600,0
2.313,-12.80,-6.76,-0.600,0
2.313,-12.80,-6.76,-0.600,0
2.313,-12.80,-6.76,-0.600,0
2.313,-12.80,-6.76,-0.600,0
2.313,-12.80,-6.73,-0.600,0
2.314,-12.80,-6.73,-0.600,0
2.314,-12.80,-6.73,-0.600,0
2.314,-12.80,-6.73,-0.600,0
2.314,-12.80,-6.70,-0.600,0
2.315,-12.80,-6.70,-0.600,0
2.315,-12.80,-6.70,-0.600,0
2.315,-12.80,-6.70,-0.600,0
2.315,-12.80,-6.66,-0.600,0
2.316,-12.80,-6.66,-0.600,0
2.316,-12.80,-6.66,-0.600,0
2.316,-12.80,-6.66,-0.600,0
2.316,-12.80,-6.63,-0.600,0
2.317,-12.80,-6.63,-0.600,0
2.317,-12.80,-6.63,-0.600,0
2.317,-12.80,-6.63,-0.600,0
2.317,-12.80,-6.60,-0.600,0
2.318,-12.80,-6.60,-0.600,0
2.318,-12.80,-6.60,-0.600,0
2.318,-12.80,-6.60,-0.600,0
2.319,-12.80,-6.57,-0.600,0
2.319,-12.80,-6.57,-0.600,0
2.319,-12.80,-6.57,-0.600,0
2.319,-12.80,-6.53,-0.600,0
2.320,-12.80,-6.53,-0.600,0
2.320,-12.80,-6.53,-0.600,0
2.320,-12.80,-6.53,-0.600,0
2.320,-12.80,-6.50,-0.600,0
2.321,-12.80,-6.50,-0.600,0
2.321,-12.80,-6.50,-0.600,0
2.321,-12.80,-6.50,-0.600,0
2.321,-12.80,-6.47,-0.600,0
2.322,-12.80,-6.47,-0.600,0
2.322,-12.80,-6.47,-0.600,0
2.322,-12.80,-6.47,-0.600,0
2.322,-12.80,-6.44,-0.600,0
2.323,-12.80,-6.44,-0.600,0
2.323,-12.80,-6.44,-0.600,0
2.323,-12.80,-6.44,-0.600,0
2.323,-12.80,-6.40,-0.600,0
2.324,-12.80,-6.40,-0.600,0
2.324,-12.80,-6.40,-0.600,0
2.324,-12.80,-6.37,-0.600,0
2.325,-12.80,-6.37,-0.600,0
2.325,-12.80,-6.37,-0.600,0
2.325,-12.80,-6.37,-0.600,0
2.325,-12.80,-6.34,-0.600,0
2.326,-12.80,-6.34,-0.600,0
2.326,-12.80,-6.34,-0.600,0
2.326,-12.80,-6.34,-0.600,0
2.326,-12.80,-6.31,-0.600,0
2.327,-12.80,-6.31,-0.600,0
2.327,-12.80,-6.31,-0.600,0
2.327,-12.80,-6.31,-0.600,0
2.328,-12.80,-6.27,-0.600,0
2.328,-12.80,-6.27,-0.600,0
2.328,-12.80,-6.27,-0.600,0
2.328,-12.80,-6.27,-0.600,0
2.328,-12.80,-6.24,-0.600,0
2.329,-12.80,-6.24,-0.600,0
2.329,-12.80,-6.24,-0.600,0
2.329,-12.80,-6.24,-0.600,0
2.330,-12.80,-6.21,-0.600,0
2.330,-12.80,-6.21,-0.600,0
2.330,-12.80,-6.21,-0.600,0
2.331,-12.80,-6.17,-0.600,0
2.331,-12.80,-6.17,-0.600,0
2.331,-12.80,-6.17,-0.600,0
2.331,-12.80,-6.17,-0.600,0
2.332,-12.80,-6.14,-0.600,0
2.332,-12.80,-6.14,-0.600,0
2.332,-12.80,-6.14,-0.600,0
2.332,-12.80,-6.11,-0.600,0
2.333,-12.80,-6.11,-0.600,0
2.333,-12.80,-6.11,-0.600,0
2.333,-12.80,-6.11,-0.600,0
2.333,-12.80,-6.08,-0.600,0
2.334,-12.80,-6.08,-0.600,0
2.334,-12.80,-6.08,-0.600,0
2.334,-12.80,-6.08,-0.600,0
2.334,-12.80,-6.04,-0.600,0
2.335,-12.80,-6.04,-0.600,0
2.335,-12.80,-6.04,-0.600,0
2.335,-12.80,-6.04,-0.600,0
2.336,-12.80,-6.01,-0.600,0
2.336,-12.80,-6.01,-0.600,0
2.336,-12.80,-6.01,-0.600,0
2.336,-12.80,-6.01,-0.600,0
2.337,-12.80,-5.98,-0.600,0
2.337,-12.80,-5.98,-0.600,0
2.337,-12.80,-5.98,-0.600,0
2.337,-12.80,-5.98,-0.600,0
2.337,-12.80,-5.95,-0.600,0
2.338,-12.80,-5.95,-0.600,0
2.338,-12.80,-5.95,-0.600,0
2.339,-12.80,-5.95,-0.600,0
2.339,-12.80,-5.91,-0.600,0
2.339,-12.80,-5.91,-0.600,0
2.339,-12.80,-5.88,-0.600,0
2.340,-12.80,-5.88,-0.600,0
2.340,-12.80,-5.88,-0.600,0
2.340,-12.80,-5.88,-0.600,0
2.340,-12.80,-5.85,-0.600,0
2.341,-12.80,-5.85,-0.600,0
2.341,-12.80,-5.85,-0.600,0
2.341,-12.80,-5.85,-0.600,0
2.341,-12.80,-5.82,-0.600,0
2.342,-12.80,-5.82,-0.600,0
2.342,-12.80,-5.82,-0.600,0
2.342,-12.80,-5.82,-0.600,0
2.342,-12.80,-5.82,-0.600,0
2.343,-12.80,-5.78,-0.600,0
2.343,-12.80,-5.78,-0.600,0
2.343,-12.80,-5.78,-0.600,0
2.343,-12.80,-5.78,-0.600,0
2.344,-12.80,-5.75,-0.600,0
2.344,-12.80,-5.75,-0.600,0
2.344,-12.80,-5.75,-0.600,0
2.344,-12.80,-5.75,-0.600,0
2.345,-12.80,-5.72,-0.600,0
2.345,-12.80,-5.72,-0.600,0
2.345,-12.80,-5.72,-0.600,0
2.346,-12.80,-5.69,-0.600,0
2.346,-12.80,-5.69,-0.600,0
2.346,-12.80,-5.69,-0.600,0
2.347,-12.80,-5.65,-0.600,0
2.347,-12.80,-5.65,-0.600,0
2.347,-12.80,-5.65,-0.600,0
2.347,-12.80,-5.65,-0.600,0
2.348,-12.80,-5.62,-0.600,0
2.348,-12.80,-5.62,-0.600,0
2.348,-12.80,-5.62,-0.600,0
2.348,-12.80,-5.62,-0.600,0
2.349,-12.80,-5.59,-0.600,0
2.349,-12.80,-5.59,-0.600,0
2.349,-12.80,-5.59,-0.600,0
2.350,-12.80,-5.56,-0.600,0
2.350,-12.80,-5.56,-0.600,0
2.350,-12.80,-5.56,-0.600,0
2.350,-12.80,-5.56,-0.600,0
2.351,-12.80,-5.52,-0.600,0
2.351,-12.80,-5.52,-0.600,0
2.352,-12.80,-5.49,-0.600,0
2.352,-12.80,-5.49,-0.600,0
2.352,-12.80,-5.49,-0.600,0
2.353,-12.80,-5.46,-0.600,0
2.353,-12.80,-5.46,-0.600,0
2.353,-12.80,-5.46,-0.600,0
2.353,-12.80,-5.46,-0.600,0
2.353,-12.80,-5.42,-0.600,0
2.354,-12.80,-5.42,-0.600,0
2.354,-12.80,-5.42,-0.600,0
2.354,-12.80,-5.42,-0.600,0
2.354,-12.80,-5.39,-0.600,0
2.355,-12.80,-5.39,-0.600,0
2.355,-12.80,-5.39,-0.600,0
2.355,-12.80,-5.39,-0.600,0
2.355,-12.80,-5.36,-0.600,0
2.356,-12.80,-5.36,-0.600,0
2.356,-12.80,-5.36,-0.600,0
2.356,-12.80,-5.36,-0.600,0
2.356,-12.80,-5.33,-0.600,0
2.357,-12.80,-5.33,-0.600,0
2.357,-12.80,-5.33,-0.600,0
2.357,-12.80,-5.33,-0.600,0
2.357,-12.80,-5.33,-0.600,0
2.358,-12.80,-5.29,-0.600,0
2.358,-12.80,-5.29,-0.600,0
2.358,-12.80,-5.29,-0.600,0
2.359,-12.80,-5.26,-0.600,0
2.359,-12.80,-5.26,-0.600,0
2.359,-12.80,-5.26,-0.600,0
2.360,-12.80,-5.23,-0.600,0
2.360,-12.80,-5.23,-0.600,0
2.360,-12.80,-5.23,-0.600,0
2.360,-12.80,-5.23,-0.600,0
2.360,-12.80,-5.20,-0.600,0
2.361,-12.80,-5.20,-0.600,0
2.361,-12.80,-5.20,-0.600,0
2.361,-12.80,-5.20,-0.600,0
2.361,-12.80,-5.16,-0.600,0
2.362,-12.80,-5.16,-0.600,0
2.362,-12.80,-5.16,-0.600,0
2.362,-12.80,-5.16,-0.600,0
2.362,-12.80,-5.13,-0.600,0
2.363,-12.80,-5.13,-0.600,0
2.363,-12.80,-5.13,-0.600,0
2.363,-12.80,-5.13,-0.600,0
2.363,-12.80,-5.10,-0.600,0
2.364,-12.80,-5.10,-0.600,0
2.364,-12.80,-5.10,-0.600,0
2.364,-12.80,-5.10,-0.600,0
2.364,-12.80,-5.10,-0.600,0
2.365,-12.80,-5.07,-0.600,0
2.365,-12.80,-5.07,-0.600,0
2.366,-12.80,-5.03,-0.600,0
2.366,-12.80,-5.03,-0.600,1
2.366,-18.87,-5.03,-0.600,0
2.367,-18.87,-5.00,-0.600,0
2.367,-18.87,-5.00,-0.600,0
2.367,-18.87,-4.97,-0.600,0
2.368,-18.87,-4.97,-0.600,0
2.368,-18.87,-4.97,-0.600,0
2.368,-18.87,-4.97,-0.600,0
2.368,-18.87,-4.97,-0.600,0
2.369,-18.87,-4.94,-0.600,0
2.369,-18.87,-4.94,-0.600,0
2.369,-18.87,-4.94,-0.600,0
2.369,-18.87,-4.90,-0.600,0
2.370,-18.87,-4.90,-0.600,0
2.370,-18.87,-4.90,-0.600,0
2.370,-18.87,-4.90,-0.600,0
2.370,-18.87,-4.87,-0.600,0
2.371,-18.87,-4.87,-0.600,0
2.371,-18.87,-4.87,-0.600,0
2.371,-18.87,-4.87,-0.600,0
2.372,-18.87,-4.84,-0.600,0
2.372,-18.87,-4.84,-0.600,0
2.372,-18.87,-4.84,-0.600,0
2.372,-18.87,-4.81,-0.600,0
2.373,-18.87,-4.81,-0.600,0
2.373,-18.87,-4.81,-0.600,0
2.373,-18.87,-4.81,-0.600,0
2.374,-18.87,-4.77,-0.600,0
2.374,-18.87,-4.77,-0.600,0
2.374,-18.87,-4.77,-0.600,0
2.374,-18.87,-4.77,-0.600,0
2.375,-18.87,-4.74,-0.600,0
2.375,-18.87,-4.74,-0.600,0
2.375,-18.87,-4.74,-0.600,0
2.375,-18.87,-4.74,-0.600,0
2.375,-18.87,-4.71,-0.600,0
2.376,-18.87,-4.71,-0.600,0
2.376,-18.87,-4.71,-0.600,0
2.376,-18.87,-4.71,-0.600,0
2.377,-18.87,-4.68,-0.600,0
2.377,-18.87,-4.68,-0.600,0
2.377,-18.87,-4.68,-0.600,0
2.377,-18.87,-4.68,-0.600,0
2.377,-18.87,-4.64,-0.600,0
2.378,-18.87,-4.64,-0.600,0
2.378,-18.87,-4.64,-0.600,0
2.378,-18.87,-4.64,-0.600,0
2.378,-18.87,-4.61,-0.600,0
2.379,-18.87,-4.61,-0.600,0
2.379,-18.87,-4.61,-0.600,0
2.379,-18.87,-4.61,-0.600,0
2.380,-18.87,-4.58,-0.600,0
2.380,-18.87,-4.58,-0.600,0
2.380,-18.87,-4.58,-0.600,0
2.380,-18.87,-4.55,-0.600,0
2.381,-18.87,-4.55,-0.600,0
2.381,-18.87,-4.55,-0.600,0
2.381,-18.87,-4.55,-0.600,0
2.381,-18.87,-4.51,-0.600,0
2.382,-18.87,-4.51,-0.600,0
2.382,-18.87,-4.51,-0.600,0
2.382,-18.87,-4.51,-0.600,0
2.383,-18.87,-4.48,-0.600,0
2.383,-18.87,-4.48,-0.600,0
2.383,-18.87,-4.48,-0.600,0
2.383,-18.87,-4.48,-0.600,0
2.384,-18.87,-4.45,-0.600,0
2.384,-18.87,-4.45,-0.600,0
2.384,-18.87,-4.45,-0.600,0
2.384,-18.87,-4.45,-0.600,0
2.385,-18.87,-4.41,-0.600,0
2.385,-18.87,-4.41,-0.600,0
2.385,-18.87,-4.41,-0.600,0
2.385,-18.87,-4.41,-0.600,0
2.386,-18.87,-4.38,-0.600,0
2.386,-18.87,-4.38,-0.600,0
2.386,-18.87,-4.38,-0.600,0
2.386,-18.87,-4.35,-0.600,0
2.387,-18.87,-4.35,-0.600,0
2.387,-18.87,-4.35,-0.600,0
2.387,-18.87,-4.35,-0.600,0
2.388,-18.87,-4.32,-0.600,0
2.388,-18.87,-4.32,-0.600,0
2.388,-18.87,-4.32,-0.600,0
2.388,-18.87,-4.29,-0.600,0
2.389,-18.87,-4.29,-0.600,0
2.389,-18.87,-4.29,-0.600,0
2.389,-18.87,-4.29,-0.600,0
2.389,-18.87,-4.25,-0.600,0
2.390,-18.87,-4.25,-0.600,0
2.390,-18.87,-4.25,-0.600,0
2.390,-18.87,-4.25,-0.600,0
2.390,-18.87,-4.22,-0.600,0
2.391,-18.87,-4.22,-0.600,0
2.391,-18.87,-4.22,-0.600,0
2.391,-18.87,-4.22,-0.600,0
2.391,-18.87,-4.22,-0.600,0
2.392,-18.87,-4.19,-0.600,0
2.392,-18.87,-4.19,-0.600,0
2.392,-18.87,-4.19,-0.600,0
2.392,-18.87,-4.19,-0.600,0
2.393,-18.87,-4.15,-0.600,0
2.393,-18.87,-4.15,-0.600,0
2.393,-18.87,-4.15,-0.600,0
2.393,-18.87,-4.12,-0.600,0
2.394,-18.87,-4.12,-0.600,0
2.394,-18.87,-4.12,-0.600,0
2.394,-18.87,-4.12,-0.600,0
2.395,-18.87,-4.09,-0.600,0
2.395,-18.87,-4.09,-0.600,0
2.395,-18.87,-4.09,-0.600,0
2.395,-18.87,-4.06,-0.600,0
2.396,-18.87,-4.06,-0.600,0
2.396,-18.87,-4.06,-0.600,0
2.396,-18.87,-4.06,-0.600,0
2.397,-18.87,-4.02,-0.600,0
2.397,-18.87,-4.02,-0.600,0
2.397,-18.87,-4.02,-0.600,0
2.397,-18.87,-4.02,-0.600,0
2.398,-18.87,-3.99,-0.600,0
2.398,-18.87,-3.99,-0.600,0
2.398,-18.87,-3.99,-0.600,0
2.398,-18.87,-3.99,-0.600,0
2.399,-18.87,-3.96,-0.600,0
2.399,-18.87,-3.96,-0.600,0
2.399,-18.87,-3.96,-0.600,0
2.399,-18.87,-3.96,-0.600,0
2.400,-18.87,-3.93,-0.600,0
2.400,-18.87,-3.93,-0.600,0
2.400,-18.87,-3.93,-0.600,0
2.401,-18.87,-3.89,-0.600,0
2.401,-18.87,-3.89,-0.600,0
2.401,-18.87,-3.89,-0.600,0
2.401,-18.87,-3.89,-0.600,0
2.402,-18.87,-3.86,-0.600,0
2.402,-18.87,-3.86,-0.600,0
2.402,-18.87,-3.86,-0.600,0
2.402,-18.87,-3.83,-0.600,0
2.403,-18.87,-3.83,-0.600,0
2.403,-18.87,-3.83,-0.600,0
2.403,-18.87,-3.83,-0.600,0
2.403,-18.87,-3.83,-0.600,0
2.404,-18.87,-3.80,-0.600,0
2.404,-18.87,-3.80,-0.600,0
2.404,-18.87,-3.80,-0.600,0
2.404,-18.87,-3.80,-0.600,0
2.404,-18.87,-3.76,-0.600,0
2.405,-18.87,-3.76,-0.600,0
2.405,-18.87,-3.76,-0.600,0
2.405,-18.87,-3.76,-0.600,0
2.405,-18.87,-3.73,-0.600,0
2.406,-18.87,-3.73,-0.600,0
2.406,-18.87,-3.73,-0.600,0
2.406,-18.87,-3.73,-0.600,0
2.407,-18.87,-3.70,-0.600,0
2.407,-18.87,-3.70,-0.600,0
2.407,-18.87,-3.70,-0.600,0
2.407,-18.87,-3.70,-0.600,0
2.408,-18.87,-3.67,-0.600,0
2.408,-18.87,-3.67,-0.600,0
2.408,-18.87,-3.67,-0.600,0
2.408,-18.87,-3.63,-0.600,0
2.409,-18.87,-3.63,-0.600,0
2.409,-18.87,-3.63,-0.600,0
2.409,-18.87,-3.63,-0.600,0
2.409,-18.87,-3.63,-0.600,0
2.410,-18.87,-3.60,-0.600,0
2.410,-18.87,-3.60,-0.600,0
2.410,-18.87,-3.60,-0.600,0
2.410,-18.87,-3.60,-0.600,0
2.411,-18.87,-3.57,-0.600,0
2.411,-18.87,-3.57,-0.600,0
2.411,-18.87,-3.57,-0.600,0
2.411,-18.87,-3.57,-0.600,0
2.412,-18.87,-3.54,-0.600,0
2.412,-18.87,-3.54,-0.600,0
2.412,-18.87,-3.54,-0.600,0
2.412,-18.87,-3.54,-0.600,0
2.413,-18.87,-3.50,-0.600,0
2.413,-18.87,-3.50,-0.600,0
2.413,-18.87,-3.50,-0.600,0
2.413,-18.87,-3.50,-0.600,0
2.414,-18.87,-3.47,-0.600,0
2.414,-18.87,-3.47,-0.600,0
2.414,-18.87,-3.47,-0.600,0
2.414,-18.87,-3.47,-0.600,0
2.415,-18.87,-3.44,-0.600,0
2.415,-18.87,-3.44,-0.600,0
2.415,-18.87,-3.44,-0.600,0
2.415,-18.87,-3.40,-0.600,0
2.416,-18.87,-3.40,-0.600,0
2.416,-18.87,-3.40,-0.600,0
2.416,-18.87,-3.40,-0.600,0
2.416,-18.87,-3.37,-0.600,0
2.417,-18.87,-3.37,-0.600,0
2.417,-18.87,-3.37,-0.600,0
2.417,-18.87,-3.37,-0.600,0
2.418,-18.87,-3.34,-0.600,0
2.418,-18.87,-3.34,-0.600,0
2.418,-18.87,-3.34,-0.600,0
2.418,-18.87,-3.34,-0.600,0
2.419,-18.87,-3.31,-0.600,0
2.419,-18.87,-3.31,-0.600,0
2.419,-18.87,-3.31,-0.600,0
2.419,-18.87,-3.31,-0.600,0
2.420,-18.87,-3.28,-0.600,0
2.420,-18.87,-3.28,-0.600,0
2.420,-18.87,-3.28,-0.600,0
2.420,-18.87,-3.28,-0.600,0
2.421,-18.87,-3.24,-0.600,0
2.421,-18.87,-3.24,-0.600,0
2.421,-18.87,-3.24,-0.600,0
2.421,-18.87,-3.24,-0.600,0
2.422,-18.87,-3.21,-0.600,0
2.422,-18.87,-3.21,-0.600,0
2.422,-18.87,-3.21,-0.600,0
2.422,-18.87,-3.18,-0.600,0
2.423,-18.87,-3.18,-0.600,0
2.423,-18.87,-3.18,-0.600,0
2.423,-18.87,-3.18,-0.600,0
2.423,-18.87,-3.14,-0.600,0
2.424,-18.87,-3.14,-0.600,0
2.424,-18.87,-3.14,-0.600,0
2.424,-18.87,-3.14,-0.600,0
2.424,-18.87,-3.11,-0.600,0
2.425,-18.87,-3.11,-0.600,0
2.425,-18.87,-3.11,-0.600,0
2.425,-18.87,-3.11,-0.600,0
2.425,-18.87,-3.08,-0.600,0
2.426,-18.87,-3.08,-0.600,0
2.426,-18.87,-3.08,-0.600,0
2.426,-18.87,-3.08,-0.600,0
2.426,-18.87,-3.05,-0.600,0
2.427,-18.87,-3.05,-0.600,0
2.427,-18.87,-3.05,-0.600,0
2.427,-18.87,-3.05,-0.600,0
2.427,-18.87,-3.05,-0.600,0
2.428,-18.87,-3.01,-0.600,0
2.428,-18.87,-3.01,-0.600,0
2.429,-18.87,-2.98,-0.600,0
2.429,-18.87,-2.98,-0.600,0
2.429,-18.87,-2.98,-0.600,0
2.429,-18.87,-2.95,-0.600,0
2.430,-18.87,-2.95,-0.600,0
2.430,-18.87,-2.95,-0.600,0
2.430,-18.87,-2.95,-0.600,0
2.430,-18.87,-2.92,-0.600,0
2.431,-18.87,-2.92,-0.600,0
2.431,-18.87,-2.92,-0.600,0
2.431,-18.87,-2.92,-0.600,0
2.431,-18.87,-2.88,-0.600,0
2.432,-18.87,-2.88,-0.600,0
2.432,-18.87,-2.88,-0.600,0
2.432,-18.87,-2.88,-0.600,0
2.432,-18.87,-2.88,-0.600,0
2.433,-18.87,-2.85,-0.600,0
2.433,-18.87,-2.85,-0.600,0
2.433,-18.87,-2.85,-0.600,0
2.433,-18.87,-2.85,-0.600,0
2.434,-18.87,-2.82,-0.600,0
2.434,-18.87,-2.82,-0.600,0
2.434,-18.87,-2.82,-0.600,0
2.434,-18.87,-2.82,-0.600,0
2.435,-18.87,-2.79,-0.600,0
2.435,-18.87,-2.79,-0.600,0
2.435,-18.87,-2.79,-0.600,0
2.435,-18.87,-2.75,-0.600,0
2.436,-18.87,-2.75,-0.600,0
2.436,-18.87,-2.75,-0.600,0
2.436,-18.87,-2.75,-0.600,0
2.437,-18.87,-2.72,-0.600,0
2.437,-18.87,-2.72,-0.600,0
2.437,-18.87,-2.72,-0.600,0
2.437,-18.87,-2.72,-0.600,0
2.437,-18.87,-2.69,-0.600,0
2.438,-18.87,-2.69,-0.600,0
2.438,-18.87,-2.69,-0.600,0
2.438,-18.87,-2.69,-0.600,0
2.438,-18.87,-2.66,-0.600,0
2.439,-18.87,-2.66,-0.600,0
2.439,-18.87,-2.66,-0.600,0
2.439,-18.87,-2.66,-0.600,0
2.439,-18.87,-2.62,-0.600,0
2.440,-18.87,-2.62,-0.600,0
2.440,-18.87,-2.62,-0.600,0
2.440,-18.87,-2.62,-0.600,0
2.441,-18.87,-2.59,-0.600,0
2.441,-18.87,-2.59,-0.600,0
2.441,-18.87,-2.59,-0.600,0
2.441,-18.87,-2.59,-0.600,0
2.442,-18.87,-2.56,-0.600,0
2.442,-18.87,-2.56,-0.600,0
2.442,-18.87,-2.56,-0.600,0
2.442,-18.87,-2.52,-0.600,0
2.443,-18.87,-2.52,-0.600,0
2.443,-18.87,-2.52,-0.600,0
2.443,-18.87,-2.52,-0.600,0
2.444,-18.87,-2.49,-0.600,0
2.444,-18.87,-2.49,-0.600,0
2.444,-18.87,-2.49,-0.600,0
2.444,-18.87,-2.49,-0.600,0
2.445,-18.87,-2.46,-0.600,0
2.445,-18.87,-2.46,-0.600,0
2.445,-18.87,-2.46,-0.600,0
2.445,-18.87,-2.46,-0.600,0
2.446,-18.87,-2.43,-0.600,0
2.446,-18.87,-2.43,-0.600,0
2.446,-18.87,-2.43,-0.600,0
2.446,-18.87,-2.43,-0.600,0
2.446,-18.87,-2.40,-0.600,0
2.447,-18.87,-2.40,-0.600,0
2.447,-18.87,-2.40,-0.600,0
2.447,-18.87,-2.40,-0.600,0
2.447,-18.87,-2.36,-0.600,0
2.448,-18.87,-2.36,-0.600,0
2.448,-18.87,-2.36,-0.600,0
2.448,-18.87,-2.36,-0.600,0
2.449,-18.87,-2.33,-0.600,0
2.449,-18.87,-2.33,-0.600,0
2.449,-18.87,-2.33,-0.600,0
2.449,-18.87,-2.33,-0.600,0
2.450,-18.87,-2.30,-0.600,0
2.450,-18.87,-2.30,-0.600,0
2.450,-18.87,-2.30,-0.600,0
2.450,-18.87,-2.27,-0.600,0
2.451,-18.87,-2.27,-0.600,0
2.451,-18.87,-2.27,-0.600,0
2.451,-18.87,-2.27,-0.600,0
2.451,-18.87,-2.23,-0.600,0
2.452,-18.87,-2.23,-0.600,0
2.452,-18.87,-2.23,-0.600,0
2.452,-18.87,-2.23,-0.600,0
2.452,-18.87,-2.20,-0.600,0
2.453,-18.87,-2.20,-0.600,0
2.453,-18.87,-2.20,-0.600,0
2.453,-18.87,-2.20,-0.600,0
2.453,-18.87,-2.20,-0.600,0
2.454,-18.87,-2.17,-0.600,0
2.454,-18.87,-2.17,-0.600,0
2.454,-18.87,-2.17,-0.600,0
2.454,-18.87,-2.13,-0.600,0
2.455,-18.87,-2.13,-0.600,0
2.455,-18.87,-2.13,-0.600,0
2.455,-18.87,-2.13,-0.600,0
2.455,-18.87,-2.10,-0.600,0
2.456,-18.87,-2.10,-0.600,0
2.456,-18.87,-2.10,-0.600,0
2.456,-18.87,-2.10,-0.600,0
2.457,-18.87,-2.07,-0.600,0
2.457,-18.87,-2.07,-0.600,0
2.457,-18.87,-2.07,-0.600,0
2.457,-18.87,-2.07,-0.600,0
2.458,-18.87,-2.04,-0.600,0
2.458,-18.87,-2.04,-0.600,0
2.458,-18.87,-2.04,-0.600,0
2.458,-18.87,-2.04,-0.600,0
2.459,-18.87,-2.00,-0.600,0
2.459,-18.87,-2.00,-0.600,0
2.459,-18.87,-2.00,-0.600,0
2.459,-18.87,-2.00,-0.600,0
2.460,-18.87,-1.97,-0.600,0
2.460,-18.87,-1.97,-0.600,0
2.460,-18.87,-1.97,-0.600,0
2.460,-18.87,-1.97,-0.600,0
2.460,-18.87,-1.94,-0.600,0
2.461,-18.87,-1.94,-0.600,0
2.461,-18.87,-1.94,-0.600,0
2.461,-18.87,-1.94,-0.600,0
2.462,-18.87,-1.91,-0.600,0
2.462,-18.87,-1.91,-0.600,0
2.462,-18.87,-1.91,-0.600,0
2.462,-18.87,-1.87,-0.600,0
2.463,-18.87,-1.87,-0.600,0
2.463,-18.87,-1.87,-0.600,0
2.464,-18.87,-1.84,-0.600,0
2.464,-18.87,-1.84,-0.600,0
2.464,-18.87,-1.84,-0.600,0
2.465,-18.87,-1.81,-0.600,0
2.465,-18.87,-1.81,-0.600,0
2.465,-18.87,-1.81,-0.600,0
2.465,-18.87,-1.81,-0.600,0
2.466,-18.87,-1.78,-0.600,0
2.466,-18.87,-1.78,-0.600,0
2.466,-18.87,-1.78,-0.600,0
2.466,-18.87,-1.78,-0.600,0
2.467,-18.87,-1.74,-0.600,0
2.467,-18.87,-1.74,-0.600,0
2.467,-18.87,-1.74,-0.600,0
2.467,-18.87,-1.74,-0.600,0
2.467,-18.87,-1.71,-0.600,0
2.468,-18.87,-1.71,-0.600,0
2.468,-18.87,-1.71,-0.600,0
2.468,-18.87,-1.71,-0.600,0
2.469,-18.87,-1.68,-0.600,0
2.469,-18.87,-1.68,-0.600,0
2.469,-18.87,-1.68,-0.600,0
2.469,-18.87,-1.65,-0.600,0
2.470,-18.87,-1.65,-0.600,0
2.470,-18.87,-1.65,-0.600,0
2.470,-18.87,-1.65,-0.600,0
2.471,-18.87,-1.61,-0.600,0
2.471,-18.87,-1.61,-0.600,0
2.471,-18.87,-1.61,-0.600,0
2.472,-18.87,-1.58,-0.600,0
2.472,-18.87,-1.58,-0.600,0
2.472,-18.87,-1.58,-0.600,0
2.472,-18.87,-1.58,-0.600,0
2.473,-18.87,-1.55,-0.600,0
2.473,-18.87,-1.55,-0.600,0
2.473,-18.87,-1.55,-0.600,0
2.473,-18.87,-1.55,-0.600,0
2.474,-18.87,-1.52,-0.600,0
2.474,-18.87,-1.52,-0.600,0
2.474,-18.87,-1.52,-0.600,0
2.474,-18.87,-1.52,-0.600,0
2.475,-18.87,-1.48,-0.600,0
2.475,-18.87,-1.48,-0.600,0
2.475,-18.87,-1.48,-0.600,0
2.475,-18.87,-1.48,-0.600,0
2.476,-18.87,-1.45,-0.600,0
2.476,-18.87,-1.45,-0.600,0
2.476,-18.87,-1.45,-0.600,0
2.476,-18.87,-1.45,-0.600,0
2.477,-18.87,-1.42,-0.600,0
2.477,-18.87,-1.42,-0.600,0
2.477,-18.87,-1.42,-0.600,0
2.477,-18.87,-1.39,-0.600,0
2.478,-18.87,-1.39,-0.600,0
2.478,-18.87,-1.39,-0.600,0
2.478,-18.87,-1.39,-0.600,0
2.479,-18.87,-1.35,-0.600,0
2.479,-18.87,-1.35,-0.600,0
2.479,-18.87,-1.35,-0.600,0
2.479,-18.87,-1.35,-0.600,0
2.479,-18.87,-1.32,-0.600,0
2.480,-18.87,-1.32,-0.600,0
2.480,-18.87,-1.32,-0.600,0
2.480,-18.87,-1.32,-0.600,0
2.480,-18.87,-1.29,-0.600,0
2.481,-18.87,-1.29,-0.600,0
2.481,-18.87,-1.29,-0.600,0
2.481,-18.87,-1.29,-0.600,0
2.481,-18.87,-1.26,-0.600,0
2.482,-18.87,-1.26,-0.600,0
2.482,-18.87,-1.26,-0.600,0
2.482,-18.87,-1.26,-0.600,0
2.482,-18.87,-1.22,-0.600,0
2.483,-18.87,-1.22,-0.600,0
2.483,-18.87,-1.22,-0.600,0
2.483,-18.87,-1.22,-0.600,0
2.484,-18.87,-1.19,-0.600,0
2.484,-18.87,-1.19,-0.600,0
2.484,-18.87,-1.19,-0.600,0
2.484,-18.87,-1.19,-0.600,0
2.485,-18.87,-1.16,-0.600,0
2.485,-18.87,-1.16,-0.600,0
2.485,-18.87,-1.16,-0.600,0
2.485,-18.87,-1.12,-0.600,0
2.486,-18.87,-1.12,-0.600,0
2.486,-18.87,-1.12,-0.600,0
2.486,-18.87,-1.12,-0.600,0
2.486,-18.87,-1.09,-0.600,0
2.487,-18.87,-1.09,-0.600,0
2.487,-18.87,-1.09,-0.600,0
2.487,-18.87,-1.09,-0.600,0
2.487,-18.87,-1.09,-0.600,0
2.488,-18.87,-1.06,-0.600,0
2.488,-18.87,-1.06,-0.600,0
2.488,-18.87,-1.06,-0.600,0
2.488,-18.87,-1.06,-0.600,0
2.488,-18.87,-1.03,-0.600,0
2.489,-18.87,-1.03,-0.600,0
2.489,-18.87,-1.03,-0.600,0
2.489,-18.87,-1.03,-0.600,0
2.489,-18.87,-0.99,-0.600,0
2.490,-18.87,-0.99,-0.600,0
2.490,-18.87,-0.99,-0.600,0
2.490,-18.87,-0.99,-0.600,0
2.490,-18.87,-0.99,-0.600,0
2.491,-18.87,-0.96,-0.600,0
2.491,-18.87,-0.96,-0.600,0
2.491,-18.87,-0.96,-0.600,0
2.492,-18.87,-0.93,-0.600,0
2.492,-18.87,-0.93,-0.600,0
2.492,-18.87,-0.93,-0.600,0
2.492,-18.87,-0.90,-0.600,0
2.493,-18.87,-0.90,-0.600,0
2.493,-18.87,-0.90,-0.600,0
2.493,-18.87,-0.90,-0.600,0
2.493,-18.87,-0.86,-0.600,0
2.494,-18.87,-0.86,-0.600,0
2.494,-18.87,-0.86,-0.600,0
2.494,-18.87,-0.86,-0.600,0
2.495,-18.87,-0.83,-0.600,0
2.495,-18.87,-0.83,-0.600,0
2.495,-18.87,-0.83,-0.600,0
2.495,-18.87,-0.83,-0.600,0
2.496,-18.87,-0.80,-0.600,0
2.496,-18.87,-0.80,-0.600,0
2.496,-18.87,-0.80,-0.600,0
2.497,-18.87,-0.77,-0.600,0
2.497,-18.87,-0.77,-0.600,0
2.497,-18.87,-0.77,-0.600,0
2.497,-18.87,-0.73,-0.600,0
2.498,-18.87,-0.73,-0.600,0
2.498,-18.87,-0.73,-0.600,0
2.499,-18.87,-0.70,-0.600,1
2.499,-14.80,-0.70,-0.600,0
2.499,-14.80,-0.70,-0.600,0
2.500,-14.80,-0.67,-0.600,0
2.500,-14.80,-0.67,-0.600,0
2.500,-14.80,-0.67,-0.600,0
2.501,-14.80,-0.64,-0.600,0
2.501,-14.80,-0.64,-0.600,0
2.501,-14.80,-0.64,-0.600,0
2.501,-14.80,-0.60,-0.600,0
2.502,-14.80,-0.60,-0.600,0
2.502,-14.80,-0.60,-0.600,0
2.502,-14.80,-0.60,-0.600,0
2.502,-14.80,-0.57,-0.600,0
2.503,-14.80,-0.57,-0.600,0
2.503,-14.80,-0.57,-0.600,0
2.503,-14.80,-0.57,-0.600,0
2.503,-14.80,-0.54,-0.600,0
2.504,-14.80,-0.54,-0.600,0
2.504,-14.80,-0.54,-0.600,0
2.504,-14.80,-0.54,-0.600,0
2.505,-14.80,-0.51,-0.600,0
2.505,-14.80,-0.51,-0.600,0
2.505,-14.80,-0.51,-0.600,0
2.505,-14.80,-0.47,-0.600,0
2.506,-14.80,-0.47,-0.600,0
2.506,-14.80,-0.47,-0.600,0
2.506,-14.80,-0.47,-0.600,0
2.506,-14.80,-0.44,-0.600,0
2.507,-14.80,-0.44,-0.600,0
2.507,-14.80,-0.44,-0.600,0
2.507,-14.80,-0.44,-0.600,0
2.507,-14.80,-0.44,-0.600,0
2.508,-14.80,-0.41,-0.600,0
2.508,-14.80,-0.41,-0.600,0
2.508,-14.80,-0.41,-0.600,0
2.509,-14.80,-0.38,-0.600,0
2.509,-14.80,-0.38,-0.600,0
2.509,-14.80,-0.38,-0.600,0
2.509,-14.80,-0.38,-0.600,0
2.509,-14.80,-0.34,-0.600,0
2.510,-14.80,-0.34,-0.600,0
2.510,-14.80,-0.34,-0.600,0
2.510,-14.80,-0.34,-0.600,0
2.510,-14.80,-0.31,-0.600,0
2.511,-14.80,-0.31,-0.600,0
2.511,-14.80,-0.31,-0.600,0
2.511,-14.80,-0.31,-0.600,0
2.512,-14.80,-0.28,-0.600,0
2.512,-14.80,-0.28,-0.600,0
2.512,-14.80,-0.28,-0.600,0
2.513,-14.80,-0.25,-0.600,0
2.513,-14.80,-0.25,-0.600,0
2.513,-14.80,-0.25,-0.600,0
2.513,-14.80,-0.25,-0.600,0
2.514,-14.80,-0.21,-0.600,0
2.514,-14.80,-0.21,-0.600,0
2.514,-14.80,-0.21,-0.600,0
2.514,-14.80,-0.21,-0.600,0
2.515,-14.80,-0.18,-0.600,0
2.515,-14.80,-0.18,-0.600,0
2.515,-14.80,-0.18,-0.600,0
2.515,-14.80,-0.18,-0.600,0
2.515,-14.80,-0.15,-0.600,0
2.516,-14.80,-0.15,-0.600,0
2.516,-14.80,-0.15,-0.600,0
2.516,-14.80,-0.15,-0.600,0
2.516,-14.80,-0.15,-0.600,0
2.517,-14.80,-0.12,-0.600,0
2.517,-14.80,-0.12,-0.600,0
2.517,-14.80,-0.12,-0.600,0
2.517,-14.80,-0.08,-0.600,0
2.518,-14.80,-0.08,-0.600,0
2.518,-14.80,-0.08,-0.600,0
2.518,-14.80,-0.08,-0.600,0
2.518,-14.80,-0.05,-0.600,0
2.519,-14.80,-0.05,-0.600,0
2.519,-14.80,-0.05,-0.600,0
2.519,-14.80,-0.05,-0.600,0
2.520,-14.80,-0.02,-0.600,0
2.520,-14.80,-0.02,-0.600,0
2.520,-14.80,-0.02,-0.600,0
2.520,-14.80,-0.02,-0.600,0
2.521,-14.80,0.02,-0.600,0
2.521,-14.80,0.02,-0.600,0
2.521,-14.80,0.02,-0.600,0
2.521,-14.80,0.02,-0.600,0
2.522,-14.80,0.05,-0.600,0
2.522,-14.80,0.05,-0.600,0
2.522,-14.80,0.05,-0.600,0
2.522,-14.80,0.05,-0.600,0
2.522,-14.80,0.08,-0.600,0
2.523,-14.80,0.08,-0.600,0
2.523,-14.80,0.08,-0.600,0
2.523,-14.80,0.08,-0.600,0
2.523,-14.80,0.11,-0.600,0
2.524,-14.80,0.11,-0.600,0
2.524,-14.80,0.11,-0.600,0
2.524,-14.80,0.11,-0.600,0
2.525,-14.80,0.14,-0.600,0
2.525,-14.80,0.14,-0.600,0
2.525,-14.80,0.14,-0.600,0
2.526,-14.80,0.18,-0.600,0
2.526,-14.80,0.18,-0.600,0
2.526,-14.80,0.18,-0.600,0
2.526,-14.80,0.18,-0.600,0
2.527,-14.80,0.21,-0.600,0
2.527,-14.80,0.21,-0.600,0
2.527,-14.80,0.21,-0.600,0
2.527,-14.80,0.24,-0.600,0
2.528,-14.80,0.24,-0.600,0
2.528,-14.80,0.24,-0.600,0
2.528,-14.80,0.24,-0.600,0
2.528,-14.80,0.28,-0.600,0
2.529,-14.80,0.28,-0.600,0
2.529,-14.80,0.28,-0.600,0
2.529,-14.80,0.28,-0.600,0
2.529,-14.80,0.28,-0.600,0
2.530,-14.80,0.31,-0.600,0
2.530,-14.80,0.31,-0.600,0
2.530,-14.80,0.31,-0.600,0
2.530,-14.80,0.34,-0.600,0
2.531,-14.80,0.34,-0.600,0
2.531,-14.80,0.34,-0.600,0
2.531,-14.80,0.34,-0.600,0
2.531,-14.80,0.34,-0.600,0
2.532,-14.80,0.37,-0.600,0
2.532,-14.80,0.37,-0.600,0
2.532,-14.80,0.37,-0.600,0
2.533,-14.80,0.41,-0.600,0
2.533,-14.80,0.41,-0.600,0
2.533,-14.80,0.41,-0.600,0
2.533,-14.80,0.41,-0.600,0
2.534,-14.80,0.44,-0.600,0
2.534,-14.80,0.44,-0.600,0
2.534,-14.80,0.44,-0.600,0
2.534,-14.80,0.44,-0.600,0
2.535,-14.80,0.47,-0.600,0
2.535,-14.80,0.47,-0.600,0
2.535,-14.80,0.47,-0.600,0
2.535,-14.80,0.47,-0.600,0
2.536,-14.80,0.50,-0.600,0
2.536,-14.80,0.50,-0.600,0
2.536,-14.80,0.50,-0.600,0
2.536,-14.80,0.50,-0.600,0
2.537,-14.80,0.54,-0.600,0
2.537,-14.80,0.54,-0.600,0
2.537,-14.80,0.54,-0.600,0
2.537,-14.80,0.54,-0.600,0
2.538,-14.80,0.57,-0.600,0
2.538,-14.80,0.57,-0.600,0
2.538,-14.80,0.57,-0.600,0
2.538,-14.80,0.57,-0.600,0
2.539,-14.80,0.60,-0.600,0
2.539,-14.80,0.60,-0.600,0
2.539,-14.80,0.60,-0.600,0
2.539,-14.80,0.60,-0.600,0
2.540,-14.80,0.63,-0.600,0
2.540,-14.80,0.63,-0.600,0
2.540,-14.80,0.63,-0.600,0
2.540,-14.80,0.63,-0.600,0
2.541,-14.80,0.67,-0.600,0
2.541,-14.80,0.67,-0.600,0
2.541,-14.80,0.67,-0.600,0
2.542,-14.80,0.70,-0.600,0
2.542,-14.80,0.70,-0.600,0
2.543,-14.80,0.73,-0.600,0
2.543,-14.80,0.73,-0.600,0
2.543,-14.80,0.73,-0.600,0
2.543,-14.80,0.73,-0.600,0
2.544,-14.80,0.76,-0.600,0
2.544,-14.80,0.76,-0.600,0
2.544,-14.80,0.76,-0.600,0
2.544,-14.80,0.76,-0.600,0
2.545,-14.80,0.80,-0.600,0
2.545,-14.80,0.80,-0.600,0
2.545,-14.80,0.80,-0.600,0
2.545,-14.80,0.80,-0.600,0
2.546,-14.80,0.83,-0.600,0
2.546,-14.80,0.83,-0.600,0
2.546,-14.80,0.83,-0.600,0
2.546,-14.80,0.83,-0.600,0
2.547,-14.80,0.86,-0.600,0
2.547,-14.80,0.86,-0.600,0
2.547,-14.80,0.86,-0.600,0
2.547,-14.80,0.89,-0.600,0
2.548,-14.80,0.89,-0.600,0
2.548,-14.80,0.89,-0.600,0
2.548,-14.80,0.89,-0.600,0
2.548,-14.80,0.93,-0.600,0
2.549,-14.80,0.93,-0.600,0
2.549,-14.80,0.93,-0.600,0
2.549,-14.80,0.93,-0.600,0
2.549,-14.80,0.96,-0.600,0
2.550,-14.80,0.96,-0.600,0
2.550,-14.80,0.96,-0.600,0
2.550,-14.80,0.96,-0.600,0
2.550,-14.80,0.99,-0.600,0
2.551,-14.80,0.99,-0.600,0
2.551,-14.80,0.99,-0.600,0
2.551,-14.80,0.99,-0.600,0
2.551,-14.80,1.02,-0.600,0
2.552,-14.80,1.02,-0.600,0
2.552,-14.80,1.02,-0.600,0
2.552,-14.80,1.02,-0.600,0
2.552,-14.80,1.02,-0.600,0
2.553,-14.80,1.06,-0.600,0
2.553,-14.80,1.06,-0.600,0
2.553,-14.80,1.06,-0.600,0
2.553,-14.80,1.09,-0.600,0
2.554,-14.80,1.09,-0.600,0
2.554,-14.80,1.09,-0.600,0
2.554,-14.80,1.09,-0.600,0
2.554,-14.80,1.12,-0.600,0
2.555,-14.80,1.12,-0.600,0
2.555,-14.80,1.12,-0.600,0
2.555,-14.80,1.12,-0.600,0
2.555,-14.80,1.15,-0.600,0
2.556,-14.80,1.15,-0.600,0
2.556,-14.80,1.15,-0.600,0
2.556,-14.80,1.15,-0.600,0
2.556,-14.80,1.19,-0.600,0
2.557,-14.80,1.19,-0.600,0
2.557,-14.80,1.19,-0.600,0
2.557,-14.80,1.19,-0.600,0
2.557,-14.80,1.19,-0.600,0
2.558,-14.80,1.22,-0.600,0
2.558,-14.80,1.22,-0.600,0
2.558,-14.80,1.22,-0.600,0
2.558,-14.80,1.22,-0.600,0
2.558,-14.80,1.25,-0.600,0
2.559,-14.80,1.25,-0.600,0
2.559,-14.80,1.25,-0.600,0
2.559,-14.80,1.25,-0.600,0
2.559,-14.80,1.28,-0.600,0
2.560,-14.80,1.28,-0.600,0
2.560,-14.80,1.28,-0.600,0
2.560,-14.80,1.28,-0.600,0
2.561,-14.80,1.32,-0.600,0
2.561,-14.80,1.32,-0.600,0
2.561,-14.80,1.32,-0.600,0
2.561,-14.80,1.32,-0.600,0
2.562,-14.80,1.35,-0.600,0
2.562,-14.80,1.35,-0.600,0
2.562,-14.80,1.35,-0.600,0
2.562,-14.80,1.38,-0.600,0
2.563,-14.80,1.38,-0.600,0
2.563,-14.80,1.38,-0.600,0
2.563,-14.80,1.38,-0.600,0
2.564,-14.80,1.42,-0.600,0
2.564,-14.80,1.42,-0.600,0
2.564,-14.80,1.42,-0.600,0
2.564,-14.80,1.45,-0.600,0
2.565,-14.80,1.45,-0.600,0
2.565,-14.80,1.45,-0.600,0
2.565,-14.80,1.45,-0.600,0
2.565,-14.80,1.45,-0.600,0
2.566,-14.80,1.48,-0.600,0
2.566,-14.80,1.48,-0.600,0
2.566,-14.80,1.48,-0.600,0
2.566,-14.80,1.48,-0.600,0
2.567,-14.80,1.51,-0.600,0
2.567,-14.80,1.51,-0.600,0
2.567,-14.80,1.51,-0.600,0
2.567,-14.80,1.51,-0.600,0
2.568,-14.80,1.55,-0.600,0
2.568,-14.80,1.55,-0.600,0
2.568,-14.80,1.55,-0.600,0
2.568,-14.80,1.55,-0.600,0
2.569,-14.80,1.58,-0.600,0
2.569,-14.80,1.58,-0.600,0
2.569,-14.80,1.58,-0.600,0
2.569,-14.80,1.58,-0.600,0
2.569,-14.80,1.61,-0.600,0
2.570,-14.80,1.61,-0.600,0
2.570,-14.80,1.61,-0.600,0
2.570,-14.80,1.61,-0.600,0
2.571,-14.80,1.64,-0.600,0
2.571,-14.80,1.64,-0.600,0
2.571,-14.80,1.64,-0.600,0
2.571,-14.80,1.64,-0.600,0
2.571,-14.80,1.68,-0.600,0
2.572,-14.80,1.68,-0.600,0
2.572,-14.80,1.68,-0.600,0
2.572,-14.80,1.68,-0.600,0
2.572,-14.80,1.71,-0.600,0
2.573,-14.80,1.71,-0.600,0
2.573,-14.80,1.71,-0.600,0
2.573,-14.80,1.71,-0.600,0
2.573,-14.80,1.74,-0.600,0
2.574,-14.80,1.74,-0.600,0
2.574,-14.80,1.74,-0.600,0
2.575,-14.80,1.77,-0.600,0
2.575,-14.80,1.77,-0.600,0
2.575,-14.80,1.77,-0.600,0
2.575,-14.80,1.81,-0.600,0
2.576,-14.80,1.81,-0.600,0
2.576,-14.80,1.81,-0.600,0
2.576,-14.80,1.81,-0.600,0
2.576,-14.80,1.84,-0.600,0
2.577,-14.80,1.84,-0.600,0
2.577,-14.80,1.84,-0.600,0
2.577,-14.80,1.84,-0.600,0
2.577,-14.80,1.87,-0.600,0
2.578,-14.80,1.87,-0.600,0
2.578,-14.80,1.87,-0.600,0
2.578,-14.80,1.87,-0.600,0
2.578,-14.80,1.90,-0.600,0
2.579,-14.80,1.90,-0.600,0
2.579,-14.80,1.90,-0.600,0
2.579,-14.80,1.90,-0.600,0
2.579,-14.80,1.90,-0.600,0
2.580,-14.80,1.94,-0.600,0
2.580,-14.80,1.94,-0.600,0
2.580,-14.80,1.94,-0.600,0
2.580,-14.80,1.97,-0.600,0
2.581,-14.80,1.97,-0.600,0
2.581,-14.80,1.97,-0.600,0
2.581,-14.80,1.97,-0.600,0
2.581,-14.80,1.97,-0.600,0
2.582,-14.80,2.00,-0.600,0
2.582,-14.80,2.00,-0.600,0
2.582,-14.80,2.00,-0.600,0
2.582,-14.80,2.03,-0.600,0
2.583,-14.80,2.03,-0.600,0
2.583,-14.80,2.03,-0.600,0
2.583,-14.80,2.03,-0.600,0
2.583,-14.80,2.03,-0.600,0
2.584,-14.80,2.07,-0.600,0
2.584,-14.80,2.07,-0.600,0
2.584,-14.80,2.07,-0.600,0
2.584,-14.80,2.10,-0.600,0
2.585,-14.80,2.10,-0.600,0
2.585,-14.80,2.10,-0.600,0
2.585,-14.80,2.10,-0.600,0
2.585,-14.80,2.10,-0.600,0
2.586,-14.80,2.13,-0.600,0
2.586,-14.80,2.13,-0.600,0
2.586,-14.80,2.13,-0.600,0
2.586,-14.80,2.13,-0.600,0
2.586,-14.80,2.16,-0.600,0
2.587,-14.80,2.16,-0.600,0
2.587,-14.80,2.16,-0.600,0
2.587,-14.80,2.16,-0.600,0
2.587,-14.80,2.20,-0.600,0
2.588,-14.80,2.20,-0.600,0
2.588,-14.80,2.20,-0.600,0
2.588,-14.80,2.20,-0.600,0
2.589,-14.80,2.23,-0.600,0
2.589,-14.80,2.23,-0.600,0
2.589,-14.80,2.23,-0.600,0
2.589,-14.80,2.23,-0.600,0
2.590,-14.80,2.26,-0.600,0
2.590,-14.80,2.26,-0.600,0
2.590,-14.80,2.26,-0.600,0
2.590,-14.80,2.26,-0.600,0
2.590,-14.80,2.29,-0.600,0
2.591,-14.80,2.29,-0.600,0
2.591,-14.80,2.29,-0.600,0
2.591,-14.80,2.29,-0.600,0
2.591,-14.80,2.33,-0.600,0
2.592,-14.80,2.33,-0.600,0
2.592,-14.80,2.33,-0.600,0
2.592,-14.80,2.33,-0.600,0
2.592,-14.80,2.36,-0.600,0
2.593,-14.80,2.36,-0.600,0
2.593,-14.80,2.36,-0.600,0
2.593,-14.80,2.36,-0.600,0
2.593,-14.80,2.39,-0.600,0
2.594,-14.80,2.39,-0.600,0
2.594,-14.80,2.39,-0.600,0
2.594,-14.80,2.39,-0.600,0
2.594,-14.80,2.42,-0.600,0
2.595,-14.80,2.42,-0.600,0
2.595,-14.80,2.42,-0.600,0
2.595,-14.80,2.42,-0.600,0
2.595,-14.80,2.46,-0.600,0
2.596,-14.80,2.46,-0.600,0
2.596,-14.80,2.46,-0.600,0
2.596,-14.80,2.46,-0.600,0
2.596,-14.80,2.46,-0.600,0
2.597,-14.80,2.49,-0.600,0
2.597,-14.80,2.49,-0.600,0
2.597,-14.80,2.49,-0.600,0
2.597,-14.80,2.52,-0.600,0
2.598,-14.80,2.52,-0.600,0
2.598,-14.80,2.52,-0.600,0
2.598,-14.80,2.52,-0.600,0
2.598,-14.80,2.52,-0.600,0
2.599,-14.80,2.55,-0.600,0
2.599,-14.80,2.55,-0.600,0
2.599,-14.80,2.55,-0.600,0
2.599,-14.80,2.59,-0.600,0
2.600,-14.80,2.59,-0.600,0
2.600,-14.80,2.59,-0.600,0
2.600,-14.80,2.59,-0.600,0
2.600,-14.80,2.62,-0.600,0
2.601,-14.80,2.62,-0.600,0
2.601,-14.80,2.62,-0.600,0
2.601,-14.80,2.62,-0.600,0
2.601,-14.80,2.65,-0.600,0
2.602,-14.80,2.65,-0.600,0
2.602,-14.80,2.65,-0.600,0
2.602,-14.80,2.65,-0.600,0
2.602,-14.80,2.68,-0.600,0
2.603,-14.80,2.68,-0.600,0
2.603,-14.80,2.68,-0.600,0
2.603,-14.80,2.68,-0.600,0
2.603,-14.80,2.72,-0.600,0
2.604,-14.80,2.72,-0.600,0
2.604,-14.80,2.72,-0.600,0
2.604,-14.80,2.72,-0.600,0
2.604,-14.80,2.72,-0.600,0
2.605,-14.80,2.75,-0.600,0
2.605,-14.80,2.75,-0.600,0
2.605,-14.80,2.75,-0.600,0
2.605,-14.80,2.75,-0.600,0
2.605,-14.80,2.78,-0.600,0
2.606,-14.80,2.78,-0.600,0
2.606,-14.80,2.78,-0.600,0
2.606,-14.80,2.78,-0.600,0
2.606,-14.80,2.81,-0.600,0
2.607,-14.80,2.81,-0.600,0
2.607,-14.80,2.81,-0.600,0
2.607,-14.80,2.81,-0.600,0
2.608,-14.80,2.85,-0.600,0
2.608,-14.80,2.85,-0.600,0
2.608,-14.80,2.85,-0.600,0
2.608,-14.80,2.85,-0.600,0
2.609,-14.80,2.88,-0.600,0
2.609,-14.80,2.88,-0.600,0
2.609,-14.80,2.88,-0.600,0
2.609,-14.80,2.88,-0.600,0
2.610,-14.80,2.91,-0.600,0
2.610,-14.80,2.91,-0.600,0
2.610,-14.80,2.91,-0.600,0
2.610,-14.80,2.91,-0.600,0
2.611,-14.80,2.94,-0.600,0
2.611,-14.80,2.94,-0.600,0
2.611,-14.80,2.94,-0.600,0
2.611,-14.80,2.94,-0.600,0
2.612,-14.80,2.98,-0.600,0
2.612,-14.80,2.98,-0.600,0
2.612,-14.80,2.98,-0.600,0
2.612,-14.80,2.98,-0.600,0
2.613,-14.80,3.01,-0.600,0
2.613,-14.80,3.01,-0.600,0
2.613,-14.80,3.01,-0.600,0
2.613,-14.80,3.01,-0.600,0
2.613,-14.80,3.04,-0.600,0
2.614,-14.80,3.04,-0.600,0
2.614,-14.80,3.04,-0.600,0
2.614,-14.80,3.04,-0.600,0
2.615,-14.80,3.07,-0.600,0
2.615,-14.80,3.07,-0.600,0
2.615,-14.80,3.07,-0.600,0
2.615,-14.80,3.07,-0.600,0
2.616,-14.80,3.11,-0.600,0
2.616,-14.80,3.11,-0.600,0
2.616,-14.80,3.11,-0.600,0
2.616,-14.80,3.11,-0.600,0
2.617,-14.80,3.14,-0.600,0
2.617,-14.80,3.14,-0.600,0
2.617,-14.80,3.14,-0.600,0
2.617,-14.80,3.17,-0.600,0
2.618,-14.80,3.17,-0.600,0
2.618,-14.80,3.17,-0.600,0
2.618,-14.80,3.17,-0.600,0
2.618,-14.80,3.20,-0.600,0
2.619,-14.80,3.20,-0.600,0
2.619,-14.80,3.20,-0.600,0
2.619,-14.80,3.20,-0.600,0
2.619,-14.80,3.20,-0.600,0
2.620,-14.80,3.24,-0.600,0
2.620,-14.80,3.24,-0.600,0
2.620,-14.80,3.24,-0.600,0
2.620,-14.80,3.24,-0.600,0
2.621,-14.80,3.27,-0.600,0
2.621,-14.80,3.27,-0.600,0
2.621,-14.80,3.27,-0.600,0
2.621,-14.80,3.27,-0.600,0
2.622,-14.80,3.30,-0.600,0
2.622,-14.80,3.30,-0.600,0
2.622,-14.80,3.30,-0.600,0
2.622,-14.80,3.30,-0.600,0
2.623,-14.80,3.34,-0.600,0
2.623,-14.80,3.34,-0.600,0
2.623,-14.80,3.34,-0.600,0
2.623,-14.80,3.34,-0.600,0
2.624,-14.80,3.37,-0.600,0
2.624,-14.80,3.37,-0.600,0
2.624,-14.80,3.37,-0.600,0
2.624,-14.80,3.37,-0.600,0
2.624,-14.80,3.40,-0.600,0
2.625,-14.80,3.40,-0.600,0
2.625,-14.80,3.40,-0.600,0
2.625,-14.80,3.40,-0.600,0
2.625,-14.80,3.43,-0.600,0
2.626,-14.80,3.43,-0.600,0
2.626,-14.80,3.43,-0.600,0
2.626,-14.80,3.43,-0.600,0
2.626,-14.80,3.43,-0.600,0
2.627,-14.80,3.47,-0.600,0
2.627,-14.80,3.47,-0.600,0
2.627,-14.80,3.47,-0.600,0
2.627,-14.80,3.47,-0.600,0
2.627,-14.80,3.50,-0.600,0
2.628,-14.80,3.50,-0.600,0
2.628,-14.80,3.50,-0.600,0
2.628,-14.80,3.50,-0.600,0
2.628,-14.80,3.53,-0.600,0
2.629,-14.80,3.53,-0.600,0
2.629,-14.80,3.53,-0.600,0
2.629,-14.80,3.53,-0.600,0
2.630,-14.80,3.56,-0.600,0
2.630,-14.80,3.56,-0.600,0
2.630,-14.80,3.56,-0.600,0
2.630,-14.80,3.59,-0.600,0
2.631,-14.80,3.59,-0.600,0
2.631,-14.80,3.59,-0.600,0
2.631,-14.80,3.59,-0.600,0
2.632,-14.80,3.63,-0.600,0
2.632,-14.80,3.63,-0.600,0
2.633,-14.80,3.66,-0.600,1
2.633,-10.93,3.66,-0.600,0
2.634,-10.93,3.69,-0.600,0
2.634,-10.93,3.69,-0.600,0
2.634,-10.93,3.69,-0.600,0
2.634,-10.93,3.69,-0.600,0
2.635,-10.93,3.73,-0.600,0
2.635,-10.93,3.73,-0.600,0
2.635,-10.93,3.73,-0.600,0
2.635,-10.93,3.73,-0.600,0
2.636,-10.93,3.76,-0.600,0
2.636,-10.93,3.76,-0.600,0
2.637,-10.93,3.79,-0.600,0
2.637,-10.93,3.79,-0.600,0
2.637,-10.93,3.82,-0.600,0
2.638,-10.93,3.82,-0.600,0
2.638,-10.93,3.82,-0.600,0
2.638,-10.93,3.82,-0.600,0
2.638,-10.93,3.85,-0.600,0
2.639,-10.93,3.85,-0.600,0
2.639,-10.93,3.85,-0.600,0
2.639,-10.93,3.85,-0.600,0
2.639,-10.93,3.89,-0.600,0
2.640,-10.93,3.89,-0.600,0
2.640,-10.93,3.89,-0.600,0
2.640,-10.93,3.89,-0.600,0
2.640,-10.93,3.92,-0.600,0
2.641,-10.93,3.92,-0.600,0
2.641,-10.93,3.92,-0.600,0
2.641,-10.93,3.92,-0.600,0
2.642,-10.93,3.95,-0.600,0
2.642,-10.93,3.95,-0.600,0
2.642,-10.93,3.95,-0.600,0
2.642,-10.93,3.95,-0.600,0
2.643,-10.93,3.99,-0.600,0
2.643,-10.93,3.99,-0.600,0
2.643,-10.93,3.99,-0.600,0
2.643,-10.93,4.02,-0.600,0
2.644,-10.93,4.02,-0.600,0
2.644,-10.93,4.02,-0.600,0
2.644,-10.93,4.02,-0.600,0
2.645,-10.93,4.05,-0.600,0
2.645,-10.93,4.05,-0.600,0
2.645,-10.93,4.05,-0.600,0
2.646,-10.93,4.08,-0.600,0
2.646,-10.93,4.08,-0.600,0
2.647,-10.93,4.12,-0.600,0
2.647,-10.93,4.12,-0.600,0
2.647,-10.93,4.12,-0.600,0
2.648,-10.93,4.15,-0.600,0
2.648,-10.93,4.15,-0.600,0
2.648,-10.93,4.15,-0.600,0
2.648,-10.93,4.18,-0.600,0
2.649,-10.93,4.18,-0.600,0
2.649,-10.93,4.18,-0.600,0
2.649,-10.93,4.18,-0.600,0
2.649,-10.93,4.21,-0.600,0
2.650,-10.93,4.21,-0.600,0
2.650,-10.93,4.21,-0.600,0
2.650,-10.93,4.21,-0.600,0
2.651,-10.93,4.25,-0.600,0
2.651,-10.93,4.25,-0.600,0
2.651,-10.93,4.25,-0.600,0
2.652,-10.93,4.28,-0.600,0
2.652,-10.93,4.28,-0.600,0
2.652,-10.93,4.28,-0.600,0
2.653,-10.93,4.31,-0.600,0
2.653,-10.93,4.31,-0.600,0
2.653,-10.93,4.31,-0.600,0
2.653,-10.93,4.31,-0.600,0
2.654,-10.93,4.34,-0.600,0
2.654,-10.93,4.34,-0.600,0
2.654,-10.93,4.34,-0.600,0
2.654,-10.93,4.34,-0.600,0
2.655,-10.93,4.38,-0.600,0
2.655,-10.93,4.38,-0.600,0
2.655,-10.93,4.38,-0.600,0
2.655,-10.93,4.38,-0.600,0
2.656,-10.93,4.41,-0.600,0
2.656,-10.93,4.41,-0.600,0
2.656,-10.93,4.41,-0.600,0
2.656,-10.93,4.41,-0.600,0
2.657,-10.93,4.44,-0.600,0
2.657,-10.93,4.44,-0.600,0
2.657,-10.93,4.44,-0.600,0
2.658,-10.93,4.47,-0.600,0
2.658,-10.93,4.47,-0.600,0
2.658,-10.93,4.47,-0.600,0
2.658,-10.93,4.51,-0.600,0
2.659,-10.93,4.51,-0.600,0
2.660,-10.93,4.54,-0.600,0
2.660,-10.93,4.54,-0.600,0
2.660,-10.93,4.54,-0.600,0
2.660,-10.93,4.54,-0.600,0
2.661,-10.93,4.57,-0.600,0
2.661,-10.93,4.57,-0.600,0
2.661,-10.93,4.57,-0.600,0
2.661,-10.93,4.57,-0.600,0
2.662,-10.93,4.60,-0.600,0
2.662,-10.93,4.60,-0.600,0
2.662,-10.93,4.60,-0.600,0
2.663,-10.93,4.64,-0.600,0
2.663,-10.93,4.64,-0.600,0
2.663,-10.93,4.64,-0.600,0
2.663,-10.93,4.64,-0.600,0
2.664,-10.93,4.67,-0.600,0
2.664,-10.93,4.67,-0.600,0
2.664,-10.93,4.67,-0.600,0
2.665,-10.93,4.70,-0.600,0
2.665,-10.93,4.70,-0.600,0
2.665,-10.93,4.70,-0.600,0
2.665,-10.93,4.73,-0.600,0
2.666,-10.93,4.73,-0.600,0
2.666,-10.93,4.73,-0.600,0
2.666,-10.93,4.73,-0.600,0
2.666,-10.93,4.73,-0.600,0
2.667,-10.93,4.77,-0.600,0
2.667,-10.93,4.77,-0.600,0
2.667,-10.93,4.77,-0.600,0
2.668,-10.93,4.80,-0.600,0
2.668,-10.93,4.80,-0.600,0
2.668,-10.93,4.80,-0.600,0
2.668,-10.93,4.80,-0.600,0
2.669,-10.93,4.83,-0.600,0
2.669,-10.93,4.83,-0.600,0
2.669,-10.93,4.83,-0.600,0
2.669,-10.93,4.86,-0.600,0
2.670,-10.93,4.86,-0.600,0
2.670,-10.93,4.86,-0.600,0
2.670,-10.93,4.86,-0.600,0
2.670,-10.93,4.90,-0.600,0
2.671,-10.93,4.90,-0.600,0
2.671,-10.93,4.90,-0.600,0
2.671,-10.93,4.90,-0.600,0
2.672,-10.93,4.93,-0.600,0
2.672,-10.93,4.93,-0.600,0
2.672,-10.93,4.93,-0.600,0
2.672,-10.93,4.96,-0.600,0
2.673,-10.93,4.96,-0.600,0
2.673,-10.93,4.96,-0.600,0
2.673,-10.93,4.96,-0.600,0
2.673,-10.93,4.99,-0.600,0
2.674,-10.93,4.99,-0.600,0
2.674,-10.93,4.99,-0.600,0
2.674,-10.93,4.99,-0.600,0
2.674,-10.93,5.03,-0.600,0
2.675,-10.93,5.03,-0.600,0
2.675,-10.93,5.03,-0.600,0
2.675,-10.93,5.03,-0.600,0
2.675,-10.93,5.03,-0.600,0
2.676,-10.93,5.06,-0.600,0
2.676,-10.93,5.06,-0.600,0
2.676,-10.93,5.06,-0.600,0
2.676,-10.93,5.09,-0.600,0
2.677,-10.93,5.09,-0.600,0
2.677,-10.93,5.09,-0.600,0
2.677,-10.93,5.09,-0.600,0
2.677,-10.93,5.09,-0.600,0
2.678,-10.93,5.12,-0.600,0
2.678,-10.93,5.12,-0.600,0
2.678,-10.93,5.12,-0.600,0
2.679,-10.93,5.16,-0.600,0
2.679,-10.93,5.16,-0.600,0
2.679,-10.93,5.16,-0.600,0
2.679,-10.93,5.19,-0.600,0
2.680,-10.93,5.19,-0.600,0
2.680,-10.93,5.19,-0.600,0
2.680,-10.93,5.19,-0.600,0
2.680,-10.93,5.22,-0.600,0
2.681,-10.93,5.22,-0.600,0
2.681,-10.93,5.22,-0.600,0
2.681,-10.93,5.22,-0.600,0
2.681,-10.93,5.25,-0.600,0
2.682,-10.93,5.25,-0.600,0
2.682,-10.93,5.25,-0.600,0
2.682,-10.93,5.25,-0.600,0
2.682,-10.93,5.29,-0.600,0
2.683,-10.93,5.29,-0.600,0
2.683,-10.93,5.29,-0.600,0
2.683,-10.93,5.29,-0.600,0
2.683,-10.93,5.32,-0.600,0
2.684,-10.93,5.32,-0.600,0
2.684,-10.93,5.32,-0.600,0
2.684,-10.93,5.32,-0.600,0
2.685,-10.93,5.35,-0.600,0
2.685,-10.93,5.35,-0.600,0
2.685,-10.93,5.35,-0.600,0
2.685,-10.93,5.35,-0.600,0
2.686,-10.93,5.38,-0.600,0
2.686,-10.93,5.38,-0.600,0
2.686,-10.93,5.38,-0.600,0
2.687,-10.93,5.42,-0.600,0
2.687,-10.93,5.42,-0.600,0
2.687,-10.93,5.42,-0.600,0
2.688,-10.93,5.45,-0.600,0
2.688,-10.93,5.45,-0.600,0
2.688,-10.93,5.45,-0.600,0
2.688,-10.93,5.45,-0.600,0
2.689,-10.93,5.48,-0.600,0
2.689,-10.93,5.48,-0.600,0
2.689,-10.93,5.48,-0.600,0
2.689,-10.93,5.48,-0.600,0
2.689,-10.93,5.51,-0.600,0
2.690,-10.93,5.51,-0.600,0
2.690,-10.93,5.51,-0.600,0
2.690,-10.93,5.51,-0.600,0
2.690,-10.93,5.55,-0.600,0
2.691,-10.93,5.55,-0.600,0
2.691,-10.93,5.55,-0.600,0
2.691,-10.93,5.55,-0.600,0
2.691,-10.93,5.58,-0.600,0
2.692,-10.93,5.58,-0.600,0
2.692,-10.93,5.58,-0.600,0
2.693,-10.93,5.61,-0.600,0
2.693,-10.93,5.61,-0.600,0
2.693,-10.93,5.61,-0.600,0
2.693,-10.93,5.61,-0.600,0
2.694,-10.93,5.64,-0.600,0
2.694,-10.93,5.64,-0.600,0
2.694,-10.93,5.64,-0.600,0
2.694,-10.93,5.64,-0.600,0
2.694,-10.93,5.68,-0.600,0
2.695,-10.93,5.68,-0.600,0
2.695,-10.93,5.68,-0.600,0
2.695,-10.93,5.68,-0.600,0
2.695,-10.93,5.68,-0.600,0
2.696,-10.93,5.71,-0.600,0
2.696,-10.93,5.71,-0.600,0
2.696,-10.93,5.71,-0.600,0
2.696,-10.93,5.71,-0.600,0
2.696,-10.93,5.74,-0.600,0
2.697,-10.93,5.74,-0.600,0
2.697,-10.93,5.74,-0.600,0
2.697,-10.93,5.74,-0.600,0
2.698,-10.93,5.78,-0.600,0
2.698,-10.93,5.78,-0.600,0
2.698,-10.93,5.78,-0.600,0
2.699,-10.93,5.81,-0.600,0
2.699,-10.93,5.81,-0.600,0
2.699,-10.93,5.81,-0.600,0
2.699,-10.93,5.81,-0.600,0
2.700,-10.93,5.84,-0.600,0
2.700,-10.93,5.84,-0.600,0
2.700,-10.93,5.84,-0.600,0
2.700,-10.93,5.84,-0.600,0
2.701,-10.93,5.87,-0.600,0
2.701,-10.93,5.87,-0.600,0
2.701,-10.93,5.87,-0.600,0
2.701,-10.93,5.87,-0.600,0
2.701,-10.93,5.90,-0.600,0
2.702,-10.93,5.90,-0.600,0
2.702,-10.93,5.90,-0.600,0
2.702,-10.93,5.90,-0.600,0
2.703,-10.93,5.94,-0.600,0
2.703,-10.93,5.94,-0.600,0
2.703,-10.93,5.97,-0.600,0
2.704,-10.93,5.97,-0.600,0
2.704,-10.93,5.97,-0.600,0
2.704,-10.93,5.97,-0.600,0
2.704,-10.93,6.00,-0.600,0
2.705,-10.93,6.00,-0.600,0
2.705,-10.93,6.00,-0.600,0
2.705,-10.93,6.00,-0.600,0
2.706,-10.93,6.03,-0.600,0
2.706,-10.93,6.03,-0.600,0
2.706,-10.93,6.03,-0.600,0
2.706,-10.93,6.07,-0.600,0
2.707,-10.93,6.07,-0.600,0
2.707,-10.93,6.07,-0.600,0
2.707,-10.93,6.07,-0.600,0
2.707,-10.93,6.07,-0.600,0
2.708,-10.93,6.10,-0.600,0
2.708,-10.93,6.10,-0.600,0
2.708,-10.93,6.10,-0.600,0
2.708,-10.93,6.10,-0.600,0
2.708,-10.93,6.13,-0.600,0
2.709,-10.93,6.13,-0.600,0
2.709,-10.93,6.13,-0.600,0
2.709,-10.93,6.13,-0.600,0
2.709,-10.93,6.17,-0.600,0
2.710,-10.93,6.17,-0.600,0
2.710,-10.93,6.17,-0.600,0
2.710,-10.93,6.17,-0.600,0
2.710,-10.93,6.20,-0.600,0
2.711,-10.93,6.20,-0.600,0
2.711,-10.93,6.20,-0.600,0
2.711,-10.93,6.20,-0.600,0
2.711,-10.93,6.20,-0.600,0
2.712,-10.93,6.23,-0.600,0
2.712,-10.93,6.23,-0.600,0
2.712,-10.93,6.23,-0.600,0
2.712,-10.93,6.23,-0.600,0
2.713,-10.93,6.26,-0.600,0
2.713,-10.93,6.26,-0.600,0
2.713,-10.93,6.26,-0.600,0
2.714,-10.93,6.30,-0.600,0
2.714,-10.93,6.30,-0.600,0
2.714,-10.93,6.30,-0.600,0
2.714,-10.93,6.30,-0.600,0
2.714,-10.93,6.33,-0.600,0
2.715,-10.93,6.33,-0.600,0
2.715,-10.93,6.33,-0.600,0
2.715,-10.93,6.33,-0.600,0
2.715,-10.93,6.36,-0.600,0
2.716,-10.93,6.36,-0.600,0
2.716,-10.93,6.36,-0.600,0
2.716,-10.93,6.36,-0.600,0
2.716,-10.93,6.36,-0.600,0
2.717,-10.93,6.39,-0.600,0
2.717,-10.93,6.39,-0.600,0
2.717,-10.93,6.39,-0.600,0
2.717,-10.93,6.39,-0.600,0
2.717,-10.93,6.43,-0.600,0
2.718,-10.93,6.43,-0.600,0
2.718,-10.93,6.43,-0.600,0
2.718,-10.93,6.43,-0.600,0
2.719,-10.93,6.46,-0.600,0
2.719,-10.93,6.46,-0.600,0
2.719,-10.93,6.46,-0.600,0
2.719,-10.93,6.46,-0.600,0
2.719,-10.93,6.49,-0.600,0
2.720,-10.93,6.49,-0.600,0
2.720,-10.93,6.49,-0.600,0
2.720,-10.93,6.49,-0.600,0
2.721,-10.93,6.52,-0.600,0
2.721,-10.93,6.52,-0.600,0
2.721,-10.93,6.52,-0.600,0
2.721,-10.93,6.56,-0.600,0
2.722,-10.93,6.56,-0.600,0
2.722,-10.93,6.56,-0.600,0
2.722,-10.93,6.56,-0.600,0
2.722,-10.93,6.56,-0.600,0
2.723,-10.93,6.59,-0.600,0
2.723,-10.93,6.59,-0.600,0
2.723,-10.93,6.59,-0.600,0
2.723,-10.93,6.59,-0.600,0
2.723,-10.93,6.62,-0.600,0
2.724,-10.93,6.62,-0.600,0
2.724,-10.93,6.62,-0.600,0
2.724,-10.93,6.62,-0.600,0
2.724,-10.93,6.65,-0.600,0
2.725,-10.93,6.65,-0.600,0
2.725,-10.93,6.65,-0.600,0
2.725,-10.93,6.65,-0.600,0
2.725,-10.93,6.68,-0.600,0
2.726,-10.93,6.68,-0.600,0
2.726,-10.93,6.68,-0.600,0
2.726,-10.93,6.68,-0.600,0
2.727,-10.93,6.72,-0.600,0
2.727,-10.93,6.72,-0.600,0
2.727,-10.93,6.72,-0.600,0
2.728,-10.93,6.75,-0.600,0
2.728,-10.93,6.75,-0.600,0
2.728,-10.93,6.75,-0.600,0
2.728,-10.93,6.75,-0.600,0
2.728,-10.93,6.78,-0.600,0
2.729,-10.93,6.78,-0.600,0
2.729,-10.93,6.78,-0.600,0
2.729,-10.93,6.78,-0.600,0
2.729,-10.93,6.82,-0.600,0
2.730,-10.93,6.82,-0.600,0
2.730,-10.93,6.82,-0.600,0
2.730,-10.93,6.82,-0.600,0
2.730,-10.93,6.82,-0.600,0
2.731,-10.93,6.85,-0.600,0
2.731,-10.93,6.85,-0.600,0
2.731,-10.93,6.85,-0.600,0
2.731,-10.93,6.88,-0.600,0
2.732,-10.93,6.88,-0.600,0
2.732,-10.93,6.88,-0.600,0
2.732,-10.93,6.88,-0.600,0
2.732,-10.93,6.88,-0.600,0
2.733,-10.93,6.91,-0.600,0
2.733,-10.93,6.91,-0.600,0
2.733,-10.93,6.91,-0.600,0
2.733,-10.93,6.91,-0.600,0
2.734,-10.93,6.95,-0.600,0
2.734,-10.93,6.95,-0.600,0
2.734,-10.93,6.95,-0.600,0
2.734,-10.93,6.98,-0.600,0
2.735,-10.93,6.98,-0.600,0
2.735,-10.93,6.98,-0.600,0
2.735,-10.93,6.98,-0.600,0
2.735,-10.93,7.01,-0.600,0
2.736,-10.93,7.01,-0.600,0
2.736,-10.93,7.01,-0.600,0
2.736,-10.93,7.01,-0.600,0
2.736,-10.93,7.01,-0.600,0
2.737,-10.93,7.04,-0.600,0
2.737,-10.93,7.04,-0.600,0
2.737,-10.93,7.04,-0.600,0
2.737,-10.93,7.04,-0.600,0
2.737,-10.93,7.08,-0.600,0
2.738,-10.93,7.08,-0.600,0
2.738,-10.93,7.08,-0.600,0
2.738,-10.93,7.08,-0.600,0
2.738,-10.93,7.11,-0.600,0
2.739,-10.93,7.11,-0.600,0
2.739,-10.93,7.11,-0.600,0
2.739,-10.93,7.11,-0.600,0
2.739,-10.93,7.14,-0.600,0
2.740,-10.93,7.14,-0.600,0
2.740,-10.93,7.14,-0.600,0
2.740,-10.93,7.14,-0.600,0
2.740,-10.93,7.17,-0.600,0
2.741,-10.93,7.17,-0.600,0
2.741,-10.93,7.17,-0.600,0
2.741,-10.93,7.17,-0.600,0
2.741,-10.93,7.21,-0.600,0
2.742,-10.93,7.21,-0.600,0
2.742,-10.93,7.21,-0.600,0
2.742,-10.93,7.21,-0.600,0
2.742,-10.93,7.24,-0.600,0
2.743,-10.93,7.24,-0.600,0
2.743,-10.93,7.24,-0.600,0
2.743,-10.93,7.24,-0.600,0
2.743,-10.93,7.24,-0.600,0
2.744,-10.93,7.27,-0.600,0
2.744,-10.93,7.27,-0.600,0
2.744,-10.93,7.27,-0.600,0
2.744,-10.93,7.27,-0.600,0
2.744,-10.93,7.30,-0.600,0
2.745,-10.93,7.30,-0.600,0
2.745,-10.93,7.30,-0.600,0
2.745,-10.93,7.30,-0.600,0
2.745,-10.93,7.34,-0.600,0
2.746,-10.93,7.34,-0.600,0
2.746,-10.93,7.34,-0.600,0
2.746,-10.93,7.34,-0.600,0
2.747,-10.93,7.37,-0.600,0
2.747,-10.93,7.37,-0.600,0
2.747,-10.93,7.37,-0.600,0
2.747,-10.93,7.40,-0.600,0
2.748,-10.93,7.40,-0.600,0
2.748,-10.93,7.40,-0.600,0
2.748,-10.93,7.40,-0.600,0
2.748,-10.93,7.43,-0.600,0
2.749,-10.93,7.43,-0.600,0
2.749,-10.93,7.43,-0.600,0
2.749,-10.93,7.43,-0.600,0
2.749,-10.93,7.47,-0.600,0
2.750,-10.93,7.47,-0.600,0
2.750,-10.93,7.47,-0.600,0
2.750,-10.93,7.47,-0.600,0
2.750,-10.93,7.50,-0.600,0
2.751,-10.93,7.50,-0.600,0
2.751,-10.93,7.50,-0.600,0
2.751,-10.93,7.50,-0.600,0
2.751,-10.93,7.53,-0.600,0
2.752,-10.93,7.53,-0.600,0
2.752,-10.93,7.53,-0.600,0
2.752,-10.93,7.53,-0.600,0
2.752,-10.93,7.53,-0.600,0
2.753,-10.93,7.56,-0.600,0
2.753,-10.93,7.56,-0.600,0
2.753,-10.93,7.56,-0.600,0
2.753,-10.93,7.56,-0.600,0
2.753,-10.93,7.60,-0.600,0
2.754,-10.93,7.60,-0.600,0
2.754,-10.93,7.60,-0.600,0
2.754,-10.93,7.60,-0.600,0
2.754,-10.93,7.63,-0.600,0
2.755,-10.93,7.63,-0.600,0
2.755,-10.93,7.63,-0.600,0
2.755,-10.93,7.63,-0.600,0
2.756,-10.93,7.66,-0.600,0
2.756,-10.93,7.66,-0.600,0
2.756,-10.93,7.66,-0.600,0
2.756,-10.93,7.66,-0.600,0
2.756,-10.93,7.69,-0.600,0
2.757,-10.93,7.69,-0.600,0
2.757,-10.93,7.69,-0.600,0
2.757,-10.93,7.69,-0.600,0
2.757,-10.93,7.73,-0.600,0
2.758,-10.93,7.73,-0.600,0
2.758,-10.93,7.73,-0.600,0
2.758,-10.93,7.73,-0.600,0
2.758,-10.93,7.76,-0.600,0
2.759,-10.93,7.76,-0.600,0
2.759,-10.93,7.76,-0.600,0
2.759,-10.93,7.76,-0.600,0
2.759,-10.93,7.79,-0.600,0
2.760,-10.93,7.79,-0.600,0
2.760,-10.93,7.79,-0.600,0
2.760,-10.93,7.79,-0.600,0
2.760,-10.93,7.82,-0.600,0
2.761,-10.93,7.82,-0.600,0
2.761,-10.93,7.82,-0.600,0
2.761,-10.93,7.82,-0.600,0
2.761,-10.93,7.86,-0.600,0
2.762,-10.93,7.86,-0.600,0
2.762,-10.93,7.86,-0.600,0
2.763,-10.93,7.86,-0.600,0
2.763,-10.93,7.89,-0.600,0
2.763,-10.93,7.89,-0.600,0
2.764,-10.93,7.92,-0.600,0
2.764,-10.93,7.92,-0.600,0
2.764,-10.93,7.92,-0.600,0
2.765,-10.93,7.95,-0.600,0
2.765,-10.93,7.95,-0.600,0
2.766,-10.93,7.99,-0.600,0
2.766,-10.93,7.99,-0.600,0
2.766,-10.93,7.99,-0.600,0
2.766,-10.93,7.99,-0.600,0
2.767,-10.93,8.02,-0.600,0
2.767,-10.93,8.02,-0.600,0
2.767,-10.93,8.02,-0.600,0
2.767,-10.93,8.05,-0.600,0
2.768,-10.93,8.05,-0.600,0
2.768,-10.93,8.05,-0.600,0
2.768,-10.93,8.05,-0.600,0
2.769,-10.93,8.08,-0.600,0
2.769,-10.93,8.08,-0.600,0
2.769,-10.93,8.08,-0.600,0
2.769,-10.93,8.12,-0.600,0
2.770,-10.93,8.12,-0.600,0
2.770,-10.93,8.12,-0.600,0
2.770,-10.93,8.12,-0.600,0
2.770,-10.93,8.15,-0.600,0
2.771,-10.93,8.15,-0.600,0
2.771,-10.93,8.15,-0.600,0
2.771,-10.93,8.15,-0.600,0
2.771,-10.93,8.18,-0.600,0
2.772,-10.93,8.18,-0.600,0
2.772,-10.93,8.18,-0.600,0
2.772,-10.93,8.18,-0.600,0
2.772,-10.93,8.21,-0.600,0
2.773,-10.93,8.21,-0.600,0
2.773,-10.93,8.21,-0.600,0
2.773,-10.93,8.21,-0.600,0
2.773,-10.93,8.25,-0.600,0
2.774,-10.93,8.25,-0.600,0
2.774,-10.93,8.25,-0.600,0
2.774,-10.93,8.25,-0.600,0
2.775,-10.93,8.28,-0.600,0
2.775,-10.93,8.28,-0.600,0
2.775,-10.93,8.28,-0.600,0
2.776,-10.93,8.31,-0.600,0
2.776,-10.93,8.31,-0.600,0
2.776,-10.93,8.31,-0.600,0
2.776,-10.93,8.31,-0.600,0
2.777,-10.93,8.34,-0.600,0
2.777,-10.93,8.34,-0.600,0
2.777,-10.93,8.34,-0.600,0
2.777,-10.93,8.34,-0.600,0
2.777,-10.93,8.38,-0.600,0
2.778,-10.93,8.38,-0.600,0
2.778,-10.93,8.38,-0.600,0
2.778,-10.93,8.38,-0.600,0
2.778,-10.93,8.41,-0.600,0
2.779,-10.93,8.41,-0.600,0
2.779,-10.93,8.41,-0.600,0
2.779,-10.93,8.41,-0.600,0
2.779,-10.93,8.44,-0.600,0
2.780,-10.93,8.44,-0.600,0
2.780,-10.93,8.44,-0.600,0
2.780,-10.93,8.44,-0.600,0
2.780,-10.93,8.47,-0.600,0
2.781,-10.93,8.47,-0.600,0
2.781,-10.93,8.47,-0.600,0
2.781,-10.93,8.47,-0.600,0
2.782,-10.93,8.51,-0.600,0
2.782,-10.93,8.51,-0.600,0
2.782,-10.93,8.51,-0.600,0
2.782,-10.93,8.51,-0.600,0
2.783,-10.93,8.54,-0.600,0
2.783,-10.93,8.54,-0.600,0
2.783,-10.93,8.54,-0.600,0
2.783,-10.93,8.57,-0.600,0
2.784,-10.93,8.57,-0.600,0
2.784,-10.93,8.57,-0.600,0
2.784,-10.93,8.57,-0.600,0
2.784,-10.93,8.60,-0.600,0
2.785,-10.93,8.60,-0.600,0
2.785,-10.93,8.60,-0.600,0
2.785,-10.93,8.60,-0.600,0
2.785,-10.93,8.64,-0.600,0
2.786,-10.93,8.64,-0.600,0
2.786,-10.93,8.64,-0.600,0
2.786,-10.93,8.64,-0.600,0
2.786,-10.93,8.64,-0.600,0
2.787,-10.93,8.67,-0.600,0
2.787,-10.93,8.67,-0.600,0
2.787,-10.93,8.67,-0.600,0
2.787,-10.93,8.67,-0.600,0
2.787,-10.93,8.70,-0.600,0
2.788,-10.93,8.70,-0.600,0
2.788,-10.93,8.70,-0.600,0
2.788,-10.93,8.70,-0.600,0
2.788,-10.93,8.73,-0.600,0
2.789,-10.93,8.73,-0.600,0
2.789,-10.93,8.73,-0.600,0
2.789,-10.93,8.73,-0.600,0
2.789,-10.93,8.73,-0.600,0
2.790,-10.93,8.77,-0.600,0
2.790,-10.93,8.77,-0.600,0
2.791,-10.93,8.80,-0.600,0
2.791,-10.93,8.80,-0.600,0
2.791,-10.93,8.80,-0.600,0
2.792,-10.93,8.83,-0.600,0
2.792,-10.93,8.83,-0.600,0
2.792,-10.93,8.83,-0.600,0
2.792,-10.93,8.83,-0.600,0
2.793,-10.93,8.86,-0.600,0
2.793,-10.93,8.86,-0.600,0
2.793,-10.93,8.86,-0.600,0
2.793,-10.93,8.90,-0.600,0
2.794,-10.93,8.90,-0.600,0
2.794,-10.93,8.90,-0.600,0
2.794,-10.93,8.90,-0.600,0
2.795,-10.93,8.93,-0.600,0
2.795,-10.93,8.93,-0.600,0
2.795,-10.93,8.93,-0.600,0
2.795,-10.93,8.96,-0.600,0
2.796,-10.93,8.96,-0.600,0
2.796,-10.93,8.96,-0.600,0
2.796,-10.93,8.96,-0.600,0
2.797,-10.93,8.99,-0.600,0
2.797,-10.93,8.99,-0.600,0
2.797,-10.93,8.99,-0.600,0
2.798,-10.93,9.03,-0.600,0
2.798,-10.93,9.03,-0.600,0
2.798,-10.93,9.03,-0.600,0
2.798,-10.93,9.06,-0.600,0
2.799,-10.93,9.06,-0.600,0
2.799,-10.93,9.06,-0.600,0
2.799,-10.93,9.06,-0.600,0
2.799,-10.93,9.06,-0.600,0
2.800,-10.93,9.09,-0.600,0
2.800,-10.93,9.09,-0.600,0
2.800,-10.93,9.09,-0.600,0
2.800,-10.93,9.09,-0.600,0
2.800,-10.93,9.12,-0.600,0
2.801,-10.93,9.12,-0.600,0
2.801,-10.93,9.12,-0.600,0
2.801,-10.93,9.12,-0.600,0
2.801,-10.93,9.16,-0.600,0
2.802,-10.93,9.16,-0.600,0
2.802,-10.93,9.16,-0.600,0
2.802,-10.93,9.16,-0.600,0
2.802,-10.93,9.16,-0.600,0
2.803,-10.93,9.19,-0.600,0
2.803,-10.93,9.19,-0.600,0
2.803,-10.93,9.19,-0.600,0
2.803,-10.93,9.22,-0.600,0
2.804,-10.93,9.22,-0.600,0
2.804,-10.93,9.22,-0.600,0
2.804,-10.93,9.22,-0.600,0
2.804,-10.93,9.25,-0.600,0
2.805,-10.93,9.25,-0.600,0
2.805,-10.93,9.25,-0.600,0
2.805,-10.93,9.25,-0.600,0
2.805,-10.93,9.25,-0.600,0
2.806,-10.93,9.29,-0.600,0
2.806,-10.93,9.29,-0.600,0
2.806,-10.93,9.29,-0.600,0
2.806,-10.93,9.29,-0.600,0
2.806,-10.93,9.32,-0.600,0
2.807,-10.93,9.32,-0.600,0
2.807,-10.93,9.32,-0.600,0
2.807,-10.93,9.32,-0.600,0
2.807,-10.93,9.35,-0.600,0
2.808,-10.93,9.35,-0.600,0
2.808,-10.93,9.35,-0.600,0
2.808,-10.93,9.35,-0.600,0
2.808,-10.93,9.38,-0.600,0
2.809,-10.93,9.38,-0.600,0
2.809,-10.93,9.38,-0.600,0
2.809,-10.93,9.38,-0.600,0
2.810,-10.93,9.42,-0.600,0
2.810,-10.93,9.42,-0.600,0
2.810,-10.93,9.42,-0.600,0
2.810,-10.93,9.42,-0.600,0
2.811,-10.93,9.45,-0.600,0
2.811,-10.93,9.45,-0.600,0
2.811,-10.93,9.45,-0.600,0
2.811,-10.93,9.48,-0.600,0
2.812,-10.93,9.48,-0.600,0
2.812,-10.93,9.48,-0.600,0
2.812,-10.93,9.48,-0.600,0
2.812,-10.93,9.51,-0.600,0
2.813,-10.93,9.51,-0.600,0
2.813,-10.93,9.51,-0.600,0
2.813,-10.93,9.51,-0.600,0
2.813,-10.93,9.51,-0.600,0
2.814,-10.93,9.55,-0.600,0
2.814,-10.93,9.55,-0.600,0
2.814,-10.93,9.55,-0.600,0
2.814,-10.93,9.55,-0.600,0
2.815,-10.93,9.58,-0.600,0
2.815,-10.93,9.58,-0.600,0
2.815,-10.93,9.58,-0.600,0
2.815,-10.93,9.58,-0.600,0
2.816,-10.93,9.61,-0.600,0
2.816,-10.93,9.61,-0.600,0
2.816,-10.93,9.61,-0.600,0
2.816,-10.93,9.61,-0.600,0
2.817,-10.93,9.64,-0.600,0
2.817,-10.93,9.64,-0.600,0
2.817,-10.93,9.64,-0.600,0
2.817,-10.93,9.68,-0.600,0
2.818,-10.93,9.68,-0.600,0
2.818,-10.93,9.68,-0.600,0
2.818,-10.93,9.68,-0.600,0
2.818,-10.93,9.71,-0.600,0
2.819,-10.93,9.71,-0.600,0
2.819,-10.93,9.71,-0.600,0
2.819,-10.93,9.71,-0.600,0
2.819,-10.93,9.74,-0.600,0
2.820,-10.93,9.74,-0.600,0
2.820,-10.93,9.74,-0.600,0
2.820,-10.93,9.74,-0.600,0
2.820,-10.93,9.77,-0.600,0
2.821,-10.93,9.77,-0.600,0
2.821,-10.93,9.77,-0.600,0
2.821,-10.93,9.77,-0.600,0
2.821,-10.93,9.81,-0.600,0
2.822,-10.93,9.81,-0.600,0
2.822,-10.93,9.81,-0.600,0
2.822,-10.93,9.81,-0.600,0
2.822,-10.93,9.84,-0.600,0
2.823,-10.93,9.84,-0.600,0
2.823,-10.93,9.84,-0.600,0
2.823,-10.93,9.84,-0.600,0
2.824,-10.93,9.87,-0.600,0
2.824,-10.93,9.87,-0.600,0
2.824,-10.93,9.87,-0.600,0
2.824,-10.93,9.87,-0.600,0
2.825,-10.93,9.90,-0.600,0
2.825,-10.93,9.90,-0.600,0
2.825,-10.93,9.90,-0.600,0
2.825,-10.93,9.94,-0.600,0
2.826,-10.93,9.94,-0.600,0
2.826,-10.93,9.94,-0.600,0
2.826,-10.93,9.94,-0.600,0
2.826,-10.93,9.97,-0.600,0
2.827,-10.93,9.97,-0.600,0
2.827,-10.93,9.97,-0.600,0
2.827,-10.93,9.97,-0.600,0
2.827,-10.93,10.00,-0.600,0
2.828,-10.93,10.00,-0.600,0
2.828,-10.93,10.00,-0.600,0
2.828,-10.93,10.00,-0.600,0
2.828,-10.93,10.00,-0.600,0
2.829,-10.93,10.03,-0.600,0
2.829,-10.93,10.03,-0.600,0
2.829,-10.93,10.03,-0.600,0
2.829,-10.93,10.07,-0.600,0
2.830,-10.93,10.07,-0.600,0
2.830,-10.93,10.07,-0.600,0
2.830,-10.93,10.10,-0.600,0
2.831,-10.93,10.10,-0.600,0
2.831,-10.93,10.10,-0.600,0
2.831,-10.93,10.10,-0.600,0
2.831,-10.93,10.13,-0.600,0
2.832,-10.93,10.13,-0.600,0
2.832,-10.93,10.13,-0.600,0
2.832,-10.93,10.13,-0.600,0
2.832,-10.93,10.16,-0.600,0
2.833,-10.93,10.16,-0.600,0
2.833,-10.93,10.16,-0.600,0
2.833,-10.93,10.16,-0.600,0
2.833,-10.93,10.20,-0.600,0
2.834,-10.93,10.20,-0.600,0
2.834,-10.93,10.20,-0.600,0
2.834,-10.93,10.20,-0.600,0
2.834,-10.93,10.23,-0.600,0
2.835,-10.93,10.23,-0.600,0
2.835,-10.93,10.23,-0.600,0
2.835,-10.93,10.23,-0.600,0
2.836,-10.93,10.26,-0.600,0
2.836,-10.93,10.26,-0.600,0
2.836,-10.93,10.26,-0.600,0
2.836,-10.93,10.26,-0.600,0
2.837,-10.93,10.29,-0.600,0
2.837,-10.93,10.29,-0.600,0
2.837,-10.93,10.29,-0.600,0
2.837,-10.93,10.29,-0.600,0
2.838,-10.93,10.33,-0.600,0
2.838,-10.93,10.33,-0.600,0
2.838,-10.93,10.33,-0.600,0
2.838,-10.93,10.36,-0.600,0
2.839,-10.93,10.36,-0.600,0
2.839,-10.93,10.36,-0.600,0
2.839,-10.93,10.36,-0.600,0
2.839,-10.93,10.39,-0.600,0
2.840,-10.93,10.39,-0.600,0
2.840,-10.93,10.39,-0.600,0
2.840,-10.93,10.39,-0.600,0
2.840,-10.93,10.42,-0.600,0
2.841,-10.93,10.42,-0.600,0
2.841,-10.93,10.42,-0.600,0
2.841,-10.93,10.42,-0.600,0
2.841,-10.93,10.46,-0.600,0
2.842,-10.93,10.46,-0.600,0
2.842,-10.93,10.46,-0.600,0
2.842,-10.93,10.46,-0.600,0
2.843,-10.93,10.49,-0.600,0
2.843,-10.93,10.49,-0.600,0
2.844,-10.93,10.52,-0.600,0
2.844,-10.93,10.52,-0.600,0
2.844,-10.93,10.55,-0.600,0
2.845,-10.93,10.55,-0.600,0
2.845,-10.93,10.55,-0.600,0
2.845,-10.93,10.55,-0.600,0
2.846,-10.93,10.59,-0.600,0
2.846,-10.93,10.59,-0.600,0
2.846,-10.93,10.59,-0.600,0
2.847,-10.93,10.62,-0.600,0
2.847,-10.93,10.62,-0.600,0
2.847,-10.93,10.62,-0.600,0
2.847,-10.93,10.65,-0.600,0
2.848,-10.93,10.65,-0.600,0
2.848,-10.93,10.65,-0.600,0
2.848,-10.93,10.65,-0.600,0
2.848,-10.93,10.68,-0.600,0
2.849,-10.93,10.68,-0.600,0
2.849,-10.93,10.68,-0.600,0
2.849,-10.93,10.68,-0.600,0
2.850,-10.93,10.72,-0.600,0
2.850,-10.93,10.72,-0.600,0
2.850,-10.93,10.72,-0.600,0
2.850,-10.93,10.72,-0.600,0
2.851,-10.93,10.75,-0.600,0
2.851,-10.93,10.75,-0.600,0
2.851,-10.93,10.75,-0.600,0
2.852,-10.93,10.78,-0.600,0
2.852,-10.93,10.78,-0.600,0
2.852,-10.93,10.78,-0.600,0
2.852,-10.93,10.81,-0.600,0
2.853,-10.93,10.81,-0.600,0
2.853,-10.93,10.81,-0.600,0
2.853,-10.93,10.81,-0.600,0
2.853,-10.93,10.85,-0.600,0
2.854,-10.93,10.85,-0.600,0
2.854,-10.93,10.85,-0.600,0
2.854,-10.93,10.85,-0.600,0
2.854,-10.93,10.85,-0.600,0
2.855,-10.93,10.88,-0.600,0
2.855,-10.93,10.88,-0.600,0
2.855,-10.93,10.88,-0.600,0
2.855,-10.93,10.91,-0.600,0
2.856,-10.93,10.91,-0.600,0
2.856,-10.93,10.91,-0.600,0
2.856,-10.93,10.91,-0.600,0
2.856,-10.93,10.94,-0.600,0
2.857,-10.93,10.94,-0.600,0
2.857,-10.93,10.94,-0.600,0
2.857,-10.93,10.94,-0.600,0
2.857,-10.93,10.98,-0.600,0
2.858,-10.93,10.98,-0.600,0
2.858,-10.93,10.98,-0.600,0
2.858,-10.93,10.98,-0.600,0
2.859,-10.93,11.01,-0.600,0
2.859,-10.93,11.01,-0.600,0
2.859,-10.93,11.01,-0.600,0
2.860,-10.93,11.04,-0.600,0
2.860,-10.93,11.04,-0.600,0
2.860,-10.93,11.04,-0.600,0
2.860,-10.93,11.07,-0.600,0
2.861,-10.93,11.07,-0.600,0
2.861,-10.93,11.07,-0.600,0
2.861,-10.93,11.07,-0.600,0
2.862,-10.93,11.11,-0.600,0
2.862,-10.93,11.11,-0.600,0
2.862,-10.93,11.11,-0.600,0
2.862,-10.93,11.11,-0.600,0
2.863,-10.93,11.14,-0.600,0
2.863,-10.93,11.14,-0.600,0
2.863,-10.93,11.14,-0.600,0
2.863,-10.93,11.14,-0.600,0
2.864,-10.93,11.17,-0.600,0
2.864,-10.93,11.17,-0.600,0
2.864,-10.93,11.17,-0.600,0
2.864,-10.93,11.20,-0.600,0
2.865,-10.93,11.20,-0.600,0
2.865,-10.93,11.20,-0.600,0
2.865,-10.93,11.20,-0.600,0
2.866,-10.93,11.24,-0.600,0
2.866,-10.93,11.24,-0.600,0
2.866,-10.93,11.24,-0.600,0
2.866,-10.93,11.27,-0.600,0
2.867,-10.93,11.27,-0.600,0
2.867,-10.93,11.27,-0.600,0
2.867,-10.93,11.27,-0.600,0
2.867,-10.93,11.30,-0.600,0
2.868,-10.93,11.30,-0.600,0
2.868,-10.93,11.30,-0.600,0
2.868,-10.93,11.30,-0.600,0
2.869,-10.93,11.33,-0.600,0
2.869,-10.93,11.33,-0.600,0
2.869,-10.93,11.33,-0.600,0
2.869,-10.93,11.33,-0.600,0
2.870,-10.93,11.37,-0.600,0
2.870,-10.93,11.37,-0.600,0
2.870,-10.93,11.37,-0.600,0
2.871,-10.93,11.40,-0.600,0
2.871,-10.93,11.40,-0.600,0
2.872,-10.93,11.43,-0.600,0
2.872,-10.93,11.43,-0.600,0
2.872,-10.93,11.46,-0.600,0
2.873,-10.93,11.46,-0.600,0
2.873,-10.93,11.46,-0.600,0
2.873,-10.93,11.46,-0.600,0
2.874,-10.93,11.50,-0.600,0
2.874,-10.93,11.50,-0.600,0
2.874,-10.93,11.50,-0.600,0
2.874,-10.93,11.50,-0.600,0
2.875,-10.93,11.53,-0.600,0
2.875,-10.93,11.53,-0.600,0
2.875,-10.93,11.53,-0.600,0
2.875,-10.93,11.53,-0.600,0
2.875,-10.93,11.56,-0.600,0
2.876,-10.93,11.56,-0.600,0
2.876,-10.93,11.56,-0.600,0
2.876,-10.93,11.56,-0.600,0
2.876,-10.93,11.59,-0.600,0
2.877,-10.93,11.59,-0.600,0
2.877,-10.93,11.59,-0.600,0
2.877,-10.93,11.59,-0.600,0
2.877,-10.93,11.59,-0.600,0
2.878,-10.93,11.63,-0.600,0
2.878,-10.93,11.63,-0.600,0
2.878,-10.93,11.63,-0.600,0
2.878,-10.93,11.63,-0.600,0
2.879,-10.93,11.66,-0.600,0
2.879,-10.93,11.66,-0.600,0
2.879,-10.93,11.66,-0.600,0
2.880,-10.93,11.69,-0.600,0
2.880,-10.93,11.69,-0.600,0
2.880,-10.93,11.69,-0.600,0
2.880,-10.93,11.69,-0.600,0
2.880,-10.93,11.72,-0.600,0
2.881,-10.93,11.72,-0.600,0
2.881,-10.93,11.72,-0.600,0
2.881,-10.93,11.72,-0.600,0
2.881,-10.93,11.76,-0.600,0
2.882,-10.93,11.76,-0.600,0
2.882,-10.93,11.76,-0.600,0
2.882,-10.93,11.76,-0.600,0
2.882,-10.93,11.76,-0.600,0
2.882,-10.93,11.79,-0.600,0
2.883,-10.93,11.79,-0.600,0
2.883,-10.93,11.79,-0.600,0
2.883,-10.93,11.79,-0.600,0
2.883,-10.93,11.82,-0.600,0
2.884,-10.93,11.82,-0.600,0
2.884,-10.93,11.82,-0.600,0
2.884,-10.93,11.82,-0.600,0
2.884,-10.93,11.85,-0.600,0
2.885,-10.93,11.85,-0.600,0
2.885,-10.93,11.85,-0.600,0
2.885,-10.93,11.85,-0.600,0
2.885,-10.93,11.85,-0.600,0
2.886,-10.93,11.89,-0.600,0
2.886,-10.93,11.89,-0.600,0
2.886,-10.93,11.89,-0.600,0
2.887,-10.93,11.92,-0.600,0
2.887,-10.93,11.92,-0.600,0
2.887,-10.93,11.92,-0.600,0
2.888,-10.93,11.95,-0.600,0
2.888,-10.93,11.95,-0.600,0
2.888,-10.93,11.95,-0.600,0
2.888,-10.93,11.95,-0.600,0
2.889,-10.93,11.98,-0.600,0
2.889,-10.93,11.98,-0.600,0
2.889,-10.93,11.98,-0.600,0
2.889,-10.93,11.98,-0.600,0
2.889,-10.93,12.02,-0.600,0
2.890,-10.93,12.02,-0.600,0
2.890,-10.93,12.02,-0.600,0
2.890,-10.93,12.02,-0.600,0
2.890,-10.93,12.02,-0.600,0
2.891,-10.93,12.05,-0.600,0
2.891,-10.93,12.05,-0.600,0
2.891,-10.93,12.05,-0.600,0
2.891,-10.93,12.08,-0.600,0
2.892,-10.93,12.08,-0.600,0
2.892,-10.93,12.08,-0.600,0
2.892,-10.93,12.08,-0.600,0
2.893,-10.93,12.08,-0.600,0
2.893,-10.93,12.11,-0.600,0
2.893,-10.93,12.11,-0.600,0
2.894,-10.93,12.15,-0.600,0
2.894,-10.93,12.15,-0.600,0
2.894,-10.93,12.15,-0.600,0
2.894,-10.93,12.15,-0.600,0
2.895,-10.93,12.18,-0.600,0
2.895,-10.93,12.18,-0.600,0
2.895,-10.93,12.18,-0.600,0
2.895,-10.93,12.21,-0.600,0
2.896,-10.93,12.21,-0.600,0
2.896,-10.93,12.21,-0.600,0
2.896,-10.93,12.21,-0.600,0
2.896,-10.93,12.24,-0.600,0
2.897,-10.93,12.24,-0.600,0
2.897,-10.93,12.24,-0.600,0
2.897,-10.93,12.24,-0.600,0
2.898,-10.93,12.28,-0.600,0
2.898,-10.93,12.28,-0.600,0
2.898,-10.93,12.28,-0.600,0
2.898,-10.93,12.31,-0.600,0
2.899,-10.93,12.31,-0.600,0
2.899,-10.93,12.31,-0.600,0
2.899,-10.93,12.34,-0.600,0
2.900,-10.93,12.34,-0.600,0
2.900,-10.93,12.34,-0.600,0
2.900,-10.93,12.34,-0.600,0
2.901,-10.93,12.37,-0.600,0
2.901,-10.93,12.37,-0.600,0
2.901,-10.93,12.37,-0.600,0
2.901,-10.93,12.41,-0.600,0
2.902,-10.93,12.41,-0.600,0
2.902,-10.93,12.41,-0.600,0
2.902,-10.93,12.41,-0.600,0
2.902,-10.93,12.44,-0.600,0
2.903,-10.93,12.44,-0.600,0
2.903,-10.93,12.44,-0.600,0
2.903,-10.93,12.44,-0.600,0
2.903,-10.93,12.47,-0.600,0
2.904,-10.93,12.47,-0.600,0
2.904,-10.93,12.47,-0.600,0
2.904,-10.93,12.47,-0.600,0
2.904,-10.93,12.47,-0.600,0
2.905,-10.93,12.50,-0.600,0
2.905,-10.93,12.50,-0.600,0
2.905,-10.93,12.50,-0.600,0
2.905,-10.93,12.50,-0.600,0
2.906,-10.93,12.54,-0.600,0
2.906,-10.93,12.54,-0.600,0
2.906,-10.93,12.54,-0.600,0
2.906,-10.93,12.54,-0.600,0
2.907,-10.93,12.57,-0.600,0
2.907,-10.93,12.57,-0.600,0
2.907,-10.93,12.57,-0.600,0
2.908,-10.93,12.60,-0.600,0
2.908,-10.93,12.60,-0.600,0
2.908,-10.93,12.60,-0.600,0
2.909,-10.93,12.63,-0.600,0
2.909,-10.93,12.63,-0.600,0
2.909,-10.93,12.63,-0.600,0
2.909,-10.93,12.63,-0.600,0
2.910,-10.93,12.66,-0.600,0
2.910,-10.93,12.66,-0.600,0
2.910,-10.93,12.66,-0.600,0
2.910,-10.93,12.66,-0.600,0
2.910,-10.93,12.70,-0.600,0
2.911,-10.93,12.70,-0.600,0
2.911,-10.93,12.70,-0.600,0
2.911,-10.93,12.70,-0.600,0
2.911,-10.93,12.73,-0.600,0
2.912,-10.93,12.73,-0.600,0
2.912,-10.93,12.73,-0.600,0
2.912,-10.93,12.73,-0.600,0
2.912,-10.93,12.73,-0.600,0
2.913,-10.93,12.76,-0.600,0
2.913,-10.93,12.76,-0.600,0
2.913,-10.93,12.76,-0.600,0
2.913,-10.93,12.76,-0.600,0
2.914,-10.93,12.80,-0.600,0
2.914,-10.93,12.80,-0.600,0
2.914,-10.93,12.80,-0.600,0
2.915,-10.93,12.83,-0.600,0
2.915,-10.93,12.83,-0.600,0
2.915,-10.93,12.83,-0.600,0
2.915,-10.93,12.86,-0.600,0
2.916,-10.93,12.86,-0.600,0
2.916,-10.93,12.86,-0.600,0
2.916,-10.93,12.86,-0.600,0
2.916,-10.93,12.86,-0.600,0
2.917,-10.93,12.89,-0.600,0
2.917,-10.93,12.89,-0.600,0
2.917,-10.93,12.89,-0.600,0
2.917,-10.93,12.92,-0.600,0
2.918,-10.93,12.92,-0.600,0
2.918,-10.93,12.92,-0.600,0
2.918,-10.93,12.92,-0.600,0
2.918,-10.93,12.96,-0.600,0
2.919,-10.93,12.96,-0.600,0
2.919,-10.93,12.96,-0.600,0
2.919,-10.93,12.96,-0.600,0
2.919,-10.93,12.99,-0.600,0
2.920,-10.93,12.99,-0.600,0
2.920,-10.93,12.99,-0.600,0
2.920,-10.93,12.99,-0.600,0
2.920,-10.93,12.99,-0.600,0
2.921,-10.93,13.02,-0.600,0
2.921,-10.93,13.02,-0.600,0
2.921,-10.93,13.02,-0.600,0
2.921,-10.93,13.05,-0.600,0
2.922,-10.93,13.05,-0.600,0
2.922,-10.93,13.05,-0.600,0
2.922,-10.93,13.05,-0.600,0
2.923,-10.93,13.09,-0.600,0
2.923,-10.93,13.09,-0.600,0
2.923,-10.93,13.09,-0.600,0
2.923,-10.93,13.09,-0.600,0
2.924,-10.93,13.12,-0.600,0
2.924,-10.93,13.12,-0.600,0
2.924,-10.93,13.12,-0.600,0
2.924,-10.93,13.15,-0.600,0
2.925,-10.93,13.15,-0.600,0
2.925,-10.93,13.15,-0.600,0
2.925,-10.93,13.15,-0.600,0
2.925,-10.93,13.18,-0.600,0
2.926,-10.93,13.18,-0.600,0
2.926,-10.93,13.18,-0.600,0
2.926,-10.93,13.18,-0.600,0
2.926,-10.93,13.22,-0.600,0
2.927,-10.93,13.22,-0.600,0
2.927,-10.93,13.22,-0.600,0
2.927,-10.93,13.22,-0.600,0
2.928,-10.93,13.25,-0.600,0
2.928,-10.93,13.25,-0.600,0
2.928,-10.93,13.25,-0.600,0
2.929,-10.93,13.28,-0.600,0
2.929,-10.93,13.28,-0.600,0
2.929,-10.93,13.31,-0.600,0
2.930,-10.93,13.31,-0.600,0
2.930,-10.93,13.31,-0.600,0
2.930,-10.93,13.31,-0.600,0
2.931,-10.93,13.35,-0.600,0
2.931,-10.93,13.35,-0.600,0
2.931,-10.93,13.35,-0.600,0
2.931,-10.93,13.35,-0.600,0
2.932,-10.93,13.38,-0.600,0
2.932,-10.93,13.38,-0.600,0
2.932,-10.93,13.38,-0.600,0
2.932,-10.93,13.38,-0.600,0
2.932,-10.93,13.41,-0.600,0
2.933,-10.93,13.41,-0.600,0
2.933,-10.93,13.41,-0.600,0
2.933,-10.93,13.41,-0.600,0
2.934,-10.93,13.44,-0.600,0
2.934,-10.93,13.44,-0.600,0
2.934,-10.93,13.44,-0.600,0
2.934,-10.93,13.44,-0.600,0
2.935,-10.93,13.48,-0.600,0
2.935,-10.93,13.48,-0.600,0
2.935,-10.93,13.48,-0.600,0
2.935,-10.93,13.48,-0.600,0
2.936,-10.93,13.51,-0.600,0
2.936,-10.93,13.51,-0.600,0
2.936,-10.93,13.51,-0.600,0
2.937,-10.93,13.54,-0.600,0
2.937,-10.93,13.54,-0.600,0
2.937,-10.93,13.54,-0.600,0
2.937,-10.93,13.54,-0.600,0
2.938,-10.93,13.57,-0.600,0
2.938,-10.93,13.57,-0.600,0
2.938,-10.93,13.57,-0.600,0
2.938,-10.93,13.57,-0.600,0
2.939,-10.93,13.61,-0.600,0
2.939,-10.93,13.61,-0.600,0
2.939,-10.93,13.61,-0.600,0
2.939,-10.93,13.61,-0.600,0
2.940,-10.93,13.64,-0.600,0
2.940,-10.93,13.64,-0.600,0
2.940,-10.93,13.64,-0.600,0
2.940,-10.93,13.64,-0.600,0
2.941,-10.93,13.67,-0.600,0
2.941,-10.93,13.67,-0.600,0
2.941,-10.93,13.67,-0.600,0
2.941,-10.93,13.67,-0.600,0
2.942,-10.93,13.70,-0.600,0
2.942,-10.93,13.70,-0.600,0
2.942,-10.93,13.70,-0.600,0
2.943,-10.93,13.74,-0.600,0
2.943,-10.93,13.74,-0.600,0
2.943,-10.93,13.74,-0.600,0
2.943,-10.93,13.77,-0.600,0
2.944,-10.93,13.77,-0.600,0
2.944,-10.93,13.77,-0.600,0
2.944,-10.93,13.77,-0.600,0
2.945,-10.93,13.80,-0.600,0
2.945,-10.93,13.80,-0.600,0
2.945,-10.93,13.80,-0.600,0
2.945,-10.93,13.80,-0.600,0
2.946,-10.93,13.83,-0.600,0
2.946,-10.93,13.83,-0.600,0
2.946,-10.93,13.83,-0.600,0
2.946,-10.93,13.83,-0.600,0
2.947,-10.93,13.87,-0.600,0
2.947,-10.93,13.87,-0.600,0
2.947,-10.93,13.87,-0.600,0
2.947,-10.93,13.90,-0.600,0
2.948,-10.93,13.90,-0.600,0
2.948,-10.93,13.90,-0.600,0
2.948,-10.93,13.90,-0.600,0
2.949,-10.93,13.93,-0.600,0
2.949,-10.93,13.93,-0.600,0
2.949,-10.93,13.93,-0.600,0
2.950,-10.93,13.96,-0.600,0
2.950,-10.93,13.96,-0.600,0
2.950,-10.93,13.96,-0.600,0
2.950,-10.93,14.00,-0.600,0
2.951,-10.93,14.00,-0.600,0
2.951,-10.93,14.00,-0.600,0
2.951,-10.93,14.00,-0.600,0
2.951,-10.93,14.03,-0.600,0
2.952,-10.93,14.03,-0.600,0
2.952,-10.93,14.03,-0.600,0
2.952,-10.93,14.03,-0.600,0
2.952,-10.93,14.06,-0.600,0
2.953,-10.93,14.06,-0.600,0
2.953,-10.93,14.06,-0.600,0
2.953,-10.93,14.06,-0.600,0
2.953,-10.93,14.09,-0.600,0
2.954,-10.93,14.09,-0.600,0
2.954,-10.93,14.09,-0.600,0
2.954,-10.93,14.09,-0.600,0
2.954,-10.93,14.13,-0.600,0
2.955,-10.93,14.13,-0.600,0
2.955,-10.93,14.13,-0.600,0
2.955,-10.93,14.16,-0.600,0
2.956,-10.93,14.16,-0.600,0
2.956,-10.93,14.16,-0.600,0
2.956,-10.93,14.16,-0.600,0
2.957,-10.93,14.19,-0.600,0
2.957,-10.93,14.19,-0.600,0
2.957,-10.93,14.19,-0.600,0
2.957,-10.93,14.19,-0.600,0
2.958,-10.93,14.22,-0.600,0
2.958,-10.93,14.22,-0.600,0
2.958,-10.93,14.22,-0.600,0
2.958,-10.93,14.22,-0.600,0
2.959,-10.93,14.26,-0.600,0
2.959,-10.93,14.26,-0.600,0
2.959,-10.93,14.26,-0.600,0
2.959,-10.93,14.26,-0.600,0
2.960,-10.93,14.29,-0.600,0
2.960,-10.93,14.29,-0.600,0
2.960,-10.93,14.29,-0.600,0
2.960,-10.93,14.29,-0.600,0
2.961,-10.93,14.32,-0.600,0
2.961,-10.93,14.32,-0.600,0
2.961,-10.93,14.32,-0.600,0
2.962,-10.93,14.35,-0.600,0
2.962,-10.93,14.35,-0.600,0
2.962,-10.93,14.35,-0.600,0
2.962,-10.93,14.35,-0.600,0
2.963,-10.93,14.39,-0.600,0
2.963,-10.93,14.39,-0.600,0
2.963,-10.93,14.39,-0.600,0
2.964,-10.93,14.42,-0.600,0
2.964,-10.93,14.42,-0.600,0
2.964,-10.93,14.42,-0.600,0
2.965,-10.93,14.45,-0.600,0
2.965,-10.93,14.45,-0.600,0
2.965,-10.93,14.45,-0.600,0
2.965,-10.93,14.45,-0.600,0
2.966,-10.93,14.48,-0.600,0
2.966,-10.93,14.48,-0.600,0
2.966,-10.93,14.48,-0.600,0
2.966,-10.93,14.48,-0.600,0
2.966,-10.93,14.52,-0.600,0
2.967,-10.93,14.52,-0.600,0
2.967,-10.93,14.52,-0.600,0
2.967,-10.93,14.52,-0.600,0
2.968,-10.93,14.55,-0.600,0
2.968,-10.93,14.55,-0.600,0
2.968,-10.93,14.55,-0.600,0
2.968,-10.93,14.55,-0.600,0
2.969,-10.93,14.58,-0.600,0
2.969,-10.93,14.58,-0.600,0
2.969,-10.93,14.58,-0.600,0
2.970,-10.93,14.61,-0.600,0
2.970,-10.93,14.61,-0.600,0
2.971,-10.93,14.65,-0.600,0
2.971,-10.93,14.65,-0.600,0
2.971,-10.93,14.65,-0.600,0
2.972,-10.93,14.68,-0.600,0
2.972,-10.93,14.68,-0.600,0
2.972,-10.93,14.68,-0.600,0
2.972,-10.93,14.68,-0.600,0
2.973,-10.93,14.71,-0.600,0
2.973,-10.93,14.71,-0.600,0
2.973,-10.93,14.71,-0.600,0
2.973,-10.93,14.71,-0.600,0
2.974,-10.93,14.74,-0.600,0
2.974,-10.93,14.74,-0.600,0
2.974,-10.93,14.74,-0.600,0
2.974,-10.93,14.78,-0.600,0
2.975,-10.93,14.78,-0.600,0
2.975,-10.93,14.78,-0.600,0
2.975,-10.93,14.78,-0.600,0
2.976,-10.93,14.81,-0.600,0
2.976,-10.93,14.81,-0.600,0
2.976,-10.93,14.81,-0.600,0
2.977,-10.93,14.84,-0.600,0
2.977,-10.93,14.84,-0.600,0
2.978,-10.93,14.87,-0.600,0
2.978,-10.93,14.87,-0.600,0
2.978,-10.93,14.87,-0.600,0
2.979,-10.93,14.90,-0.600,0
2.979,-10.93,14.90,-0.600,0
2.979,-10.93,14.90,-0.600,0
2.979,-10.93,14.94,-0.600,0
2.980,-10.93,14.94,-0.600,0
2.980,-10.93,14.94,-0.600,0
2.980,-10.93,14.94,-0.600,0
2.981,-10.93,14.97,-0.600,0
2.981,-10.93,14.97,-0.600,0
2.981,-10.93,14.97,-0.600,0
2.981,-10.93,15.00,-0.600,0
2.982,-10.93,15.00,-0.600,0
2.982,-10.93,15.00,-0.600,0
2.982,-10.93,15.00,-0.600,0
2.982,-10.93,15.03,-0.600,0
2.983,-10.93,15.03,-0.600,0
2.983,-10.93,15.03,-0.600,0
2.983,-10.93,15.03,-0.600,0
2.984,-10.93,15.07,-0.600,0
2.984,-10.93,15.07,-0.600,0
2.984,-10.93,15.07,-0.600,0
2.984,-10.93,15.10,-0.600,0
2.985,-10.93,15.10,-0.600,0
2.985,-10.93,15.10,-0.600,0
2.985,-10.93,15.10,-0.600,0
2.985,-10.93,15.13,-0.600,0
2.986,-10.93,15.13,-0.600,0
2.986,-10.93,15.13,-0.600,0
2.986,-10.93,15.13,-0.600,0
2.986,-10.93,15.13,-0.600,0
2.987,-10.93,15.16,-0.600,0
2.987,-10.93,15.16,-0.600,0
2.987,-10.93,15.16,-0.600,0
2.987,-10.93,15.20,-0.600,0
2.988,-10.93,15.20,-0.600,0
2.988,-10.93,15.20,-0.600,0
2.988,-10.93,15.20,-0.600,0
2.988,-10.93,15.23,-0.600,0
2.989,-10.93,15.23,-0.600,0
2.989,-10.93,15.23,-0.600,0
2.989,-10.93,15.23,-0.600,0
2.989,-10.93,15.23,-0.600,0
2.989,-10.93,15.26,-0.600,0
2.990,-10.93,15.26,-0.600,0
2.990,-10.93,15.26,-0.600,0
2.990,-10.93,15.29,-0.600,0
2.991,-10.93,15.29,-0.600,0
2.991,-10.93,15.29,-0.600,0
2.991,-10.93,15.29,-0.600,0
2.992,-10.93,15.33,-0.600,0
2.992,-10.93,15.33,-0.600,0
2.992,-10.93,15.33,-0.600,0
2.992,-10.93,15.33,-0.600,0
2.993,-10.93,15.36,-0.600,0
2.993,-10.93,15.36,-0.600,0
2.993,-10.93,15.36,-0.600,0
2.993,-10.93,15.36,-0.600,0
2.994,-10.93,15.39,-0.600,0
2.994,-10.93,15.39,-0.600,0
2.994,-10.93,15.39,-0.600,0
2.994,-10.93,15.39,-0.600,0
2.995,-10.93,15.42,-0.600,0
2.995,-10.93,15.42,-0.600,0
2.995,-10.93,15.42,-0.600,0
2.995,-10.93,15.42,-0.600,0
2.996,-10.93,15.46,-0.600,0
2.996,-10.93,15.46,-0.600,0
2.996,-10.93,15.46,-0.600,0
2.996,-10.93,15.49,-0.600,0
2.997,-10.93,15.49,-0.600,0
2.997,-10.93,15.49,-0.600,0
2.997,-10.93,15.49,-0.600,0
2.998,-10.93,15.52,-0.600,0
2.998,-10.93,15.52,-0.600,0
2.998,-10.93,15.52,-0.600,0
2.999,-10.93,15.55,-0.600,0
2.999,-10.93,15.55,-0.600,0
2.999,-10.93,15.55,-0.600,0
2.999,-10.93,15.59,-0.600,0
3.000,-10.93,15.59,-0.600,0
3.000,-10.93,15.59,-0.600,0
3.000,-10.93,15.59,-0.600,0
3.001,-10.93,15.62,-0.600,0
3.001,-10.93,15.62,-0.600,0
3.001,-10.93,15.62,-0.600,0
3.001,-10.93,15.62,-0.600,0
3.002,-10.93,15.65,-0.600,0
3.002,-10.93,15.65,-0.600,0
3.002,-10.93,15.65,-0.600,0
3.002,-10.93,15.68,-0.600,0
3.003,-10.93,15.68,-0.600,0
3.003,-10.93,15.68,-0.600,0
3.003,-10.93,15.68,-0.600,0
3.003,-10.93,15.68,-0.600,0
3.004,-10.93,15.72,-0.600,0
3.004,-10.93,15.72,-0.600,0
3.004,-10.93,15.72,-0.600,0
3.004,-10.93,15.75,-0.600,0
3.005,-10.93,15.75,-0.600,0
3.005,-10.93,15.75,-0.600,0
3.005,-10.93,15.75,-0.600,0
3.005,-10.93,15.78,-0.600,0
3.006,-10.93,15.78,-0.600,0
3.006,-10.93,15.78,-0.600,0
3.006,-10.93,15.78,-0.600,0
3.007,-10.93,15.81,-0.600,0
3.007,-10.93,15.81,-0.600,0
3.007,-10.93,15.81,-0.600,0
3.007,-10.93,15.81,-0.600,0
3.008,-10.93,15.85,-0.600,0
3.008,-10.93,15.85,-0.600,0
3.008,-10.93,15.85,-0.600,0
3.008,-10.93,15.85,-0.600,0
3.009,-10.93,15.88,-0.600,0
3.009,-10.93,15.88,-0.600,0
3.009,-10.93,15.88,-0.600,0
3.009,-10.93,15.88,-0.600,0
3.010,-10.93,15.91,-0.600,0
3.010,-10.93,15.91,-0.600,0
3.010,-10.93,15.91,-0.600,0
3.011,-10.93,15.94,-0.600,0
3.011,-10.93,15.94,-0.600,0
3.011,-10.93,15.94,-0.600,0
3.012,-10.93,15.98,-0.600,0
3.012,-10.93,15.98,-0.600,0
3.012,-10.93,15.98,-0.600,0
3.012,-10.93,16.01,-0.600,0
3.013,-10.93,16.01,-0.600,0
3.013,-10.93,16.01,-0.600,0
3.013,-10.93,16.01,-0.600,0
3.013,-10.93,16.04,-0.600,0
3.014,-10.93,16.04,-0.600,0
3.014,-10.93,16.04,-0.600,0
3.014,-10.93,16.04,-0.600,0
3.015,-10.93,16.07,-0.600,0
3.015,-10.93,16.07,-0.600,0
3.015,-10.93,16.07,-0.600,0
3.015,-10.93,16.07,-0.600,0
3.016,-10.93,16.11,-0.600,0
3.016,-10.93,16.11,-0.600,0
3.016,-10.93,16.11,-0.600,0
3.016,-10.93,16.11,-0.600,0
3.017,-10.93,16.14,-0.600,0
3.017,-10.93,16.14,-0.600,0
3.017,-10.93,16.14,-0.600,0
3.017,-10.93,16.14,-0.600,0
3.018,-10.93,16.17,-0.600,0
3.018,-10.93,16.17,-0.600,0
3.018,-10.93,16.17,-0.600,0
3.018,-10.93,16.20,-0.600,0
3.019,-10.93,16.20,-0.600,0
3.019,-10.93,16.20,-0.600,0
3.019,-10.93,16.20,-0.600,0
3.019,-10.93,16.24,-0.600,0
3.020,-10.93,16.24,-0.600,0
3.020,-10.93,16.24,-0.600,0
3.020,-10.93,16.24,-0.600,0
3.021,-10.93,16.27,-0.600,0
3.021,-10.93,16.27,-0.600,0
3.021,-10.93,16.27,-0.600,0
3.021,-10.93,16.27,-0.600,0
3.022,-10.93,16.30,-0.600,0
3.022,-10.93,16.30,-0.600,0
3.022,-10.93,16.30,-0.600,0
3.022,-10.93,16.30,-0.600,0
3.023,-10.93,16.33,-0.600,0
3.023,-10.93,16.33,-0.600,0
3.023,-10.93,16.33,-0.600,0
3.023,-10.93,16.33,-0.600,0
3.023,-10.93,16.36,-0.600,0
3.024,-10.93,16.36,-0.600,0
3.024,-10.93,16.36,-0.600,0
3.024,-10.93,16.36,-0.600,0
3.025,-10.93,16.40,-0.600,0
3.025,-10.93,16.40,-0.600,0
3.025,-10.93,16.40,-0.600,0
3.026,-10.93,16.43,-0.600,0
3.026,-10.93,16.43,-0.600,0
3.026,-10.93,16.43,-0.600,0
3.026,-10.93,16.43,-0.600,0
3.027,-10.93,16.46,-0.600,0
3.027,-10.93,16.46,-0.600,0
3.027,-10.93,16.46,-0.600,0
3.027,-10.93,16.46,-0.600,0
3.028,-10.93,16.49,-0.600,0
3.028,-10.93,16.49,-0.600,0
3.028,-10.93,16.49,-0.600,0
3.028,-10.93,16.53,-0.600,0
3.029,-10.93,16.53,-0.600,0
3.029,-10.93,16.53,-0.600,0
3.029,-10.93,16.53,-0.600,0
3.029,-10.93,16.56,-0.600,0
3.030,-10.93,16.56,-0.600,0
3.030,-10.93,16.56,-0.600,0
3.030,-10.93,16.56,-0.600,0
3.031,-10.93,16.59,-0.600,0
3.031,-10.93,16.59,-0.600,0
3.031,-10.93,16.59,-0.600,0
3.031,-10.93,16.59,-0.600,0
3.032,-10.93,16.62,-0.600,0
3.032,-10.93,16.62,-0.600,0
3.032,-10.93,16.62,-0.600,0
3.033,-10.93,16.66,-0.600,0
3.033,-10.93,16.66,-0.600,0
3.033,-10.93,16.66,-0.600,0
3.033,-10.93,16.66,-0.600,0
3.033,-10.93,16.69,-0.600,0
3.034,-10.93,16.69,-0.600,0
3.034,-10.93,16.69,-0.600,0
3.034,-10.93,16.69,-0.600,0
3.034,-10.93,16.72,-0.600,0
3.035,-10.93,16.72,-0.600,0
3.035,-10.93,16.72,-0.600,0
3.035,-10.93,16.72,-0.600,0
3.035,-10.93,16.75,-0.600,0
3.036,-10.93,16.75,-0.600,0
3.036,-10.93,16.75,-0.600,0
3.036,-10.93,16.75,-0.600,0
3.036,-10.93,16.79,-0.600,0
3.037,-10.93,16.79,-0.600,0
3.037,-10.93,16.79,-0.600,0
3.037,-10.93,16.79,-0.600,0
3.037,-10.93,16.82,-0.600,0
3.038,-10.93,16.82,-0.600,0
3.038,-10.93,16.82,-0.600,0
3.038,-10.93,16.82,-0.600,0
3.038,-10.93,16.85,-0.600,0
3.039,-10.93,16.85,-0.600,0
3.039,-10.93,16.85,-0.600,0
3.039,-10.93,16.85,-0.600,0
3.040,-10.93,16.88,-0.600,0
3.040,-10.93,16.88,-0.600,0
3.040,-10.93,16.88,-0.600,0
3.040,-10.93,16.92,-0.600,0
3.041,-10.93,16.92,-0.600,0
3.041,-10.93,16.92,-0.600,0
3.041,-10.93,16.92,-0.600,0
3.041,-10.93,16.95,-0.600,0
3.042,-10.93,16.95,-0.600,0
3.042,-10.93,16.95,-0.600,0
3.042,-10.93,16.95,-0.600,0
3.042,-10.93,16.95,-0.600,0
3.043,-10.93,16.98,-0.600,0
3.043,-10.93,16.98,-0.600,0
3.043,-10.93,16.98,-0.600,0
3.043,-10.93,16.98,-0.600,0
3.044,-10.93,17.01,-0.600,0
3.044,-10.93,17.01,-0.600,0
3.044,-10.93,17.01,-0.600,0
3.044,-10.93,17.01,-0.600,0
3.044,-10.93,17.05,-0.600,0
3.045,-10.93,17.05,-0.600,0
3.045,-10.93,17.05,-0.600,0
3.045,-10.93,17.05,-0.600,0
3.045,-10.93,17.08,-0.600,0
3.046,-10.93,17.08,-0.600,0
3.046,-10.93,17.08,-0.600,0
3.046,-10.93,17.08,-0.600,0
3.046,-10.93,17.11,-0.600,0
3.047,-10.93,17.11,-0.600,0
3.047,-10.93,17.11,-0.600,0
3.047,-10.93,17.11,-0.600,0
3.047,-10.93,17.11,-0.600,0
3.048,-10.93,17.14,-0.600,0
3.048,-10.93,17.14,-0.600,0
3.048,-10.93,17.14,-0.600,0
3.048,-10.93,17.18,-0.600,0
3.049,-10.93,17.18,-0.600,0
3.049,-10.93,17.18,-0.600,0
3.049,-10.93,17.18,-0.600,0
3.049,-10.93,17.18,-0.600,0
3.049,-10.93,17.21,-0.600,0
3.050,-10.93,17.21,-0.600,0
3.050,-10.93,17.21,-0.600,0
3.050,-10.93,17.21,-0.600,0
3.050,-10.93,17.24,-0.600,0
3.051,-10.93,17.24,-0.600,0
3.051,-10.93,17.24,-0.600,0
3.051,-10.93,17.24,-0.600,0
3.051,-10.93,17.27,-0.600,0
3.052,-10.93,17.27,-0.600,0
3.052,-10.93,17.27,-0.600,0
3.052,-10.93,17.27,-0.600,0
3.052,-10.93,17.31,-0.600,0
3.053,-10.93,17.31,-0.600,0
3.053,-10.93,17.31,-0.600,0
3.054,-10.93,17.34,-0.600,0
3.054,-10.93,17.34,-0.600,0
3.054,-10.93,17.34,-0.600,0
3.054,-10.93,17.37,-0.600,0
3.055,-10.93,17.37,-0.600,0
3.055,-10.93,17.37,-0.600,0
3.055,-10.93,17.40,-0.600,0
3.056,-10.93,17.40,-0.600,0
3.056,-10.93,17.40,-0.600,0
3.056,-10.93,17.40,-0.600,0
3.056,-10.93,17.44,-0.600,0
3.057,-10.93,17.44,-0.600,0
3.057,-10.93,17.44,-0.600,0
3.057,-10.93,17.44,-0.600,0
3.057,-10.93,17.47,-0.600,0
3.058,-10.93,17.47,-0.600,0
3.058,-10.93,17.47,-0.600,0
3.058,-10.93,17.47,-0.600,0
3.058,-10.93,17.50,-0.600,0
3.059,-10.93,17.50,-0.600,0
3.059,-10.93,17.50,-0.600,0
3.059,-10.93,17.50,-0.600,0
3.060,-10.93,17.53,-0.600,0
3.060,-10.93,17.53,-0.600,0
3.060,-10.93,17.53,-0.600,0
3.060,-10.93,17.57,-0.600,0
3.061,-10.93,17.57,-0.600,0
3.061,-10.93,17.57,-0.600,0
3.061,-10.93,17.57,-0.600,0
3.062,-10.93,17.60,-0.600,0
3.062,-10.93,17.60,-0.600,0
3.062,-10.93,17.60,-0.600,0
3.062,-10.93,17.63,-0.600,0
3.063,-10.93,17.63,-0.600,0
3.063,-10.93,17.63,-0.600,0
3.063,-10.93,17.63,-0.600,0
3.063,-10.93,17.63,-0.600,0
3.064,-10.93,17.66,-0.600,0
3.064,-10.93,17.66,-0.600,0
3.064,-10.93,17.66,-0.600,0
3.064,-10.93,17.70,-0.600,0
3.065,-10.93,17.70,-0.600,0
3.065,-10.93,17.70,-0.600,0
3.065,-10.93,17.70,-0.600,0
3.065,-10.93,17.73,-0.600,0
3.066,-10.93,17.73,-0.600,0
3.066,-10.93,17.73,-0.600,0
3.066,-10.93,17.73,-0.600,0
3.066,-10.93,17.76,-0.600,0
3.067,-10.93,17.76,-0.600,0
3.067,-10.93,17.76,-0.600,0
3.067,-10.93,17.76,-0.600,0
3.067,-10.93,17.79,-0.600,0
3.068,-10.93,17.79,-0.600,0
3.068,-10.93,17.79,-0.600,0
3.068,-10.93,17.79,-0.600,0
3.068,-10.93,17.83,-0.600,0
3.069,-10.93,17.83,-0.600,0
3.069,-10.93,17.83,-0.600,0
3.069,-10.93,17.83,-0.600,0
3.069,-10.93,17.86,-0.600,0
3.070,-10.93,17.86,-0.600,0
3.070,-10.93,17.86,-0.600,0
3.070,-10.93,17.86,-0.600,0
3.070,-10.93,17.89,-0.600,0
3.071,-10.93,17.89,-0.600,0
3.071,-10.93,17.89,-0.600,0
3.071,-10.93,17.89,-0.600,0
3.071,-10.93,17.92,-0.600,0
3.072,-10.93,17.92,-0.600,0
3.072,-10.93,17.92,-0.600,0
3.072,-10.93,17.92,-0.600,0
3.073,-10.93,17.96,-0.600,0
3.073,-10.93,17.96,-0.600,0
3.073,-10.93,17.96,-0.600,0
3.073,-10.93,17.99,-0.600,0
3.074,-10.93,17.99,-0.600,0
3.074,-10.93,17.99,-0.600,0
3.074,-10.93,17.99,-0.600,0
3.074,-10.93,18.02,-0.600,0
3.075,-10.93,18.02,-0.600,0
3.075,-10.93,18.02,-0.600,0
3.075,-10.93,18.02,-0.600,0
3.075,-10.93,18.05,-0.600,0
3.076,-10.93,18.05,-0.600,0
3.076,-10.93,18.05,-0.600,0
3.076,-10.93,18.05,-0.600,0
3.076,-10.93,18.09,-0.600,0
3.077,-10.93,18.09,-0.600,0
3.077,-10.93,18.09,-0.600,0
3.077,-10.93,18.09,-0.600,0
3.077,-10.93,18.12,-0.600,0
3.078,-10.93,18.12,-0.600,0
3.078,-10.93,18.12,-0.600,0
3.078,-10.93,18.12,-0.600,0
3.078,-10.93,18.15,-0.600,0
3.079,-10.93,18.15,-0.600,0
3.079,-10.93,18.15,-0.600,0
3.079,-10.93,18.15,-0.600,0
3.079,-10.93,18.18,-0.600,0
3.080,-10.93,18.18,-0.600,0
3.080,-10.93,18.18,-0.600,0
3.080,-10.93,18.18,-0.600,0
3.081,-10.93,18.22,-0.600,0
3.081,-10.93,18.22,-0.600,0
3.081,-10.93,18.22,-0.600,0
3.082,-10.93,18.25,-0.600,0
3.082,-10.93,18.25,-0.600,0
3.082,-10.93,18.25,-0.600,0
3.082,-10.93,18.25,-0.600,0
3.083,-10.93,18.28,-0.600,0
3.083,-10.93,18.28,-0.600,0
3.083,-10.93,18.28,-0.600,0
3.083,-10.93,18.28,-0.600,0
3.084,-10.93,18.31,-0.600,0
3.084,-10.93,18.31,-0.600,0
3.084,-10.93,18.31,-0.600,0
3.084,-10.93,18.34,-0.600,0
3.085,-10.93,18.34,-0.600,0
3.085,-10.93,18.34,-0.600,0
3.085,-10.93,18.34,-0.600,0
3.085,-10.93,18.38,-0.600,0
3.086,-10.93,18.38,-0.600,0
3.086,-10.93,18.38,-0.600,0
3.086,-10.93,18.38,-0.600,0
3.086,-10.93,18.41,-0.600,0
3.087,-10.93,18.41,-0.600,0
3.087,-10.93,18.41,-0.600,0
3.087,-10.93,18.41,-0.600,0
3.087,-10.93,18.44,-0.600,0
3.088,-10.93,18.44,-0.600,0
3.088,-10.93,18.44,-0.600,0
3.088,-10.93,18.44,-0.600,0
3.089,-10.93,18.47,-0.600,0
3.089,-10.93,18.47,-0.600,0
3.089,-10.93,18.47,-0.600,0
3.089,-10.93,18.51,-0.600,0
3.090,-10.93,18.51,-0.600,0
3.090,-10.93,18.51,-0.600,0
3.090,-10.93,18.51,-0.600,0
3.090,-10.93,18.54,-0.600,0
3.091,-10.93,18.54,-0.600,0
3.091,-10.93,18.54,-0.600,0
3.091,-10.93,18.54,-0.600,0
3.091,-10.93,18.57,-0.600,0
3.092,-10.93,18.57,-0.600,0
3.092,-10.93,18.57,-0.600,0
3.092,-10.93,18.57,-0.600,0
3.092,-10.93,18.60,-0.600,0
3.093,-10.93,18.60,-0.600,0
3.093,-10.93,18.60,-0.600,0
3.093,-10.93,18.60,-0.600,0
3.094,-10.93,18.64,-0.600,0
3.094,-10.93,18.64,-0.600,0
3.094,-10.93,18.64,-0.600,0
3.095,-10.93,18.67,-0.600,0
3.095,-10.93,18.67,-0.600,0
3.095,-10.93,18.67,-0.600,0
3.095,-10.93,18.67,-0.600,0
3.096,-10.93,18.70,-0.600,0
3.096,-10.93,18.70,-0.600,0
3.096,-10.93,18.70,-0.600,0
3.096,-10.93,18.73,-0.600,0
3.097,-10.93,18.73,-0.600,0
3.097,-10.93,18.73,-0.600,0
3.097,-10.93,18.73,-0.600,0
3.097,-10.93,18.77,-0.600,0
3.098,-10.93,18.77,-0.600,0
3.098,-10.93,18.77,-0.600,0
3.098,-10.93,18.77,-0.600,0
3.098,-10.93,18.80,-0.600,0
3.099,-10.93,18.80,-0.600,0
3.099,-10.93,18.80,-0.600,0
3.100,-10.93,18.83,-0.600,0
3.100,-10.93,18.83,-0.600,1
3.100,1.93,18.83,0.310,0
3.101,1.93,18.86,0.310,0
3.101,1.93,18.86,0.310,0
3.101,1.93,18.86,0.310,0
3.101,1.93,18.86,0.310,0
3.102,1.93,18.90,0.310,0
3.102,1.93,18.90,0.310,0
3.102,1.93,18.90,0.310,0
3.102,1.93,18.90,0.310,0
3.102,1.93,18.93,0.310,0
3.103,1.93,18.93,0.310,0
3.103,1.93,18.93,0.310,0
3.103,1.93,18.96,0.310,0
3.104,1.93,18.96,0.310,0
3.104,1.93,18.96,0.310,0
3.104,1.93,18.96,0.310,0
3.105,1.93,18.99,0.310,0
3.105,1.93,18.99,0.310,0
3.105,1.93,18.99,0.310,0
3.105,1.93,18.99,0.310,0
3.106,1.93,19.03,0.310,0
3.106,1.93,19.03,0.310,0
3.106,1.93,19.03,0.310,0
3.106,1.93,19.03,0.310,0
3.106,1.93,19.06,0.310,0
3.107,1.93,19.06,0.310,0
3.107,1.93,19.06,0.310,0
3.107,1.93,19.06,0.310,0
3.107,1.93,19.06,0.310,0
3.108,1.93,19.09,0.310,0
3.108,1.93,19.09,0.310,0
3.108,1.93,19.09,0.310,0
3.108,1.93,19.09,0.310,0
3.109,1.93,19.12,0.310,0
3.109,1.93,19.12,0.310,0
3.109,1.93,19.12,0.310,0
3.110,1.93,19.15,0.310,0
3.110,1.93,19.15,0.310,0
3.110,1.93,19.15,0.310,0
3.110,1.93,19.15,0.310,0
3.111,1.93,19.18,0.310,0
3.111,1.93,19.18,0.310,0
3.111,1.93,19.18,0.310,0
3.111,1.93,19.18,0.310,0
3.112,1.93,19.21,0.310,0
3.112,1.93,19.21,0.310,0
3.112,1.93,19.21,0.310,0
3.113,1.93,19.24,0.310,0
3.113,1.93,19.24,0.310,0
3.113,1.93,19.24,0.310,0
3.113,1.93,19.24,0.310,0
3.114,1.93,19.26,0.310,0
3.114,1.93,19.26,0.310,0
3.114,1.93,19.26,0.310,0
3.114,1.93,19.26,0.310,0
3.115,1.93,19.29,0.310,0
3.115,1.93,19.29,0.310,0
3.115,1.93,19.29,0.310,0
3.115,1.93,19.29,0.310,0
3.116,1.93,19.32,0.310,0
3.116,1.93,19.32,0.310,0
3.116,1.93,19.32,0.310,0
3.117,1.93,19.32,0.310,0
3.117,1.93,19.35,0.310,0
3.117,1.93,19.35,0.310,0
3.117,1.93,19.35,0.310,0
3.118,1.93,19.38,0.310,0
3.118,1.93,19.38,0.310,0
3.118,1.93,19.38,0.310,0
3.118,1.93,19.38,0.310,0
3.118,1.93,19.38,0.310,0
3.119,1.93,19.40,0.310,0
3.119,1.93,19.40,0.310,0
3.119,1.93,19.40,0.310,0
3.119,1.93,19.40,0.310,0
3.120,1.93,19.43,0.310,0
3.120,1.93,19.43,0.310,0
3.120,1.93,19.43,0.310,0
3.120,1.93,19.43,0.310,0
3.121,1.93,19.45,0.310,0
3.121,1.93,19.45,0.310,0
3.122,1.93,19.45,0.310,0
3.122,1.93,19.48,0.310,0
3.123,1.93,19.48,0.310,0
3.123,1.93,19.50,0.310,0
3.123,1.93,19.50,0.310,0
3.123,1.93,19.50,0.310,0
3.124,1.93,19.53,0.310,0
3.124,1.93,19.53,0.310,0
3.124,1.93,19.53,0.310,0
3.124,1.93,19.53,0.310,0
3.125,1.93,19.55,0.310,0
3.125,1.93,19.55,0.310,0
3.125,1.93,19.55,0.310,0
3.125,1.93,19.55,0.310,0
3.126,1.93,19.57,0.310,0
3.126,1.93,19.57,0.310,0
3.126,1.93,19.57,0.310,0
3.126,1.93,19.57,0.310,0
3.126,1.93,19.57,0.310,0
3.127,1.93,19.60,0.310,0
3.127,1.93,19.60,0.310,0
3.127,1.93,19.60,0.310,0
3.127,1.93,19.60,0.310,0
3.128,1.93,19.62,0.310,0
3.128,1.93,19.62,0.310,0
3.128,1.93,19.62,0.310,0
3.129,1.93,19.62,0.310,0
3.129,1.93,19.64,0.310,0
3.130,1.93,19.64,0.310,0
3.130,1.93,19.66,0.310,0
3.130,1.93,19.66,0.310,0
3.131,1.93,19.66,0.310,0
3.131,1.93,19.68,0.310,0
3.131,1.93,19.68,0.310,0
3.131,1.93,19.68,0.310,0
3.132,1.93,19.68,0.310,0
3.132,1.93,19.70,0.310,0
3.132,1.93,19.70,0.310,0
3.132,1.93,19.70,0.310,0
3.133,1.93,19.73,0.310,0
3.133,1.93,19.73,0.310,0
3.133,1.93,19.73,0.310,0
3.133,1.93,19.73,0.310,0
3.134,1.93,19.75,0.310,0
3.134,1.93,19.75,0.310,0
3.134,1.93,19.75,0.310,0
3.134,1.93,19.75,0.310,0
3.135,1.93,19.77,0.310,0
3.135,1.93,19.77,0.310,0
3.135,1.93,19.77,0.310,0
3.135,1.93,19.77,0.310,0
3.136,1.93,19.79,0.310,0
3.136,1.93,19.79,0.310,0
3.136,1.93,19.79,0.310,0
3.137,1.93,19.81,0.310,0
3.137,1.93,19.81,0.310,0
3.137,1.93,19.81,0.310,0
3.138,1.93,19.81,0.310,0
3.138,1.93,19.82,0.310,0
3.138,1.93,19.82,0.310,0
3.138,1.93,19.82,0.310,0
3.139,1.93,19.82,0.310,0
3.139,1.93,19.84,0.310,0
3.139,1.93,19.84,0.310,0
3.139,1.93,19.84,0.310,0
3.140,1.93,19.84,0.310,0
3.140,1.93,19.86,0.310,0
3.141,1.93,19.86,0.310,0
3.141,1.93,19.88,0.310,0
3.141,1.93,19.88,0.310,0
3.142,1.93,19.88,0.310,0
3.142,1.93,19.89,0.310,0
3.142,1.93,19.89,0.310,0
3.142,1.93,19.89,0.310,0
3.143,1.93,19.89,0.310,0
3.143,1.93,19.91,0.310,0
3.143,1.93,19.91,0.310,0
3.144,1.93,19.91,0.310,0
3.144,1.93,19.93,0.310,0
3.144,1.93,19.93,0.310,0
3.144,1.93,19.93,0.310,0
3.145,1.93,19.93,0.310,0
3.145,1.93,19.94,0.310,0
3.146,1.93,19.94,0.310,0
3.146,1.93,19.96,0.310,0
3.146,1.93,19.96,0.310,0
3.146,1.93,19.96,0.310,0
3.147,1.93,19.97,0.310,0
3.147,1.93,19.97,0.310,0
3.147,1.93,19.97,0.310,0
3.147,1.93,19.97,0.310,0
3.148,1.93,19.97,0.310,0
3.148,1.93,19.99,0.310,0
3.148,1.93,19.99,0.310,0
3.148,1.93,19.99,0.310,0
3.149,1.93,19.99,0.310,0
3.149,1.93,20.00,0.310,0
3.149,1.93,20.00,0.310,0
3.149,1.93,20.00,0.310,0
3.150,1.93,20.00,0.310,0
3.150,1.93,20.02,0.310,0
3.150,1.93,20.02,0.310,0
3.150,1.93,20.02,0.310,0
3.151,1.93,20.02,0.310,0
3.151,1.93,20.03,0.310,0
3.151,1.93,20.03,0.310,0
3.151,1.93,20.03,0.310,0
3.152,1.93,20.03,0.310,0
3.152,1.93,20.04,0.310,0
3.152,1.93,20.04,0.310,0
3.152,1.93,20.04,0.310,0
3.153,1.93,20.04,0.310,0
3.153,1.93,20.05,0.310,0
3.153,1.93,20.05,0.310,0
3.153,1.93,20.05,0.310,0
3.154,1.93,20.05,0.310,0
3.154,1.93,20.07,0.310,0
3.154,1.93,20.07,0.310,0
3.154,1.93,20.07,0.310,0
3.155,1.93,20.07,0.310,0
3.155,1.93,20.08,0.310,0
3.155,1.93,20.08,0.310,0
3.155,1.93,20.08,0.310,0
3.156,1.93,20.08,0.310,0
3.156,1.93,20.09,0.310,0
3.156,1.93,20.09,0.310,0
3.156,1.93,20.09,0.310,0
3.157,1.93,20.09,0.310,0
3.157,1.93,20.10,0.310,0
3.157,1.93,20.10,0.310,0
3.157,1.93,20.10,0.310,0
3.158,1.93,20.10,0.310,0
3.158,1.93,20.11,0.310,0
3.158,1.93,20.11,0.310,0
3.158,1.93,20.11,0.310,0
3.159,1.93,20.11,0.310,0
3.159,1.93,20.12,0.310,0
3.159,1.93,20.12,0.310,0
3.159,1.93,20.12,0.310,0
3.160,1.93,20.12,0.310,0
3.160,1.93,20.13,0.310,0
3.160,1.93,20.13,0.310,0
3.160,1.93,20.13,0.310,0
3.161,1.93,20.13,0.310,0
3.161,1.93,20.14,0.310,0
3.161,1.93,20.14,0.310,0
3.161,1.93,20.14,0.310,0
3.162,1.93,20.15,0.310,0
3.162,1.93,20.15,0.310,0
3.162,1.93,20.15,0.310,0
3.163,1.93,20.15,0.310,0
3.163,1.93,20.16,0.310,0
3.163,1.93,20.16,0.310,0
3.164,1.93,20.16,0.310,0
3.164,1.93,20.17,0.310,0
3.164,1.93,20.17,0.310,0
3.165,1.93,20.17,0.310,0
3.165,1.93,20.17,0.310,0
3.165,1.93,20.17,0.310,0
3.165,1.93,20.17,0.310,0
3.166,1.93,20.17,0.310,0
3.166,1.93,20.18,0.310,0
3.166,1.93,20.18,0.310,0
3.166,1.93,20.18,0.310,0
3.167,1.93,20.18,0.310,0
3.167,1.93,20.19,0.310,0
3.167,1.93,20.19,0.310,0
3.167,1.93,20.19,0.310,0
3.168,1.93,20.19,0.310,0
3.168,1.93,20.19,0.310,0
3.168,1.93,20.20,0.310,0
3.169,1.93,20.20,0.310,0
3.169,1.93,20.20,0.310,0
3.169,1.93,20.20,0.310,0
3.169,1.93,20.20,0.310,0
3.170,1.93,20.20,0.310,0
3.170,1.93,20.21,0.310,0
3.170,1.93,20.21,0.310,0
3.170,1.93,20.21,0.310,0
3.171,1.93,20.21,0.310,0
3.171,1.93,20.21,0.310,0
3.171,1.93,20.21,0.310,0
3.171,1.93,20.21,0.310,0
3.172,1.93,20.21,0.310,0
3.172,1.93,20.22,0.310,0
3.172,1.93,20.22,0.310,0
3.172,1.93,20.22,0.310,0
3.173,1.93,20.22,0.310,0
3.173,1.93,20.22,0.310,0
3.173,1.93,20.22,0.310,0
3.173,1.93,20.22,0.310,0
3.174,1.93,20.22,0.310,0
3.174,1.93,20.23,0.310,0
3.174,1.93,20.23,0.310,0
3.174,1.93,20.23,0.310,0
3.175,1.93,20.23,0.310,0
3.175,1.93,20.23,0.310,0
3.175,1.93,20.23,0.310,0
3.175,1.93,20.23,0.310,0
3.176,1.93,20.23,0.310,0
3.176,1.93,20.23,0.310,0
3.176,1.93,20.23,0.310,0
3.176,1.93,20.23,0.310,0
3.177,1.93,20.23,0.310,0
3.177,1.93,20.24,0.310,0
3.177,1.93,20.24,0.310,0
3.177,1.93,20.24,0.310,0
3.178,1.93,20.24,0.310,0
3.178,1.93,20.24,0.310,0
3.178,1.93,20.24,0.310,0
3.179,1.93,20.24,0.310,0
3.179,1.93,20.24,0.310,0
3.179,1.93,20.24,0.310,0
3.179,1.93,20.24,0.310,0
3.180,1.93,20.24,0.310,0
3.180,1.93,20.24,0.310,0
3.180,1.93,20.24,0.310,0
3.180,1.93,20.24,0.310,0
3.181,1.93,20.24,0.310,0
3.181,1.93,20.24,0.310,0
3.181,1.93,20.24,0.310,0
3.181,1.93,20.24,0.310,0
3.182,1.93,20.24,0.310,0
3.182,1.93,20.24,0.310,0
3.182,1.93,20.24,0.310,0
3.182,1.93,20.24,0.310,0
3.183,1.93,20.24,0.310,0
3.183,1.93,20.24,0.310,0
3.183,1.93,20.25,0.310,0
3.183,1.93,20.25,0.310,0
3.184,1.93,20.25,0.310,0
3.184,1.93,20.25,0.310,0
3.184,1.93,20.25,0.310,0
3.185,1.93,20.25,0.310,0
3.185,1.93,20.25,0.310,0
3.185,1.93,20.25,0.310,0
3.185,1.93,20.25,0.310,0
3.186,1.93,20.25,0.310,0
3.186,1.93,20.25,0.310,0
3.186,1.93,20.25,0.310,0
3.186,1.93,20.25,0.310,0
3.187,1.93,20.25,0.310,0
3.187,1.93,20.25,0.310,0
3.187,1.93,20.25,0.310,0
3.187,1.93,20.25,0.310,0
3.188,1.93,20.25,0.310,0
3.188,1.93,20.24,0.310,0
3.188,1.93,20.24,0.310,0
3.188,1.93,20.24,0.310,0
3.189,1.93,20.24,0.310,0
3.189,1.93,20.24,0.310,0
3.189,1.93,20.24,0.310,0
3.189,1.93,20.24,0.310,0
3.190,1.93,20.24,0.310,0
3.190,1.93,20.24,0.310,0
3.190,1.93,20.24,0.310,0
3.191,1.93,20.24,0.310,0
3.191,1.93,20.24,0.310,0
3.191,1.93,20.24,0.310,0
3.192,1.93,20.24,0.310,0
3.192,1.93,20.24,0.310,0
3.192,1.93,20.23,0.310,0
3.193,1.93,20.23,0.310,0
3.193,1.93,20.23,0.310,0
3.193,1.93,20.23,0.310,0
3.193,1.93,20.23,0.310,0
3.194,1.93,20.23,0.310,0
3.194,1.93,20.23,0.310,0
3.194,1.93,20.23,0.310,0
3.195,1.93,20.23,0.310,0
3.195,1.93,20.22,0.310,0
3.195,1.93,20.22,0.310,0
3.196,1.93,20.22,0.310,0
3.196,1.93,20.22,0.310,0
3.196,1.93,20.22,0.310,0
3.197,1.93,20.22,0.310,0
3.197,1.93,20.22,0.310,0
3.197,1.93,20.21,0.310,0
3.198,1.93,20.21,0.310,0
3.198,1.93,20.21,0.310,0
3.198,1.93,20.21,0.310,0
3.199,1.93,20.21,0.310,0
3.199,1.93,20.20,0.310,0
3.199,1.93,20.20,0.310,0
3.199,1.93,20.20,0.310,0
3.200,1.93,20.20,0.310,0
3.200,1.93,20.19,0.310,0
3.200,1.93,20.19,0.310,0
3.201,1.93,20.19,0.310,0
3.201,1.93,20.19,0.310,0
3.201,1.93,20.19,0.310,0
3.202,1.93,20.19,0.310,0
3.202,1.93,20.19,0.310,0
3.202,1.93,20.18,0.310,0
3.202,1.93,20.18,0.310,0
3.203,1.93,20.18,0.310,0
3.203,1.93,20.18,0.310,0
3.203,1.93,20.17,0.310,0
3.203,1.93,20.17,0.310,0
3.203,1.93,20.17,0.310,0
3.204,1.93,20.17,0.310,0
3.204,1.93,20.17,0.310,0
3.204,1.93,20.17,0.310,0
3.204,1.93,20.17,0.310,0
3.205,1.93,20.17,0.310,0
3.205,1.93,20.16,0.310,0
3.205,1.93,20.16,0.310,0
3.206,1.93,20.16,0.310,0
3.206,1.93,20.16,0.310,0
3.206,1.93,20.15,0.310,0
3.206,1.93,20.15,0.310,0
3.207,1.93,20.15,0.310,0
3.207,1.93,20.14,0.310,0
3.207,1.93,20.14,0.310,0
3.207,1.93,20.14,0.310,0
3.208,1.93,20.14,0.310,0
3.208,1.93,20.13,0.310,0
3.208,1.93,20.13,0.310,0
3.208,1.93,20.13,0.310,0
3.209,1.93,20.13,0.310,0
3.209,1.93,20.12,0.310,0
3.209,1.93,20.12,0.310,0
3.209,1.93,20.12,0.310,0
3.210,1.93,20.12,0.310,0
3.210,1.93,20.12,0.310,0
3.210,1.93,20.11,0.310,0
3.210,1.93,20.11,0.310,0
3.211,1.93,20.11,0.310,0
3.211,1.93,20.11,0.310,0
3.211,1.93,20.10,0.310,0
3.211,1.93,20.10,0.310,0
3.212,1.93,20.10,0.310,0
3.212,1.93,20.09,0.310,0
3.212,1.93,20.09,0.310,0
3.212,1.93,20.09,0.310,0
3.213,1.93,20.09,0.310,0
3.213,1.93,20.08,0.310,0
3.213,1.93,20.08,0.310,0
3.214,1.93,20.08,0.310,0
3.214,1.93,20.08,0.310,0
3.214,1.93,20.07,0.310,0
3.214,1.93,20.07,0.310,0
3.215,1.93,20.07,0.310,0
3.215,1.93,20.05,0.310,0
3.215,1.93,20.05,0.310,0
3.215,1.93,20.05,0.310,0
3.216,1.93,20.05,0.310,0
3.216,1.93,20.05,0.310,0
3.216,1.93,20.04,0.310,0
3.216,1.93,20.04,0.310,0
3.217,1.93,20.04,0.310,0
3.217,1.93,20.03,0.310,0
3.217,1.93,20.03,0.310,0
3.218,1.93,20.03,0.310,0
3.218,1.93,20.03,0.310,0
3.218,1.93,20.02,0.310,0
3.218,1.93,20.02,0.310,0
3.219,1.93,20.02,0.310,0
3.219,1.93,20.02,0.310,0
3.219,1.93,20.00,0.310,0
3.219,1.93,20.00,0.310,0
3.220,1.93,20.00,0.310,0
3.220,1.93,20.00,0.310,0
3.220,1.93,19.99,0.310,0
3.220,1.93,19.99,0.310,0
3.221,1.93,19.99,0.310,0
3.221,1.93,19.99,0.310,0
3.221,1.93,19.97,0.310,0
3.221,1.93,19.97,0.310,0
3.222,1.93,19.97,0.310,0
3.222,1.93,19.97,0.310,0
3.222,1.93,19.96,0.310,0
3.222,1.93,19.96,0.310,0
3.223,1.93,19.96,0.310,0
3.223,1.93,19.96,0.310,0
3.223,1.93,19.94,0.310,0
3.223,1.93,19.94,0.310,0
3.224,1.93,19.94,0.310,0
3.224,1.93,19.94,0.310,0
3.224,1.93,19.93,0.310,0
3.224,1.93,19.93,0.310,0
3.225,1.93,19.93,0.310,0
3.225,1.93,19.93,0.310,0
3.225,1.93,19.91,0.310,0
3.226,1.93,19.91,0.310,0
3.226,1.93,19.91,0.310,0
3.226,1.93,19.90,0.310,0
3.227,1.93,19.90,0.310,0
3.227,1.93,19.90,0.310,0
3.227,1.93,19.88,0.310,0
3.228,1.93,19.88,0.310,0
3.228,1.93,19.86,0.310,0
3.228,1.93,19.86,0.310,0
3.229,1.93,19.86,0.310,0
3.229,1.93,19.85,0.310,0
3.229,1.93,19.85,0.310,0
3.230,1.93,19.85,0.310,0
3.230,1.93,19.85,0.310,0
3.230,1.93,19.83,0.310,0
3.231,1.93,19.83,0.310,0
3.231,1.93,19.81,0.310,0
3.231,1.93,19.81,0.310,0
3.232,1.93,19.81,0.310,0
3.232,1.93,19.80,0.310,0
3.232,1.93,19.80,0.310,0
3.233,1.93,19.80,0.310,0
3.233,1.93,19.80,0.310,0
3.233,1.93,19.78,0.310,0
3.234,1.93,19.78,0.310,0
3.234,1.93,19.78,0.310,0
3.234,1.93,19.76,0.310,0
3.235,1.93,19.76,0.310,0
3.235,1.93,19.76,0.310,1
3.235,5.57,19.75,0.600,0
3.236,5.57,19.75,0.600,0
3.236,5.57,19.75,0.600,0
3.236,5.57,19.73,0.600,0
3.237,5.57,19.73,0.600,0
3.237,5.57,19.73,0.600,0
3.237,5.57,19.71,0.600,0
3.237,5.57,19.71,0.600,0
3.238,5.57,19.71,0.600,0
3.238,5.57,19.71,0.600,0
3.238,5.57,19.69,0.600,0
3.239,5.57,19.69,0.600,0
3.239,5.57,19.68,0.600,0
3.239,5.57,19.68,0.600,0
3.240,5.57,19.68,0.600,0
3.240,5.57,19.66,0.600,0
3.240,5.57,19.66,0.600,0
3.241,5.57,19.66,0.600,0
3.241,5.57,19.66,0.600,0
3.241,5.57,19.64,0.600,0
3.241,5.57,19.64,0.600,0
3.242,5.57,19.64,0.600,0
3.242,5.57,19.64,0.600,0
3.242,5.57,19.62,0.600,0
3.242,5.57,19.62,0.600,0
3.243,5.57,19.62,0.600,0
3.243,5.57,19.62,0.600,0
3.243,5.57,19.60,0.600,0
3.243,5.57,19.60,0.600,0
3.244,5.57,19.60,0.600,0
3.244,5.57,19.60,0.600,0
3.244,5.57,19.60,0.600,0
3.244,5.57,19.58,0.600,0
3.245,5.57,19.58,0.600,0
3.245,5.57,19.58,0.600,0
3.245,5.57,19.56,0.600,0
3.245,5.57,19.56,0.600,0
3.246,5.57,19.56,0.600,0
3.246,5.57,19.56,0.600,0
3.246,5.57,19.54,0.600,0
3.246,5.57,19.54,0.600,0
3.247,5.57,19.54,0.600,0
3.247,5.57,19.54,0.600,0
3.247,5.57,19.52,0.600,0
3.247,5.57,19.52,0.600,0
3.248,5.57,19.52,0.600,0
3.248,5.57,19.52,0.600,0
3.248,5.57,19.52,0.600,0
3.248,5.57,19.50,0.600,0
3.249,5.57,19.50,0.600,0
3.249,5.57,19.50,0.600,0
3.249,5.57,19.47,0.600,0
3.249,5.57,19.47,0.600,0
3.250,5.57,19.47,0.600,0
3.250,5.57,19.47,0.600,0
3.250,5.57,19.45,0.600,0
3.250,5.57,19.45,0.600,0
3.251,5.57,19.45,0.600,0
3.251,5.57,19.45,0.600,0
3.251,5.57,19.43,0.600,0
3.251,5.57,19.43,0.600,0
3.252,5.57,19.43,0.600,0
3.252,5.57,19.43,0.600,0
3.252,5.57,19.41,0.600,0
3.252,5.57,19.41,0.600,0
3.253,5.57,19.41,0.600,0
3.253,5.57,19.38,0.600,0
3.253,5.57,19.38,0.600,0
3.254,5.57,19.38,0.600,0
3.254,5.57,19.38,0.600,0
3.254,5.57,19.36,0.600,0
3.255,5.57,19.36,0.600,0
3.255,5.57,19.36,0.600,0
3.255,5.57,19.34,0.600,0
3.255,5.57,19.34,0.600,0
3.256,5.57,19.34,0.600,0
3.256,5.57,19.34,0.600,0
3.256,5.57,19.31,0.600,0
3.256,5.57,19.31,0.600,0
3.257,5.57,19.31,0.600,0
3.257,5.57,19.31,0.600,0
3.257,5.57,19.29,0.600,0
3.257,5.57,19.29,0.600,0
3.258,5.57,19.29,0.600,0
3.258,5.57,19.29,0.600,0
3.258,5.57,19.26,0.600,0
3.259,5.57,19.26,0.600,0
3.259,5.57,19.26,0.600,0
3.259,5.57,19.24,0.600,0
3.260,5.57,19.24,0.600,0
3.260,5.57,19.24,0.600,0
3.260,5.57,19.21,0.600,0
3.261,5.57,19.21,0.600,0
3.261,5.57,19.21,0.600,0
3.261,5.57,19.18,0.600,0
3.262,5.57,19.18,0.600,0
3.262,5.57,19.18,0.600,0
3.262,5.57,19.18,0.600,0
3.262,5.57,19.16,0.600,0
3.263,5.57,19.16,0.600,0
3.263,5.57,19.13,0.600,0
3.263,5.57,19.13,0.600,0
3.264,5.57,19.13,0.600,0
3.264,5.57,19.13,0.600,0
3.264,5.57,19.10,0.600,0
3.265,5.57,19.10,0.600,0
3.265,5.57,19.10,0.600,0
3.265,5.57,19.07,0.600,0
3.266,5.57,19.07,0.600,0
3.266,5.57,19.07,0.600,0
3.267,5.57,19.04,0.600,0
3.267,5.57,19.04,0.600,0
3.267,5.57,19.02,0.600,0
3.268,5.57,19.02,0.600,0
3.268,5.57,19.02,0.600,0
3.268,5.57,18.99,0.600,0
3.269,5.57,18.99,0.600,0
3.269,5.57,18.99,0.600,0
3.269,5.57,18.99,0.600,0
3.269,5.57,18.96,0.600,0
3.270,5.57,18.96,0.600,0
3.270,5.57,18.96,0.600,0
3.270,5.57,18.93,0.600,0
3.270,5.57,18.93,0.600,0
3.271,5.57,18.93,0.600,0
3.271,5.57,18.93,0.600,0
3.271,5.57,18.90,0.600,0
3.272,5.57,18.90,0.600,0
3.272,5.57,18.90,0.600,0
3.272,5.57,18.90,0.600,0
3.272,5.57,18.87,0.600,0
3.272,5.57,18.87,0.600,0
3.273,5.57,18.87,0.600,0
3.273,5.57,18.87,0.600,0
3.273,5.57,18.83,0.600,0
3.273,5.57,18.83,0.600,0
3.274,5.57,18.83,0.600,0
3.274,5.57,18.83,0.600,0
3.274,5.57,18.80,0.600,0
3.274,5.57,18.80,0.600,0
3.275,5.57,18.80,0.600,0
3.275,5.57,18.80,0.600,0
3.275,5.57,18.77,0.600,0
3.276,5.57,18.77,0.600,0
3.276,5.57,18.77,0.600,0
3.276,5.57,18.74,0.600,0
3.277,5.57,18.74,0.600,0
3.277,5.57,18.74,0.600,0
3.277,5.57,18.74,0.600,0
3.277,5.57,18.71,0.600,0
3.278,5.57,18.71,0.600,0
3.278,5.57,18.71,0.600,0
3.278,5.57,18.71,0.600,0
3.278,5.57,18.67,0.600,0
3.279,5.57,18.67,0.600,0
3.279,5.57,18.67,0.600,0
3.279,5.57,18.67,0.600,0
3.279,5.57,18.64,0.600,0
3.280,5.57,18.64,0.600,0
3.280,5.57,18.64,0.600,0
3.280,5.57,18.64,0.600,0
3.280,5.57,18.61,0.600,0
3.281,5.57,18.61,0.600,0
3.281,5.57,18.61,0.600,0
3.281,5.57,18.61,0.600,0
3.281,5.57,18.58,0.600,0
3.282,5.57,18.58,0.600,0
3.282,5.57,18.58,0.600,0
3.282,5.57,18.55,0.600,0
3.282,5.57,18.55,0.600,0
3.283,5.57,18.55,0.600,0
3.283,5.57,18.55,0.600,0
3.283,5.57,18.51,0.600,0
3.283,5.57,18.51,0.600,0
3.284,5.57,18.51,0.600,0
3.284,5.57,18.51,0.600,0
3.284,5.57,18.48,0.600,0
3.284,5.57,18.48,0.600,0
3.285,5.57,18.48,0.600,0
3.285,5.57,18.48,0.600,0
3.285,5.57,18.45,0.600,0
3.285,5.57,18.45,0.600,0
3.286,5.57,18.45,0.600,0
3.286,5.57,18.45,0.600,0
3.286,5.57,18.42,0.600,0
3.286,5.57,18.42,0.600,0
3.287,5.57,18.42,0.600,0
3.287,5.57,18.42,0.600,0
3.287,5.57,18.38,0.600,0
3.287,5.57,18.38,0.600,0
3.288,5.57,18.38,0.600,0
3.288,5.57,18.38,0.600,0
3.288,5.57,18.35,0.600,0
3.288,5.57,18.35,0.600,0
3.289,5.57,18.35,0.600,0
3.289,5.57,18.35,0.600,0
3.289,5.57,18.32,0.600,0
3.290,5.57,18.32,0.600,0
3.290,5.57,18.32,0.600,0
3.290,5.57,18.29,0.600,0
3.290,5.57,18.29,0.600,0
3.291,5.57,18.29,0.600,0
3.291,5.57,18.29,0.600,0
3.291,5.57,18.29,0.600,0
3.291,5.57,18.25,0.600,0
3.292,5.57,18.25,0.600,0
3.292,5.57,18.25,0.600,0
3.292,5.57,18.25,0.600,0
3.292,5.57,18.22,0.600,0
3.293,5.57,18.22,0.600,0
3.293,5.57,18.22,0.600,0
3.293,5.57,18.22,0.600,0
3.293,5.57,18.19,0.600,0
3.294,5.57,18.19,0.600,0
3.294,5.57,18.19,0.600,0
3.294,5.57,18.19,0.600,0
3.294,5.57,18.16,0.600,0
3.295,5.57,18.16,0.600,0
3.295,5.57,18.16,0.600,0
3.295,5.57,18.12,0.600,0
3.296,5.57,18.12,0.600,0
3.296,5.57,18.12,0.600,0
3.296,5.57,18.12,0.600,0
3.296,5.57,18.09,0.600,0
3.297,5.57,18.09,0.600,0
3.297,5.57,18.09,0.600,0
3.297,5.57,18.06,0.600,0
3.298,5.57,18.06,0.600,0
3.298,5.57,18.06,0.600,0
3.298,5.57,18.03,0.600,0
3.298,5.57,18.03,0.600,0
3.299,5.57,18.03,0.600,0
3.299,5.57,18.03,0.600,0
3.300,5.57,17.99,0.600,0
3.300,5.57,17.99,0.600,0
3.300,5.57,17.99,0.600,0
3.300,5.57,17.96,0.600,0
3.301,5.57,17.96,0.600,0
3.301,5.57,17.96,0.600,0
3.301,5.57,17.96,0.600,0
3.301,5.57,17.93,0.600,0
3.302,5.57,17.93,0.600,0
3.302,5.57,17.93,0.600,0
3.302,5.57,17.93,0.600,0
3.302,5.57,17.90,0.600,0
3.303,5.57,17.90,0.600,0
3.303,5.57,17.90,0.600,0
3.303,5.57,17.86,0.600,0
3.303,5.57,17.86,0.600,0
3.304,5.57,17.86,0.600,0
3.304,5.57,17.86,0.600,0
3.304,5.57,17.83,0.600,0
3.304,5.57,17.83,0.600,0
3.305,5.57,17.83,0.600,0
3.305,5.57,17.83,0.600,0
3.305,5.57,17.80,0.600,0
3.305,5.57,17.80,0.600,0
3.306,5.57,17.80,0.600,0
3.306,5.57,17.80,0.600,0
3.306,5.57,17.80,0.600,0
3.306,5.57,17.77,0.600,0
3.307,5.57,17.77,0.600,0
3.307,5.57,17.77,0.600,0
3.307,5.57,17.77,0.600,0
3.307,5.57,17.73,0.600,0
3.308,5.57,17.73,0.600,0
3.308,5.57,17.73,0.600,0
3.308,5.57,17.73,0.600,0
3.308,5.57,17.70,0.600,0
3.309,5.57,17.70,0.600,0
3.309,5.57,17.70,0.600,0
3.309,5.57,17.70,0.600,0
3.309,5.57,17.67,0.600,0
3.310,5.57,17.67,0.600,0
3.310,5.57,17.67,0.600,0
3.310,5.57,17.64,0.600,0
3.310,5.57,17.64,0.600,0
3.311,5.57,17.64,0.600,0
3.311,5.57,17.64,0.600,0
3.311,5.57,17.60,0.600,0
3.311,5.57,17.60,0.600,0
3.312,5.57,17.60,0.600,0
3.312,5.57,17.60,0.600,0
3.312,5.57,17.57,0.600,0
3.312,5.57,17.57,0.600,0
3.313,5.57,17.57,0.600,0
3.313,5.57,17.57,0.600,0
3.313,5.57,17.54,0.600,0
3.313,5.57,17.54,0.600,0
3.314,5.57,17.54,0.600,0
3.314,5.57,17.54,0.600,0
3.314,5.57,17.54,0.600,0
3.314,5.57,17.51,0.600,0
3.315,5.57,17.51,0.600,0
3.315,5.57,17.51,0.600,0
3.315,5.57,17.51,0.600,0
3.315,5.57,17.47,0.600,0
3.316,5.57,17.47,0.600,0
3.316,5.57,17.47,0.600,0
3.317,5.57,17.44,0.600,0
3.317,5.57,17.44,0.600,0
3.318,5.57,17.41,0.600,0
3.318,5.57,17.41,0.600,0
3.318,5.57,17.41,0.600,0
3.318,5.57,17.38,0.600,0
3.319,5.57,17.38,0.600,0
3.319,5.57,17.38,0.600,0
3.319,5.57,17.38,0.600,0
3.319,5.57,17.35,0.600,0
3.320,5.57,17.35,0.600,0
3.320,5.57,17.35,0.600,0
3.320,5.57,17.35,0.600,0
3.320,5.57,17.31,0.600,0
3.321,5.57,17.31,0.600,0
3.321,5.57,17.31,0.600,0
3.321,5.57,17.31,0.600,0
3.321,5.57,17.28,0.600,0
3.322,5.57,17.28,0.600,0
3.322,5.57,17.28,0.600,0
3.322,5.57,17.28,0.600,0
3.322,5.57,17.25,0.600,0
3.323,5.57,17.25,0.600,0
3.323,5.57,17.25,0.600,0
3.323,5.57,17.25,0.600,0
3.323,5.57,17.22,0.600,0
3.324,5.57,17.22,0.600,0
3.324,5.57,17.22,0.600,0
3.324,5.57,17.18,0.600,0
3.324,5.57,17.18,0.600,0
3.325,5.57,17.18,0.600,0
3.325,5.57,17.18,0.600,0
3.325,5.57,17.15,0.600,0
3.326,5.57,17.15,0.600,0
3.326,5.57,17.15,0.600,0
3.326,5.57,17.15,0.600,0
3.326,5.57,17.12,0.600,0
3.327,5.57,17.12,0.600,0
3.327,5.57,17.12,0.600,0
3.327,5.57,17.12,0.600,0
3.327,5.57,17.09,0.600,0
3.328,5.57,17.09,0.600,0
3.328,5.57,17.09,0.600,0
3.328,5.57,17.09,0.600,0
3.328,5.57,17.05,0.600,0
3.328,5.57,17.05,0.600,0
3.329,5.57,17.05,0.600,0
3.329,5.57,17.05,0.600,0
3.329,5.57,17.02,0.600,0
3.329,5.57,17.02,0.600,0
3.330,5.57,17.02,0.600,0
3.330,5.57,17.02,0.600,0
3.330,5.57,16.99,0.600,0
3.331,5.57,16.99,0.600,0
3.331,5.57,16.99,0.600,0
3.331,5.57,16.96,0.600,0
3.332,5.57,16.96,0.600,0
3.332,5.57,16.96,0.600,0
3.332,5.57,16.96,0.600,0
3.332,5.57,16.92,0.600,0
3.333,5.57,16.92,0.600,0
3.333,5.57,16.92,0.600,0
3.333,5.57,16.92,0.600,0
3.333,5.57,16.89,0.600,0
3.334,5.57,16.89,0.600,0
3.334,5.57,16.89,0.600,0
3.334,5.57,16.89,0.600,0
3.335,5.57,16.86,0.600,0
3.335,5.57,16.86,0.600,0
3.336,5.57,16.83,0.600,0
3.336,5.57,16.83,0.600,0
3.336,5.57,16.83,0.600,0
3.336,5.57,16.79,0.600,0
3.337,5.57,16.79,0.600,0
3.337,5.57,16.79,0.600,0
3.337,5.57,16.79,0.600,0
3.337,5.57,16.76,0.600,0
3.338,5.57,16.76,0.600,0
3.338,5.57,16.76,0.600,0
3.338,5.57,16.73,0.600,0
3.339,5.57,16.73,0.600,0
3.339,5.57,16.73,0.600,0
3.339,5.57,16.73,0.600,0
3.339,5.57,16.70,0.600,0
3.340,5.57,16.70,0.600,0
3.340,5.57,16.70,0.600,0
3.340,5.57,16.70,0.600,0
3.340,5.57,16.66,0.600,0
3.341,5.57,16.66,0.600,0
3.341,5.57,16.66,0.600,0
3.341,5.57,16.66,0.600,0
3.341,5.57,16.63,0.600,0
3.342,5.57,16.63,0.600,0
3.342,5.57,16.63,0.600,0
3.342,5.57,16.63,0.600,0
3.342,5.57,16.60,0.600,0
3.343,5.57,16.60,0.600,0
3.343,5.57,16.60,0.600,0
3.343,5.57,16.60,0.600,0
3.343,5.57,16.57,0.600,0
3.344,5.57,16.57,0.600,0
3.344,5.57,16.57,0.600,0
3.344,5.57,16.57,0.600,0
3.344,5.57,16.54,0.600,0
3.345,5.57,16.54,0.600,0
3.345,5.57,16.54,0.600,0
3.345,5.57,16.54,0.600,0
3.345,5.57,16.50,0.600,0
3.345,5.57,16.50,0.600,0
3.346,5.57,16.50,0.600,0
3.346,5.57,16.50,0.600,0
3.346,5.57,16.47,0.600,0
3.346,5.57,16.47,0.600,0
3.347,5.57,16.47,0.600,0
3.347,5.57,16.47,0.600,0
3.347,5.57,16.47,0.600,0
3.347,5.57,16.44,0.600,0
3.348,5.57,16.44,0.600,0
3.348,5.57,16.44,0.600,0
3.348,5.57,16.44,0.600,0
3.348,5.57,16.41,0.600,0
3.348,5.57,16.41,0.600,0
3.349,5.57,16.41,0.600,0
3.349,5.57,16.41,0.600,0
3.349,5.57,16.41,0.600,0
3.349,5.57,16.37,0.600,0
3.350,5.57,16.37,0.600,0
3.350,5.57,16.37,0.600,0
3.350,5.57,16.34,0.600,0
3.350,5.57,16.34,0.600,0
3.351,5.57,16.34,0.600,0
3.351,5.57,16.34,0.600,0
3.351,5.57,16.31,0.600,0
3.352,5.57,16.31,0.600,0
3.352,5.57,16.31,0.600,0
3.352,5.57,16.31,0.600,0
3.352,5.57,16.28,0.600,0
3.353,5.57,16.28,0.600,0
3.353,5.57,16.28,0.600,0
3.353,5.57,16.28,0.600,0
3.353,5.57,16.24,0.600,0
3.354,5.57,16.24,0.600,0
3.354,5.57,16.24,0.600,0
3.354,5.57,16.24,0.600,0
3.354,5.57,16.21,0.600,0
3.355,5.57,16.21,0.600,0
3.355,5.57,16.21,0.600,0
3.355,5.57,16.21,0.600,0
3.355,5.57,16.18,0.600,0
3.356,5.57,16.18,0.600,0
3.356,5.57,16.18,0.600,0
3.356,5.57,16.18,0.600,0
3.356,5.57,16.15,0.600,0
3.357,5.57,16.15,0.600,0
3.357,5.57,16.15,0.600,0
3.357,5.57,16.15,0.600,0
3.357,5.57,16.11,0.600,0
3.358,5.57,16.11,0.600,0
3.358,5.57,16.11,0.600,0
3.358,5.57,16.08,0.600,0
3.359,5.57,16.08,0.600,0
3.359,5.57,16.08,0.600,0
3.359,5.57,16.05,0.600,0
3.359,5.57,16.05,0.600,0
3.360,5.57,16.05,0.600,0
3.360,5.57,16.05,0.600,0
3.360,5.57,16.02,0.600,0
3.361,5.57,16.02,0.600,0
3.361,5.57,16.02,0.600,0
3.361,5.57,16.02,0.600,0
3.361,5.57,15.98,0.600,0
3.362,5.57,15.98,0.600,0
3.362,5.57,15.98,0.600,0
3.362,5.57,15.98,0.600,0
3.362,5.57,15.95,0.600,0
3.363,5.57,15.95,0.600,0
3.363,5.57,15.95,0.600,0
3.363,5.57,15.95,0.600,0
3.363,5.57,15.92,0.600,0
3.364,5.57,15.92,0.600,0
3.364,5.57,15.92,0.600,0
3.364,5.57,15.92,0.600,0
3.364,5.57,15.89,0.600,0
3.365,5.57,15.89,0.600,0
3.365,5.57,15.89,0.600,0
3.365,5.57,15.89,0.600,0
3.365,5.57,15.85,0.600,0
3.366,5.57,15.85,0.600,0
3.366,5.57,15.85,0.600,0
3.366,5.57,15.82,0.600,0
3.367,5.57,15.82,0.600,0
3.367,5.57,15.82,0.600,0
3.367,5.57,15.79,0.600,0
3.368,5.57,15.79,0.600,1
3.368,8.37,15.79,0.600,0
3.368,8.37,15.76,0.600,0
3.368,8.37,15.76,0.600,0
3.369,8.37,15.76,0.600,0
3.369,8.37,15.76,0.600,0
3.369,8.37,15.76,0.600,0
3.369,8.37,15.73,0.600,0
3.370,8.37,15.73,0.600,0
3.370,8.37,15.73,0.600,0
3.370,8.37,15.69,0.600,0
3.370,8.37,15.69,0.600,0
3.371,8.37,15.69,0.600,0
3.371,8.37,15.69,0.600,0
3.371,8.37,15.69,0.600,0
3.371,8.37,15.66,0.600,0
3.372,8.37,15.66,0.600,0
3.372,8.37,15.66,0.600,0
3.372,8.37,15.66,0.600,0
3.372,8.37,15.63,0.600,0
3.373,8.37,15.63,0.600,0
3.373,8.37,15.63,0.600,0
3.373,8.37,15.63,0.600,0
3.373,8.37,15.60,0.600,0
3.374,8.37,15.60,0.600,0
3.374,8.37,15.60,0.600,0
3.374,8.37,15.60,0.600,0
3.374,8.37,15.56,0.600,0
3.375,8.37,15.56,0.600,0
3.375,8.37,15.56,0.600,0
3.375,8.37,15.56,0.600,0
3.375,8.37,15.53,0.600,0
3.376,8.37,15.53,0.600,0
3.376,8.37,15.53,0.600,0
3.376,8.37,15.53,0.600,0
3.376,8.37,15.53,0.600,0
3.377,8.37,15.50,0.600,0
3.377,8.37,15.50,0.600,0
3.377,8.37,15.50,0.600,0
3.377,8.37,15.47,0.600,0
3.377,8.37,15.47,0.600,0
3.378,8.37,15.47,0.600,0
3.378,8.37,15.47,0.600,0
3.378,8.37,15.43,0.600,0
3.378,8.37,15.43,0.600,0
3.379,8.37,15.43,0.600,0
3.379,8.37,15.43,0.600,0
3.379,8.37,15.43,0.600,0
3.379,8.37,15.40,0.600,0
3.380,8.37,15.40,0.600,0
3.380,8.37,15.40,0.600,0
3.380,8.37,15.37,0.600,0
3.380,8.37,15.37,0.600,0
3.381,8.37,15.37,0.600,0
3.381,8.37,15.37,0.600,0
3.381,8.37,15.34,0.600,0
3.381,8.37,15.34,0.600,0
3.382,8.37,15.34,0.600,0
3.382,8.37,15.34,0.600,0
3.382,8.37,15.34,0.600,0
3.382,8.37,15.30,0.600,0
3.383,8.37,15.30,0.600,0
3.383,8.37,15.30,0.600,0
3.383,8.37,15.30,0.600,0
3.383,8.37,15.27,0.600,0
3.384,8.37,15.27,0.600,0
3.384,8.37,15.27,0.600,0
3.384,8.37,15.27,0.600,0
3.384,8.37,15.24,0.600,0
3.384,8.37,15.24,0.600,0
3.385,8.37,15.24,0.600,0
3.385,8.37,15.24,0.600,0
3.385,8.37,15.21,0.600,0
3.386,8.37,15.21,0.600,0
3.386,8.37,15.21,0.600,0
3.386,8.37,15.21,0.600,0
3.386,8.37,15.17,0.600,0
3.387,8.37,15.17,0.600,0
3.387,8.37,15.17,0.600,0
3.387,8.37,15.17,0.600,0
3.387,8.37,15.14,0.600,0
3.388,8.37,15.14,0.600,0
3.388,8.37,15.14,0.600,0
3.388,8.37,15.14,0.600,0
3.388,8.37,15.11,0.600,0
3.389,8.37,15.11,0.600,0
3.389,8.37,15.11,0.600,0
3.389,8.37,15.11,0.600,0
3.389,8.37,15.08,0.600,0
3.390,8.37,15.08,0.600,0
3.390,8.37,15.08,0.600,0
3.390,8.37,15.08,0.600,0
3.390,8.37,15.04,0.600,0
3.390,8.37,15.04,0.600,0
3.391,8.37,15.04,0.600,0
3.391,8.37,15.04,0.600,0
3.391,8.37,15.04,0.600,0
3.391,8.37,15.01,0.600,0
3.392,8.37,15.01,0.600,0
3.392,8.37,15.01,0.600,0
3.392,8.37,14.98,0.600,0
3.393,8.37,14.98,0.600,0
3.393,8.37,14.98,0.600,0
3.393,8.37,14.98,0.600,0
3.393,8.37,14.95,0.600,0
3.394,8.37,14.95,0.600,0
3.394,8.37,14.95,0.600,0
3.394,8.37,14.91,0.600,0
3.395,8.37,14.91,0.600,0
3.395,8.37,14.91,0.600,0
3.395,8.37,14.91,0.600,0
3.395,8.37,14.88,0.600,0
3.396,8.37,14.88,0.600,0
3.396,8.37,14.88,0.600,0
3.396,8.37,14.88,0.600,0
3.396,8.37,14.85,0.600,0
3.396,8.37,14.85,0.600,0
3.397,8.37,14.85,0.600,0
3.397,8.37,14.85,0.600,0
3.397,8.37,14.82,0.600,0
3.397,8.37,14.82,0.600,0
3.398,8.37,14.82,0.600,0
3.398,8.37,14.82,0.600,0
3.398,8.37,14.79,0.600,0
3.399,8.37,14.79,0.600,0
3.399,8.37,14.79,0.600,0
3.399,8.37,14.79,0.600,0
3.400,8.37,14.75,0.600,0
3.400,8.37,14.75,0.600,0
3.400,8.37,14.75,0.600,0
3.400,8.37,14.72,0.600,0
3.401,8.37,14.72,0.600,0
3.401,8.37,14.72,0.600,0
3.401,8.37,14.72,0.600,0
3.401,8.37,14.69,0.600,0
3.402,8.37,14.69,0.600,0
3.402,8.37,14.69,0.600,0
3.402,8.37,14.69,0.600,0
3.402,8.37,14.69,0.600,0
3.402,8.37,14.66,0.600,0
3.403,8.37,14.66,0.600,0
3.403,8.37,14.66,0.600,0
3.403,8.37,14.66,0.600,0
3.403,8.37,14.62,0.600,0
3.404,8.37,14.62,0.600,0
3.404,8.37,14.62,0.600,0
3.404,8.37,14.62,0.600,0
3.404,8.37,14.59,0.600,0
3.405,8.37,14.59,0.600,0
3.405,8.37,14.59,0.600,0
3.405,8.37,14.59,0.600,0
3.405,8.37,14.56,0.600,0
3.406,8.37,14.56,0.600,0
3.406,8.37,14.56,0.600,0
3.406,8.37,14.56,0.600,0
3.406,8.37,14.53,0.600,0
3.407,8.37,14.53,0.600,0
3.407,8.37,14.53,0.600,0
3.407,8.37,14.53,0.600,0
3.407,8.37,14.49,0.600,0
3.408,8.37,14.49,0.600,0
3.408,8.37,14.49,0.600,0
3.408,8.37,14.46,0.600,0
3.408,8.37,14.46,0.600,0
3.409,8.37,14.46,0.600,0
3.409,8.37,14.46,0.600,0
3.409,8.37,14.43,0.600,0
3.409,8.37,14.43,0.600,0
3.410,8.37,14.43,0.600,0
3.410,8.37,14.43,0.600,0
3.410,8.37,14.43,0.600,0
3.410,8.37,14.40,0.600,0
3.411,8.37,14.40,0.600,0
3.411,8.37,14.40,0.600,0
3.411,8.37,14.40,0.600,0
3.411,8.37,14.36,0.600,0
3.412,8.37,14.36,0.600,0
3.412,8.37,14.36,0.600,0
3.412,8.37,14.36,0.600,0
3.412,8.37,14.33,0.600,0
3.413,8.37,14.33,0.600,0
3.413,8.37,14.33,0.600,0
3.413,8.37,14.33,0.600,0
3.413,8.37,14.30,0.600,0
3.414,8.37,14.30,0.600,0
3.414,8.37,14.30,0.600,0
3.414,8.37,14.30,0.600,0
3.414,8.37,14.27,0.600,0
3.415,8.37,14.27,0.600,0
3.415,8.37,14.27,0.600,0
3.415,8.37,14.23,0.600,0
3.416,8.37,14.23,0.600,0
3.416,8.37,14.23,0.600,0
3.416,8.37,14.23,0.600,0
3.416,8.37,14.23,0.600,0
3.417,8.37,14.20,0.600,0
3.417,8.37,14.20,0.600,0
3.417,8.37,14.20,0.600,0
3.417,8.37,14.17,0.600,0
3.418,8.37,14.17,0.600,0
3.418,8.37,14.17,0.600,0
3.418,8.37,14.17,0.600,0
3.418,8.37,14.14,0.600,0
3.419,8.37,14.14,0.600,0
3.419,8.37,14.14,0.600,0
3.419,8.37,14.14,0.600,0
3.419,8.37,14.10,0.600,0
3.420,8.37,14.10,0.600,0
3.420,8.37,14.10,0.600,0
3.420,8.37,14.10,0.600,0
3.420,8.37,14.07,0.600,0
3.421,8.37,14.07,0.600,0
3.421,8.37,14.07,0.600,0
3.421,8.37,14.07,0.600,0
3.421,8.37,14.04,0.600,0
3.422,8.37,14.04,0.600,0
3.422,8.37,14.04,0.600,0
3.422,8.37,14.04,0.600,0
3.422,8.37,14.01,0.600,0
3.423,8.37,14.01,0.600,0
3.423,8.37,14.01,0.600,0
3.423,8.37,13.97,0.600,0
3.424,8.37,13.97,0.600,0
3.424,8.37,13.97,0.600,0
3.424,8.37,13.97,0.600,0
3.424,8.37,13.97,0.600,0
3.424,8.37,13.94,0.600,0
3.425,8.37,13.94,0.600,0
3.425,8.37,13.94,0.600,0
3.425,8.37,13.94,0.600,0
3.425,8.37,13.91,0.600,0
3.426,8.37,13.91,0.600,0
3.426,8.37,13.91,0.600,0
3.426,8.37,13.91,0.600,0
3.426,8.37,13.88,0.600,0
3.427,8.37,13.88,0.600,0
3.427,8.37,13.88,0.600,0
3.427,8.37,13.85,0.600,0
3.428,8.37,13.85,0.600,0
3.428,8.37,13.85,0.600,0
3.428,8.37,13.85,0.600,0
3.429,8.37,13.81,0.600,0
3.429,8.37,13.81,0.600,0
3.429,8.37,13.78,0.600,0
3.430,8.37,13.78,0.600,0
3.430,8.37,13.78,0.600,0
3.430,8.37,13.78,0.600,0
3.430,8.37,13.75,0.600,0
3.431,8.37,13.75,0.600,0
3.431,8.37,13.75,0.600,0
3.431,8.37,13.75,0.600,0
3.431,8.37,13.72,0.600,0
3.432,8.37,13.72,0.600,0
3.432,8.37,13.72,0.600,0
3.432,8.37,13.68,0.600,0
3.432,8.37,13.68,0.600,0
3.433,8.37,13.68,0.600,0
3.433,8.37,13.68,0.600,0
3.433,8.37,13.65,0.600,0
3.433,8.37,13.65,0.600,0
3.434,8.37,13.65,0.600,0
3.434,8.37,13.65,0.600,0
3.434,8.37,13.62,0.600,0
3.435,8.37,13.62,0.600,0
3.435,8.37,13.62,0.600,0
3.435,8.37,13.62,0.600,0
3.435,8.37,13.59,0.600,0
3.436,8.37,13.59,0.600,0
3.436,8.37,13.59,0.600,0
3.436,8.37,13.59,0.600,0
3.436,8.37,13.55,0.600,0
3.436,8.37,13.55,0.600,0
3.437,8.37,13.55,0.600,0
3.437,8.37,13.55,0.600,0
3.437,8.37,13.55,0.600,0
3.437,8.37,13.52,0.600,0
3.438,8.37,13.52,0.600,0
3.438,8.37,13.52,0.600,0
3.438,8.37,13.52,0.600,0
3.438,8.37,13.49,0.600,0
3.439,8.37,13.49,0.600,0
3.439,8.37,13.49,0.600,0
3.439,8.37,13.49,0.600,0
3.439,8.37,13.46,0.600,0
3.440,8.37,13.46,0.600,0
3.440,8.37,13.46,0.600,0
3.440,8.37,13.46,0.600,0
3.440,8.37,13.46,0.600,0
3.441,8.37,13.42,0.600,0
3.441,8.37,13.42,0.600,0
3.441,8.37,13.42,0.600,0
3.441,8.37,13.42,0.600,0
3.441,8.37,13.39,0.600,0
3.442,8.37,13.39,0.600,0
3.442,8.37,13.39,0.600,0
3.442,8.37,13.39,0.600,0
3.443,8.37,13.36,0.600,0
3.443,8.37,13.36,0.600,0
3.443,8.37,13.36,0.600,0
3.443,8.37,13.33,0.600,0
3.443,8.37,13.33,0.600,0
3.444,8.37,13.33,0.600,0
3.444,8.37,13.33,0.600,0
3.444,8.37,13.29,0.600,0
3.445,8.37,13.29,0.600,0
3.445,8.37,13.29,0.600,0
3.445,8.37,13.29,0.600,0
3.445,8.37,13.26,0.600,0
3.446,8.37,13.26,0.600,0
3.446,8.37,13.26,0.600,0
3.446,8.37,13.26,0.600,0
3.446,8.37,13.26,0.600,0
3.447,8.37,13.23,0.600,0
3.447,8.37,13.23,0.600,0
3.447,8.37,13.23,0.600,0
3.447,8.37,13.20,0.600,0
3.448,8.37,13.20,0.600,0
3.448,8.37,13.20,0.600,0
3.448,8.37,13.20,0.600,0
3.448,8.37,13.16,0.600,0
3.449,8.37,13.16,0.600,0
3.449,8.37,13.16,0.600,0
3.449,8.37,13.16,0.600,0
3.449,8.37,13.13,0.600,0
3.450,8.37,13.13,0.600,0
3.450,8.37,13.13,0.600,0
3.450,8.37,13.13,0.600,0
3.450,8.37,13.13,0.600,0
3.450,8.37,13.10,0.600,0
3.451,8.37,13.10,0.600,0
3.451,8.37,13.10,0.600,0
3.451,8.37,13.10,0.600,0
3.451,8.37,13.07,0.600,0
3.452,8.37,13.07,0.600,0
3.452,8.37,13.07,0.600,0
3.452,8.37,13.07,0.600,0
3.452,8.37,13.03,0.600,0
3.453,8.37,13.03,0.600,0
3.453,8.37,13.03,0.600,0
3.453,8.37,13.00,0.600,0
3.453,8.37,13.00,0.600,0
3.454,8.37,13.00,0.600,0
3.454,8.37,13.00,0.600,0
3.454,8.37,13.00,0.600,0
3.454,8.37,12.97,0.600,0
3.455,8.37,12.97,0.600,0
3.455,8.37,12.97,0.600,0
3.455,8.37,12.97,0.600,0
3.456,8.37,12.94,0.600,0
3.456,8.37,12.94,0.600,0
3.456,8.37,12.94,0.600,0
3.456,8.37,12.90,0.600,0
3.457,8.37,12.90,0.600,0
3.457,8.37,12.90,0.600,0
3.457,8.37,12.90,0.600,0
3.457,8.37,12.87,0.600,0
3.458,8.37,12.87,0.600,0
3.458,8.37,12.87,0.600,0
3.458,8.37,12.87,0.600,0
3.458,8.37,12.84,0.600,0
3.459,8.37,12.84,0.600,0
3.459,8.37,12.84,0.600,0
3.459,8.37,12.84,0.600,0
3.459,8.37,12.81,0.600,0
3.460,8.37,12.81,0.600,0
3.460,8.37,12.81,0.600,0
3.460,8.37,12.81,0.600,0
3.460,8.37,12.78,0.600,0
3.461,8.37,12.78,0.600,0
3.461,8.37,12.78,0.600,0
3.461,8.37,12.78,0.600,0
3.461,8.37,12.74,0.600,0
3.462,8.37,12.74,0.600,0
3.462,8.37,12.74,0.600,0
3.462,8.37,12.74,0.600,0
3.462,8.37,12.71,0.600,0
3.463,8.37,12.71,0.600,0
3.463,8.37,12.71,0.600,0
3.463,8.37,12.71,0.600,0
3.464,8.37,12.68,0.600,0
3.464,8.37,12.68,0.600,0
3.464,8.37,12.68,0.600,0
3.465,8.37,12.65,0.600,0
3.465,8.37,12.65,0.600,0
3.465,8.37,12.65,0.600,0
3.465,8.37,12.61,0.600,0
3.466,8.37,12.61,0.600,0
3.466,8.37,12.61,0.600,0
3.466,8.37,12.61,0.600,0
3.466,8.37,12.58,0.600,0
3.467,8.37,12.58,0.600,0
3.467,8.37,12.58,0.600,0
3.467,8.37,12.58,0.600,0
3.467,8.37,12.55,0.600,0
3.468,8.37,12.55,0.600,0
3.468,8.37,12.55,0.600,0
3.468,8.37,12.55,0.600,0
3.468,8.37,12.52,0.600,0
3.469,8.37,12.52,0.600,0
3.469,8.37,12.52,0.600,0
3.469,8.37,12.52,0.600,0
3.470,8.37,12.48,0.600,0
3.470,8.37,12.48,0.600,0
3.470,8.37,12.48,0.600,0
3.470,8.37,12.45,0.600,0
3.471,8.37,12.45,0.600,0
3.471,8.37,12.45,0.600,0
3.471,8.37,12.45,0.600,0
3.471,8.37,12.42,0.600,0
3.472,8.37,12.42,0.600,0
3.472,8.37,12.42,0.600,0
3.472,8.37,12.42,0.600,0
3.472,8.37,12.39,0.600,0
3.473,8.37,12.39,0.600,0
3.473,8.37,12.39,0.600,0
3.473,8.37,12.39,0.600,0
3.473,8.37,12.35,0.600,0
3.474,8.37,12.35,0.600,0
3.474,8.37,12.35,0.600,0
3.474,8.37,12.35,0.600,0
3.474,8.37,12.32,0.600,0
3.475,8.37,12.32,0.600,0
3.475,8.37,12.32,0.600,0
3.475,8.37,12.32,0.600,0
3.475,8.37,12.29,0.600,0
3.476,8.37,12.29,0.600,0
3.476,8.37,12.29,0.600,0
3.476,8.37,12.29,0.600,0
3.476,8.37,12.29,0.600,0
3.477,8.37,12.26,0.600,0
3.477,8.37,12.26,0.600,0
3.477,8.37,12.26,0.600,0
3.477,8.37,12.26,0.600,0
3.478,8.37,12.22,0.600,0
3.478,8.37,12.22,0.600,0
3.478,8.37,12.22,0.600,0
3.478,8.37,12.19,0.600,0
3.478,8.37,12.19,0.600,0
3.479,8.37,12.19,0.600,0
3.479,8.37,12.19,0.600,0
3.479,8.37,12.19,0.600,0
3.479,8.37,12.16,0.600,0
3.480,8.37,12.16,0.600,0
3.480,8.37,12.16,0.600,0
3.480,8.37,12.16,0.600,0
3.480,8.37,12.13,0.600,0
3.481,8.37,12.13,0.600,0
3.481,8.37,12.13,0.600,0
3.481,8.37,12.13,0.600,0
3.481,8.37,12.09,0.600,0
3.482,8.37,12.09,0.600,0
3.482,8.37,12.09,0.600,0
3.482,8.37,12.09,0.600,0
3.482,8.37,12.06,0.600,0
3.483,8.37,12.06,0.600,0
3.483,8.37,12.06,0.600,0
3.483,8.37,12.06,0.600,0
3.483,8.37,12.03,0.600,0
3.484,8.37,12.03,0.600,0
3.484,8.37,12.03,0.600,0
3.484,8.37,12.03,0.600,0
3.484,8.37,12.00,0.600,0
3.485,8.37,12.00,0.600,0
3.485,8.37,12.00,0.600,0
3.485,8.37,12.00,0.600,0
3.485,8.37,11.96,0.600,0
3.486,8.37,11.96,0.600,0
3.486,8.37,11.96,0.600,0
3.486,8.37,11.96,0.600,0
3.486,8.37,11.96,0.600,0
3.486,8.37,11.93,0.600,0
3.487,8.37,11.93,0.600,0
3.487,8.37,11.93,0.600,0
3.487,8.37,11.93,0.600,0
3.487,8.37,11.90,0.600,0
3.488,8.37,11.90,0.600,0
3.488,8.37,11.90,0.600,0
3.488,8.37,11.90,0.600,0
3.488,8.37,11.87,0.600,0
3.489,8.37,11.87,0.600,0
3.489,8.37,11.87,0.600,0
3.489,8.37,11.87,0.600,0
3.489,8.37,11.83,0.600,0
3.490,8.37,11.83,0.600,0
3.490,8.37,11.83,0.600,0
3.490,8.37,11.83,0.600,0
3.491,8.37,11.80,0.600,0
3.491,8.37,11.80,0.600,0
3.491,8.37,11.80,0.600,0
3.491,8.37,11.80,0.600,0
3.492,8.37,11.77,0.600,0
3.492,8.37,11.77,0.600,0
3.492,8.37,11.77,0.600,0
3.492,8.37,11.77,0.600,0
3.492,8.37,11.74,0.600,0
3.493,8.37,11.74,0.600,0
3.493,8.37,11.74,0.600,0
3.493,8.37,11.74,0.600,0
3.493,8.37,11.70,0.600,0
3.494,8.37,11.70,0.600,0
3.494,8.37,11.70,0.600,0
3.494,8.37,11.70,0.600,0
3.494,8.37,11.70,0.600,0
3.495,8.37,11.67,0.600,0
3.495,8.37,11.67,0.600,0
3.495,8.37,11.67,0.600,0
3.495,8.37,11.67,0.600,0
3.495,8.37,11.64,0.600,0
3.496,8.37,11.64,0.600,0
3.496,8.37,11.64,0.600,0
3.496,8.37,11.64,0.600,0
3.496,8.37,11.61,0.600,0
3.497,8.37,11.61,0.600,0
3.497,8.37,11.61,0.600,0
3.497,8.37,11.61,0.600,0
3.498,8.37,11.57,0.600,0
3.498,8.37,11.57,0.600,0
3.498,8.37,11.57,0.600,0
3.498,8.37,11.54,0.600,0
3.499,8.37,11.54,0.600,0
3.499,8.37,11.54,0.600,0
3.499,8.37,11.54,0.600,0
3.499,8.37,11.51,0.600,0
3.500,8.37,11.51,0.600,0
3.500,8.37,11.51,0.600,0
3.500,8.37,11.51,0.600,0
3.500,8.37,11.48,0.600,0
3.501,8.37,11.48,0.600,0
3.501,8.37,11.48,0.600,0
3.501,8.37,11.48,0.600,0
3.501,8.37,11.48,0.600,0
3.501,8.37,11.45,0.600,0
3.502,8.37,11.45,0.600,0
3.502,8.37,11.45,0.600,0
3.502,8.37,11.45,0.600,0
3.502,8.37,11.45,0.600,0
3.503,8.37,11.41,0.600,0
3.503,8.37,11.41,0.600,0
3.503,8.37,11.41,0.600,0
3.503,8.37,11.38,0.600,0
3.504,8.37,11.38,0.600,0
3.504,8.37,11.38,0.600,0
3.504,8.37,11.38,0.600,0
3.504,8.37,11.35,0.600,0
3.505,8.37,11.35,0.600,0
3.505,8.37,11.35,0.600,0
3.505,8.37,11.35,0.600,0
3.506,8.37,11.32,0.600,0
3.506,8.37,11.32,0.600,0
3.506,8.37,11.32,0.600,0
3.506,8.37,11.32,0.600,0
3.506,8.37,11.28,0.600,0
3.507,8.37,11.28,0.600,0
3.507,8.37,11.28,0.600,0
3.507,8.37,11.28,0.600,0
3.507,8.37,11.25,0.600,0
3.508,8.37,11.25,0.600,0
3.508,8.37,11.25,0.600,0
3.508,8.37,11.25,0.600,0
3.508,8.37,11.22,0.600,0
3.509,8.37,11.22,0.600,0
3.509,8.37,11.22,0.600,0
3.509,8.37,11.22,0.600,0
3.510,8.37,11.19,0.600,0
3.510,8.37,11.19,0.600,0
3.510,8.37,11.19,0.600,0
3.510,8.37,11.19,0.600,0
3.511,8.37,11.15,0.600,0
3.511,8.37,11.15,0.600,0
3.511,8.37,11.15,0.600,0
3.512,8.37,11.12,0.600,0
3.512,8.37,11.12,0.600,0
3.512,8.37,11.12,0.600,0
3.512,8.37,11.09,0.600,0
3.513,8.37,11.09,0.600,0
3.513,8.37,11.09,0.600,0
3.513,8.37,11.09,0.600,0
3.514,8.37,11.06,0.600,0
3.514,8.37,11.06,0.600,0
3.514,8.37,11.06,0.600,0
3.514,8.37,11.06,0.600,0
3.515,8.37,11.02,0.600,0
3.515,8.37,11.02,0.600,0
3.515,8.37,11.02,0.600,0
3.515,8.37,11.02,0.600,0
3.515,8.37,10.99,0.600,0
3.516,8.37,10.99,0.600,0
3.516,8.37,10.99,0.600,0
3.516,8.37,10.99,0.600,0
3.517,8.37,10.96,0.600,0
3.517,8.37,10.96,0.600,0
3.517,8.37,10.96,0.600,0
3.517,8.37,10.96,0.600,0
3.518,8.37,10.93,0.600,0
3.518,8.37,10.93,0.600,0
3.518,8.37,10.93,0.600,0
3.519,8.37,10.89,0.600,0
3.519,8.37,10.89,0.600,0
3.519,8.37,10.89,0.600,0
3.519,8.37,10.86,0.600,0
3.520,8.37,10.86,0.600,0
3.520,8.37,10.86,0.600,0
3.520,8.37,10.86,0.600,0
3.520,8.37,10.83,0.600,0
3.521,8.37,10.83,0.600,0
3.521,8.37,10.83,0.600,0
3.521,8.37,10.83,0.600,0
3.521,8.37,10.80,0.600,0
3.522,8.37,10.80,0.600,0
3.522,8.37,10.80,0.600,0
3.522,8.37,10.80,0.600,0
3.522,8.37,10.76,0.600,0
3.523,8.37,10.76,0.600,0
3.523,8.37,10.76,0.600,0
3.523,8.37,10.76,0.600,0
3.523,8.37,10.76,0.600,0
3.523,8.37,10.73,0.600,0
3.524,8.37,10.73,0.600,0
3.524,8.37,10.73,0.600,0
3.524,8.37,10.73,0.600,0
3.525,8.37,10.70,0.600,0
3.525,8.37,10.70,0.600,0
3.525,8.37,10.70,0.600,0
3.526,8.37,10.67,0.600,0
3.526,8.37,10.67,0.600,0
3.526,8.37,10.67,0.600,0
3.526,8.37,10.63,0.600,0
3.527,8.37,10.63,0.600,0
3.527,8.37,10.63,0.600,0
3.527,8.37,10.63,0.600,0
3.528,8.37,10.60,0.600,0
3.528,8.37,10.60,0.600,0
3.528,8.37,10.60,0.600,0
3.528,8.37,10.60,0.600,0
3.529,8.37,10.57,0.600,0
3.529,8.37,10.57,0.600,0
3.529,8.37,10.57,0.600,0
3.529,8.37,10.54,0.600,0
3.530,8.37,10.54,0.600,0
3.530,8.37,10.54,0.600,0
3.530,8.37,10.54,0.600,0
3.530,8.37,10.50,0.600,0
3.531,8.37,10.50,0.600,0
3.531,8.37,10.50,0.600,0
3.531,8.37,10.50,0.600,0
3.531,8.37,10.47,0.600,0
3.532,8.37,10.47,0.600,0
3.532,8.37,10.47,0.600,0
3.532,8.37,10.44,0.600,0
3.533,8.37,10.44,0.600,0
3.533,8.37,10.44,0.600,0
3.533,8.37,10.44,0.600,0
3.534,8.37,10.41,0.600,0
3.534,8.37,10.41,0.600,0
3.534,8.37,10.41,0.600,0
3.534,8.37,10.41,0.600,0
3.535,8.37,10.37,0.600,0
3.535,8.37,10.37,0.600,0
3.535,8.37,10.37,0.600,0
3.535,8.37,10.37,0.600,0
3.536,8.37,10.34,0.600,0
3.536,8.37,10.34,0.600,0
3.536,8.37,10.34,0.600,0
3.536,8.37,10.34,0.600,0
3.536,8.37,10.31,0.600,0
3.537,8.37,10.31,0.600,0
3.537,8.37,10.31,0.600,0
3.537,8.37,10.31,0.600,0
3.537,8.37,10.31,0.600,0
3.538,8.37,10.28,0.600,0
3.538,8.37,10.28,0.600,0
3.538,8.37,10.28,0.600,0
3.539,8.37,10.24,0.600,0
3.539,8.37,10.24,0.600,0
3.539,8.37,10.24,0.600,0
3.539,8.37,10.21,0.600,0
3.540,8.37,10.21,0.600,0
3.540,8.37,10.21,0.600,0
3.540,8.37,10.21,0.600,0
3.540,8.37,10.18,0.600,0
3.541,8.37,10.18,0.600,0
3.541,8.37,10.18,0.600,0
3.541,8.37,10.18,0.600,0
3.541,8.37,10.15,0.600,0
3.542,8.37,10.15,0.600,0
3.542,8.37,10.15,0.600,0
3.542,8.37,10.15,0.600,0
3.542,8.37,10.11,0.600,0
3.543,8.37,10.11,0.600,0
3.543,8.37,10.11,0.600,0
3.543,8.37,10.11,0.600,0
3.543,8.37,10.08,0.600,0
3.544,8.37,10.08,0.600,0
3.544,8.37,10.08,0.600,0
3.544,8.37,10.08,0.600,0
3.544,8.37,10.05,0.600,0
3.545,8.37,10.05,0.600,0
3.545,8.37,10.05,0.600,0
3.545,8.37,10.05,0.600,0
3.545,8.37,10.02,0.600,0
3.546,8.37,10.02,0.600,0
3.546,8.37,10.02,0.600,0
3.546,8.37,10.02,0.600,0
3.547,8.37,9.98,0.600,0
3.547,8.37,9.98,0.600,0
3.547,8.37,9.98,0.600,0
3.547,8.37,9.98,0.600,0
3.548,8.37,9.95,0.600,0
3.548,8.37,9.95,0.600,0
3.548,8.37,9.95,0.600,0
3.548,8.37,9.95,0.600,0
3.548,8.37,9.92,0.600,0
3.549,8.37,9.92,0.600,0
3.549,8.37,9.92,0.600,0
3.549,8.37,9.92,0.600,0
3.549,8.37,9.92,0.600,0
3.550,8.37,9.89,0.600,0
3.550,8.37,9.89,0.600,0
3.550,8.37,9.89,0.600,0
3.550,8.37,9.89,0.600,0
3.551,8.37,9.85,0.600,0
3.551,8.37,9.85,0.600,0
3.551,8.37,9.85,0.600,0
3.551,8.37,9.85,0.600,0
3.552,8.37,9.82,0.600,0
3.552,8.37,9.82,0.600,0
3.552,8.37,9.82,0.600,0
3.552,8.37,9.79,0.600,0
3.553,8.37,9.79,0.600,0
3.553,8.37,9.79,0.600,0
3.553,8.37,9.79,0.600,0
3.554,8.37,9.76,0.600,0
3.554,8.37,9.76,0.600,0
3.554,8.37,9.76,0.600,0
3.554,8.37,9.76,0.600,0
3.554,8.37,9.72,0.600,0
3.555,8.37,9.72,0.600,0
3.555,8.37,9.72,0.600,0
3.555,8.37,9.72,0.600,0
3.555,8.37,9.69,0.600,0
3.556,8.37,9.69,0.600,0
3.556,8.37,9.69,0.600,0
3.556,8.37,9.69,0.600,0
3.556,8.37,9.69,0.600,0
3.557,8.37,9.66,0.600,0
3.557,8.37,9.66,0.600,0
3.557,8.37,9.66,0.600,0
3.557,8.37,9.66,0.600,0
3.558,8.37,9.63,0.600,0
3.558,8.37,9.63,0.600,0
3.558,8.37,9.63,0.600,0
3.558,8.37,9.63,0.600,0
3.558,8.37,9.59,0.600,0
3.559,8.37,9.59,0.600,0
3.559,8.37,9.59,0.600,0
3.559,8.37,9.59,0.600,0
3.559,8.37,9.56,0.600,0
3.560,8.37,9.56,0.600,0
3.560,8.37,9.56,0.600,0
3.560,8.37,9.56,0.600,0
3.561,8.37,9.53,0.600,0
3.561,8.37,9.53,0.600,0
3.561,8.37,9.53,0.600,0
3.561,8.37,9.50,0.600,0
3.562,8.37,9.50,0.600,0
3.562,8.37,9.50,0.600,0
3.562,8.37,9.50,0.600,0
3.562,8.37,9.46,0.600,0
3.563,8.37,9.46,0.600,0
3.563,8.37,9.46,0.600,0
3.563,8.37,9.46,0.600,0
3.563,8.37,9.43,0.600,0
3.564,8.37,9.43,0.600,0
3.564,8.37,9.43,0.600,0
3.564,8.37,9.43,0.600,0
3.564,8.37,9.40,0.600,0
3.565,8.37,9.40,0.600,0
3.565,8.37,9.40,0.600,0
3.565,8.37,9.40,0.600,0
3.566,8.37,9.37,0.600,0
3.566,8.37,9.37,0.600,0
3.566,8.37,9.37,0.600,0
3.566,8.37,9.33,0.600,0
3.567,8.37,9.33,0.600,0
3.567,8.37,9.33,0.600,0
3.568,8.37,9.30,0.600,0
3.568,8.37,9.30,0.600,0
3.568,8.37,9.30,0.600,0
3.568,8.37,9.27,0.600,0
3.569,8.37,9.27,0.600,0
3.569,8.37,9.27,0.600,0
3.569,8.37,9.27,0.600,0
3.570,8.37,9.24,0.600,0
3.570,8.37,9.24,0.600,0
3.570,8.37,9.24,0.600,0
3.570,8.37,9.24,0.600,0
3.571,8.37,9.20,0.600,0
3.571,8.37,9.20,0.600,0
3.571,8.37,9.20,0.600,0
3.571,8.37,9.20,0.600,0
3.572,8.37,9.17,0.600,0
3.572,8.37,9.17,0.600,0
3.572,8.37,9.17,0.600,0
3.572,8.37,9.14,0.600,0
3.573,8.37,9.14,0.600,0
3.573,8.37,9.14,0.600,0
3.573,8.37,9.14,0.600,0
3.574,8.37,9.11,0.600,0
3.574,8.37,9.11,0.600,0
3.574,8.37,9.11,0.600,0
3.574,8.37,9.07,0.600,0
3.575,8.37,9.07,0.600,0
3.575,8.37,9.07,0.600,0
3.575,8.37,9.07,0.600,0
3.575,8.37,9.04,0.600,0
3.576,8.37,9.04,0.600,0
3.576,8.37,9.04,0.600,0
3.576,8.37,9.04,0.600,0
3.576,8.37,9.04,0.600,0
3.577,8.37,9.01,0.600,0
3.577,8.37,9.01,0.600,0
3.577,8.37,9.01,0.600,0
3.577,8.37,9.01,0.600,0
3.578,8.37,8.98,0.600,0
3.578,8.37,8.98,0.600,0
3.578,8.37,8.98,0.600,0
3.578,8.37,8.98,0.600,0
3.578,8.37,8.94,0.600,0
3.579,8.37,8.94,0.600,0
3.579,8.37,8.94,0.600,0
3.579,8.37,8.94,0.600,0
3.580,8.37,8.91,0.600,0
3.580,8.37,8.91,0.600,0
3.580,8.37,8.91,0.600,0
3.580,8.37,8.91,0.600,0
3.581,8.37,8.88,0.600,0
3.581,8.37,8.88,0.600,0
3.581,8.37,8.85,0.600,0
3.582,8.37,8.85,0.600,0
3.582,8.37,8.85,0.600,0
3.582,8.37,8.85,0.600,0
3.582,8.37,8.81,0.600,0
3.583,8.37,8.81,0.600,0
3.583,8.37,8.81,0.600,0
3.583,8.37,8.81,0.600,0
3.583,8.37,8.78,0.600,0
3.584,8.37,8.78,0.600,0
3.584,8.37,8.78,0.600,0
3.584,8.37,8.78,0.600,0
3.584,8.37,8.75,0.600,0
3.585,8.37,8.75,0.600,0
3.585,8.37,8.75,0.600,0
3.585,8.37,8.75,0.600,0
3.585,8.37,8.75,0.600,0
3.585,8.37,8.72,0.600,0
3.586,8.37,8.72,0.600,0
3.586,8.37,8.72,0.600,0
3.586,8.37,8.72,0.600,0
3.587,8.37,8.68,0.600,0
3.587,8.37,8.68,0.600,0
3.587,8.37,8.68,0.600,0
3.588,8.37,8.65,0.600,0
3.588,8.37,8.65,0.600,0
3.588,8.37,8.65,0.600,0
3.588,8.37,8.62,0.600,0
3.589,8.37,8.62,0.600,0
3.589,8.37,8.62,0.600,0
3.589,8.37,8.62,0.600,0
3.589,8.37,8.62,0.600,0
3.590,8.37,8.59,0.600,0
3.590,8.37,8.59,0.600,0
3.590,8.37,8.59,0.600,0
3.590,8.37,8.59,0.600,0
3.590,8.37,8.59,0.600,0
3.591,8.37,8.55,0.600,0
3.591,8.37,8.55,0.600,0
3.591,8.37,8.55,0.600,0
3.591,8.37,8.55,0.600,0
3.592,8.37,8.52,0.600,0
3.592,8.37,8.52,0.600,0
3.592,8.37,8.52,0.600,0
3.592,8.37,8.52,0.600,0
3.593,8.37,8.49,0.600,0
3.593,8.37,8.49,0.600,0
3.593,8.37,8.49,0.600,0
3.593,8.37,8.49,0.600,0
3.594,8.37,8.46,0.600,0
3.594,8.37,8.46,0.600,0
3.594,8.37,8.46,0.600,0
3.595,8.37,8.42,0.600,0
3.595,8.37,8.42,0.600,0
3.595,8.37,8.42,0.600,0
3.595,8.37,8.42,0.600,0
3.596,8.37,8.39,0.600,0
3.596,8.37,8.39,0.600,0
3.596,8.37,8.39,0.600,0
3.596,8.37,8.39,0.600,0
3.597,8.37,8.36,0.600,0
3.597,8.37,8.36,0.600,0
3.597,8.37,8.36,0.600,0
3.597,8.37,8.36,0.600,0
3.597,8.37,8.36,0.600,0
3.598,8.37,8.33,0.600,0
3.598,8.37,8.33,0.600,0
3.598,8.37,8.33,0.600,0
3.599,8.37,8.29,0.600,0
3.599,8.37,8.29,0.600,0
3.599,8.37,8.29,0.600,0
3.600,8.37,8.26,0.600,0
3.600,8.37,8.26,0.600,0
3.600,8.37,8.26,0.600,0
3.600,8.37,8.26,0.600,0
3.601,8.37,8.23,0.600,0
3.601,8.37,8.23,0.600,0
3.601,8.37,8.23,0.600,0
3.601,8.37,8.23,0.600,0
3.602,8.37,8.20,0.600,0
3.602,8.37,8.20,0.600,0
3.602,8.37,8.20,0.600,0
3.602,8.37,8.16,0.600,0
3.603,8.37,8.16,0.600,0
3.603,8.37,8.16,0.600,0
3.603,8.37,8.16,0.600,0
3.603,8.37,8.13,0.600,0
3.604,8.37,8.13,0.600,0
3.604,8.37,8.13,0.600,0
3.604,8.37,8.13,0.600,0
3.604,8.37,8.13,0.600,0
3.605,8.37,8.10,0.600,0
3.605,8.37,8.10,0.600,0
3.605,8.37,8.10,0.600,0
3.605,8.37,8.10,0.600,0
3.606,8.37,8.07,0.600,0
3.606,8.37,8.07,0.600,0
3.606,8.37,8.07,0.600,0
3.606,8.37,8.07,0.600,0
3.606,8.37,8.03,0.600,0
3.607,8.37,8.03,0.600,0
3.607,8.37,8.03,0.600,0
3.607,8.37,8.03,0.600,0
3.607,8.37,8.00,0.600,0
3.608,8.37,8.00,0.600,0
3.608,8.37,8.00,0.600,0
3.608,8.37,8.00,0.600,0
3.609,8.37,7.97,0.600,0
3.609,8.37,7.97,0.600,0
3.609,8.37,7.97,0.600,0
3.609,8.37,7.94,0.600,0
3.610,8.37,7.94,0.600,0
3.610,8.37,7.94,0.600,0
3.610,8.37,7.94,0.600,0
3.610,8.37,7.90,0.600,0
3.611,8.37,7.90,0.600,0
3.611,8.37,7.90,0.600,0
3.611,8.37,7.90,0.600,0
3.611,8.37,7.90,0.600,0
3.611,8.37,7.87,0.600,0
3.612,8.37,7.87,0.600,0
3.612,8.37,7.87,0.600,0
3.612,8.37,7.87,0.600,0
3.612,8.37,7.87,0.600,0
3.613,8.37,7.84,0.600,0
3.613,8.37,7.84,0.600,0
3.613,8.37,7.84,0.600,0
3.613,8.37,7.84,0.600,0
3.613,8.37,7.81,0.600,0
3.614,8.37,7.81,0.600,0
3.614,8.37,7.81,0.600,0
3.614,8.37,7.81,0.600,0
3.614,8.37,7.77,0.600,0
3.615,8.37,7.77,0.600,0
3.615,8.37,7.77,0.600,0
3.615,8.37,7.77,0.600,0
3.615,8.37,7.74,0.600,0
3.616,8.37,7.74,0.600,0
3.616,8.37,7.74,0.600,0
3.616,8.37,7.74,0.600,0
3.616,8.37,7.71,0.600,0
3.617,8.37,7.71,0.600,0
3.617,8.37,7.71,0.600,0
3.617,8.37,7.71,0.600,0
3.617,8.37,7.68,0.600,0
3.618,8.37,7.68,0.600,0
3.618,8.37,7.68,0.600,0
3.618,8.37,7.68,0.600,0
3.618,8.37,7.68,0.600,0
3.619,8.37,7.64,0.600,0
3.619,8.37,7.64,0.600,0
3.619,8.37,7.64,0.600,0
3.619,8.37,7.64,0.600,0
3.619,8.37,7.61,0.600,0
3.620,8.37,7.61,0.600,0
3.620,8.37,7.61,0.600,0
3.620,8.37,7.61,0.600,0
3.620,8.37,7.61,0.600,0
3.621,8.37,7.58,0.600,0
3.621,8.37,7.58,0.600,0
3.621,8.37,7.58,0.600,0
3.621,8.37,7.58,0.600,0
3.622,8.37,7.55,0.600,0
3.622,8.37,7.55,0.600,0
3.622,8.37,7.55,0.600,0
3.622,8.37,7.51,0.600,0
3.623,8.37,7.51,0.600,0
3.623,8.37,7.51,0.600,0
3.623,8.37,7.51,0.600,0
3.624,8.37,7.48,0.600,0
3.624,8.37,7.48,0.600,0
3.624,8.37,7.48,0.600,0
3.624,8.37,7.48,0.600,0
3.624,8.37,7.45,0.600,0
3.625,8.37,7.45,0.600,0
3.625,8.37,7.45,0.600,0
3.625,8.37,7.45,0.600,0
3.625,8.37,7.42,0.600,0
3.626,8.37,7.42,0.600,0
3.626,8.37,7.42,0.600,0
3.626,8.37,7.42,0.600,0
3.626,8.37,7.42,0.600,0
3.627,8.37,7.38,0.600,0
3.627,8.37,7.38,0.600,0
3.627,8.37,7.38,0.600,0
3.627,8.37,7.38,0.600,0
3.627,8.37,7.35,0.600,0
3.628,8.37,7.35,0.600,0
3.628,8.37,7.35,0.600,0
3.628,8.37,7.35,0.600,0
3.629,8.37,7.32,0.600,0
3.629,8.37,7.32,0.600,0
3.629,8.37,7.32,0.600,0
3.629,8.37,7.29,0.600,0
3.630,8.37,7.29,0.600,0
3.630,8.37,7.29,0.600,0
3.630,8.37,7.29,0.600,0
3.630,8.37,7.25,0.600,0
3.631,8.37,7.25,0.600,0
3.631,8.37,7.25,0.600,0
3.631,8.37,7.25,0.600,0
3.631,8.37,7.22,0.600,0
3.632,8.37,7.22,0.600,0
3.632,8.37,7.22,0.600,0
3.632,8.37,7.22,0.600,0
3.632,8.37,7.19,0.600,0
3.633,8.37,7.19,0.600,0
3.633,8.37,7.19,0.600,0
3.633,8.37,7.16,0.600,0
3.634,8.37,7.16,0.600,0
3.634,8.37,7.16,0.600,0
3.634,8.37,7.16,0.600,0
3.634,8.37,7.16,0.600,0
3.635,8.37,7.12,0.600,0
3.635,8.37,7.12,0.600,0
3.635,8.37,7.12,0.600,0
3.635,8.37,7.09,0.600,0
3.636,8.37,7.09,0.600,0
3.636,8.37,7.09,0.600,0
3.636,8.37,7.09,0.600,0
3.637,8.37,7.06,0.600,0
3.637,8.37,7.06,0.600,0
3.637,8.37,7.06,0.600,0
3.637,8.37,7.06,0.600,0
3.638,8.37,7.03,0.600,0
3.638,8.37,7.03,0.600,0
3.638,8.37,7.03,0.600,0
3.638,8.37,7.03,0.600,0
3.638,8.37,6.99,0.600,0
3.639,8.37,6.99,0.600,0
3.639,8.37,6.99,0.600,0
3.639,8.37,6.99,0.600,0
3.639,8.37,6.96,0.600,0
3.640,8.37,6.96,0.600,0
3.640,8.37,6.96,0.600,0
3.640,8.37,6.96,0.600,0
3.640,8.37,6.93,0.600,0
3.641,8.37,6.93,0.600,0
3.641,8.37,6.93,0.600,0
3.641,8.37,6.93,0.600,0
3.641,8.37,6.90,0.600,0
3.642,8.37,6.90,0.600,0
3.642,8.37,6.90,0.600,0
3.642,8.37,6.90,0.600,0
3.642,8.37,6.86,0.600,0
3.643,8.37,6.86,0.600,0
3.643,8.37,6.86,0.600,0
3.643,8.37,6.86,0.600,0
3.644,8.37,6.83,0.600,0
3.644,8.37,6.83,0.600,0
3.644,8.37,6.83,0.600,0
3.644,8.37,6.83,0.600,0
3.645,8.37,6.80,0.600,0
3.645,8.37,6.80,0.600,0
3.645,8.37,6.80,0.600,0
3.645,8.37,6.80,0.600,0
3.646,8.37,6.77,0.600,0
3.646,8.37,6.77,0.600,0
3.646,8.37,6.77,0.600,0
3.646,8.37,6.77,0.600,0
3.647,8.37,6.73,0.600,0
3.647,8.37,6.73,0.600,0
3.647,8.37,6.73,0.600,0
3.647,8.37,6.73,0.600,0
3.648,8.37,6.70,0.600,0
3.648,8.37,6.70,0.600,0
3.648,8.37,6.70,0.600,0
3.648,8.37,6.70,0.600,0
3.648,8.37,6.67,0.600,0
3.649,8.37,6.67,0.600,0
3.649,8.37,6.67,0.600,0
3.649,8.37,6.67,0.600,0
3.650,8.37,6.64,0.600,0
3.650,8.37,6.64,0.600,0
3.650,8.37,6.64,0.600,0
3.650,8.37,6.60,0.600,0
3.651,8.37,6.60,0.600,0
3.651,8.37,6.60,0.600,0
3.651,8.37,6.60,0.600,0
3.652,8.37,6.57,0.600,0
3.652,8.37,6.57,0.600,0
3.652,8.37,6.57,0.600,0
3.652,8.37,6.54,0.600,0
3.653,8.37,6.54,0.600,0
3.653,8.37,6.54,0.600,0
3.653,8.37,6.54,0.600,0
3.653,8.37,6.51,0.600,0
3.654,8.37,6.51,0.600,0
3.654,8.37,6.51,0.600,0
3.654,8.37,6.51,0.600,0
3.654,8.37,6.47,0.600,0
3.655,8.37,6.47,0.600,0
3.655,8.37,6.47,0.600,0
3.655,8.37,6.47,0.600,0
3.655,8.37,6.44,0.600,0
3.656,8.37,6.44,0.600,0
3.656,8.37,6.44,0.600,0
3.656,8.37,6.44,0.600,0
3.656,8.37,6.41,0.600,0
3.657,8.37,6.41,0.600,0
3.657,8.37,6.41,0.600,0
3.657,8.37,6.41,0.600,0
3.658,8.37,6.38,0.600,0
3.658,8.37,6.38,0.600,0
3.658,8.37,6.38,0.600,0
3.658,8.37,6.34,0.600,0
3.659,8.37,6.34,0.600,0
3.659,8.37,6.34,0.600,0
3.659,8.37,6.34,0.600,0
3.659,8.37,6.31,0.600,0
3.660,8.37,6.31,0.600,0
3.660,8.37,6.31,0.600,0
3.660,8.37,6.31,0.600,0
3.660,8.37,6.28,0.600,0
3.661,8.37,6.28,0.600,0
3.661,8.37,6.28,0.600,0
3.661,8.37,6.28,0.600,0
3.661,8.37,6.25,0.600,0
3.662,8.37,6.25,0.600,0
3.662,8.37,6.25,0.600,0
3.662,8.37,6.25,0.600,0
3.662,8.37,6.21,0.600,0
3.663,8.37,6.21,0.600,0
3.663,8.37,6.21,0.600,0
3.663,8.37,6.18,0.600,0
3.664,8.37,6.18,0.600,0
3.664,8.37,6.18,0.600,0
3.665,8.37,6.15,0.600,0
3.665,8.37,6.15,0.600,0
3.665,8.37,6.15,0.600,0
3.666,8.37,6.12,0.600,0
3.666,8.37,6.12,0.600,0
3.666,8.37,6.12,0.600,0
3.666,8.37,6.12,0.600,0
3.666,8.37,6.08,0.600,0
3.667,8.37,6.08,0.600,0
3.667,8.37,6.08,0.600,0
3.667,8.37,6.08,0.600,0
3.667,8.37,6.05,0.600,0
3.668,8.37,6.05,0.600,0
3.668,8.37,6.05,0.600,0
3.668,8.37,6.05,0.600,0
3.668,8.37,6.05,0.600,0
3.669,8.37,6.02,0.600,0
3.669,8.37,6.02,0.600,0
3.669,8.37,6.02,0.600,0
3.669,8.37,6.02,0.600,0
3.670,8.37,5.99,0.600,0
3.670,8.37,5.99,0.600,0
3.670,8.37,5.99,0.600,0
3.670,8.37,5.95,0.600,0
3.671,8.37,5.95,0.600,0
3.671,8.37,5.95,0.600,0
3.672,8.37,5.92,0.600,0
3.672,8.37,5.92,0.600,0
3.672,8.37,5.92,0.600,0
3.672,8.37,5.89,0.600,0
3.673,8.37,5.89,0.600,0
3.673,8.37,5.89,0.600,0
3.673,8.37,5.89,0.600,0
3.673,8.37,5.86,0.600,0
3.674,8.37,5.86,0.600,0
3.674,8.37,5.86,0.600,0
3.674,8.37,5.86,0.600,0
3.674,8.37,5.86,0.600,0
3.675,8.37,5.82,0.600,0
3.675,8.37,5.82,0.600,0
3.675,8.37,5.82,0.600,0
3.675,8.37,5.82,0.600,0
3.675,8.37,5.79,0.600,0
3.676,8.37,5.79,0.600,0
3.676,8.37,5.79,0.600,0
3.676,8.37,5.79,0.600,0
3.676,8.37,5.76,0.600,0
3.677,8.37,5.76,0.600,0
3.677,8.37,5.76,0.600,0
3.677,8.37,5.76,0.600,0
3.678,8.37,5.73,0.600,0
3.678,8.37,5.73,0.600,0
3.678,8.37,5.73,0.600,0
3.678,8.37,5.73,0.600,0
3.679,8.37,5.69,0.600,0
3.679,8.37,5.69,0.600,0
3.679,8.37,5.69,0.600,0
3.679,8.37,5.66,0.600,0
3.680,8.37,5.66,0.600,0
3.680,8.37,5.66,0.600,0
3.680,8.37,5.66,0.600,0
3.680,8.37,5.63,0.600,0
3.681,8.37,5.63,0.600,0
3.681,8.37,5.63,0.600,0
3.681,8.37,5.63,0.600,0
3.682,8.37,5.60,0.600,0
3.682,8.37,5.60,0.600,0
3.682,8.37,5.60,0.600,0
3.682,8.37,5.60,0.600,0
3.683,8.37,5.56,0.600,0
3.683,8.37,5.56,0.600,0
3.683,8.37,5.56,0.600,0
3.683,8.37,5.56,0.600,0
3.684,8.37,5.53,0.600,0
3.684,8.37,5.53,0.600,0
3.684,8.37,5.53,0.600,0
3.684,8.37,5.53,0.600,0
3.685,8.37,5.50,0.600,0
3.685,8.37,5.50,0.600,0
3.685,8.37,5.50,0.600,0
3.686,8.37,5.47,0.600,0
3.686,8.37,5.47,0.600,0
3.686,8.37,5.47,0.600,0
3.686,8.37,5.43,0.600,0
3.687,8.37,5.43,0.600,0
3.687,8.37,5.43,0.600,0
3.687,8.37,5.43,0.600,0
3.687,8.37,5.43,0.600,0
3.688,8.37,5.40,0.600,0
3.688,8.37,5.40,0.600,0
3.688,8.37,5.40,0.600,0
3.688,8.37,5.40,0.600,0
3.689,8.37,5.37,0.600,0
3.689,8.37,5.37,0.600,0
3.689,8.37,5.37,0.600,0
3.689,8.37,5.33,0.600,0
3.690,8.37,5.33,0.600,0
3.690,8.37,5.33,0.600,0
3.690,8.37,5.33,0.600,0
3.690,8.37,5.33,0.600,0
3.691,8.37,5.30,0.600,0
3.691,8.37,5.30,0.600,0
3.691,8.37,5.30,0.600,0
3.691,8.37,5.30,0.600,0
3.692,8.37,5.27,0.600,0
3.692,8.37,5.27,0.600,0
3.692,8.37,5.27,0.600,0
3.693,8.37,5.24,0.600,0
3.693,8.37,5.24,0.600,0
3.693,8.37,5.24,0.600,0
3.693,8.37,5.24,0.600,0
3.694,8.37,5.20,0.600,0
3.694,8.37,5.20,0.600,0
3.694,8.37,5.20,0.600,0
3.694,8.37,5.20,0.600,0
3.694,8.37,5.17,0.600,0
3.695,8.37,5.17,0.600,0
3.695,8.37,5.17,0.600,0
3.695,8.37,5.17,0.600,0
3.695,8.37,5.14,0.600,0
3.696,8.37,5.14,0.600,0
3.696,8.37,5.14,0.600,0
3.696,8.37,5.14,0.600,0
3.696,8.37,5.14,0.600,0
3.697,8.37,5.11,0.600,0
3.697,8.37,5.11,0.600,0
3.697,8.37,5.11,0.600,0
3.697,8.37,5.07,0.600,0
3.698,8.37,5.07,0.600,0
3.698,8.37,5.07,0.600,0
3.698,8.37,5.07,0.600,0
3.699,8.37,5.04,0.600,0
3.699,8.37,5.04,0.600,0
3.699,8.37,5.04,0.600,0
3.700,8.37,5.01,0.600,0
3.700,8.37,5.01,0.600,0
3.700,8.37,5.01,0.600,0
3.700,8.37,5.01,0.600,0
3.701,8.37,4.98,0.600,0
3.701,8.37,4.98,0.600,0
3.701,8.37,4.98,0.600,0
3.701,8.37,4.98,0.600,0
3.701,8.37,4.94,0.600,0
3.702,8.37,4.94,0.600,0
3.702,8.37,4.94,0.600,0
3.702,8.37,4.94,0.600,0
3.702,8.37,4.91,0.600,0
3.703,8.37,4.91,0.600,0
3.703,8.37,4.91,0.600,0
3.703,8.37,4.91,0.600,0
3.703,8.37,4.88,0.600,0
3.704,8.37,4.88,0.600,0
3.704,8.37,4.88,0.600,0
3.704,8.37,4.88,0.600,0
3.704,8.37,4.85,0.600,0
3.705,8.37,4.85,0.600,0
3.705,8.37,4.85,0.600,0
3.705,8.37,4.85,0.600,0
3.706,8.37,4.81,0.600,0
3.706,8.37,4.81,0.600,0
3.706,8.37,4.81,0.600,0
3.706,8.37,4.81,0.600,0
3.707,8.37,4.78,0.600,0
3.707,8.37,4.78,0.600,0
3.707,8.37,4.78,0.600,0
3.707,8.37,4.75,0.600,0
3.708,8.37,4.75,0.600,0
3.708,8.37,4.75,0.600,0
3.708,8.37,4.75,0.600,0
3.708,8.37,4.72,0.600,0
3.709,8.37,4.72,0.600,0
3.709,8.37,4.72,0.600,0
3.709,8.37,4.72,0.600,0
3.709,8.37,4.72,0.600,0
3.710,8.37,4.68,0.600,0
3.710,8.37,4.68,0.600,0
3.710,8.37,4.68,0.600,0
3.710,8.37,4.65,0.600,0
3.711,8.37,4.65,0.600,0
3.711,8.37,4.65,0.600,0
3.711,8.37,4.65,0.600,0
3.711,8.37,4.65,0.600,0
3.712,8.37,4.62,0.600,0
3.712,8.37,4.62,0.600,0
3.712,8.37,4.62,0.600,0
3.712,8.37,4.62,0.600,0
3.713,8.37,4.59,0.600,0
3.713,8.37,4.59,0.600,0
3.713,8.37,4.59,0.600,0
3.713,8.37,4.59,0.600,0
3.714,8.37,4.55,0.600,0
3.714,8.37,4.55,0.600,0
3.714,8.37,4.55,0.600,0
3.714,8.37,4.55,0.600,0
3.714,8.37,4.52,0.600,0
3.715,8.37,4.52,0.600,0
3.715,8.37,4.52,0.600,0
3.715,8.37,4.52,0.600,0
3.715,8.37,4.49,0.600,0
3.716,8.37,4.49,0.600,0
3.716,8.37,4.49,0.600,0
3.716,8.37,4.49,0.600,0
3.716,8.37,4.46,0.600,0
3.717,8.37,4.46,0.600,0
3.717,8.37,4.46,0.600,0
3.717,8.37,4.46,0.600,0
3.717,8.37,4.46,0.600,0
3.718,8.37,4.42,0.600,0
3.718,8.37,4.42,0.600,0
3.718,8.37,4.42,0.600,0
3.718,8.37,4.42,0.600,0
3.719,8.37,4.39,0.600,0
3.719,8.37,4.39,0.600,0
3.719,8.37,4.39,0.600,0
3.719,8.37,4.36,0.600,0
3.720,8.37,4.36,0.600,0
3.720,8.37,4.36,0.600,0
3.720,8.37,4.36,0.600,0
3.720,8.37,4.36,0.600,0
3.721,8.37,4.33,0.600,0
3.721,8.37,4.33,0.600,0
3.721,8.37,4.33,0.600,0
3.721,8.37,4.30,0.600,0
3.722,8.37,4.30,0.600,0
3.722,8.37,4.30,0.600,0
3.722,8.37,4.30,0.600,0
3.722,8.37,4.28,0.600,0
3.723,8.37,4.28,0.600,0
3.723,8.37,4.28,0.600,0
3.723,8.37,4.28,0.600,0
3.723,8.37,4.28,0.600,0
3.724,8.37,4.25,0.600,0
3.724,8.37,4.25,0.600,0
3.724,8.37,4.25,0.600,0
3.724,8.37,4.25,0.600,0
3.724,8.37,4.23,0.600,0
3.725,8.37,4.23,0.600,0
3.725,8.37,4.23,0.600,0
3.725,8.37,4.21,0.600,0
3.726,8.37,4.21,0.600,0
3.726,8.37,4.21,0.600,0
3.726,8.37,4.21,0.600,0
3.727,8.37,4.19,0.600,0
3.727,8.37,4.19,0.600,0
3.727,8.37,4.19,0.600,0
3.728,8.37,4.16,0.600,0
3.728,8.37,4.16,0.600,0
3.728,8.37,4.16,0.600,0
3.729,8.37,4.14,0.600,0
3.729,8.37,4.14,0.600,0
3.729,8.37,4.12,0.600,0
3.730,8.37,4.12,0.600,0
3.730,8.37,4.12,0.600,0
3.730,8.37,4.12,0.600,0
3.730,8.37,4.12,0.600,0
3.731,8.37,4.09,0.600,0
3.731,8.37,4.09,0.600,0
3.731,8.37,4.09,0.600,0
3.731,8.37,4.09,0.600,0
3.731,8.37,4.07,0.600,0
3.732,8.37,4.07,0.600,0
3.732,8.37,4.07,0.600,0
3.732,8.37,4.07,0.600,0
3.732,8.37,4.04,0.600,0
3.733,8.37,4.04,0.600,0
3.733,8.37,4.04,0.600,0
3.733,8.37,4.04,0.600,0
3.734,8.37,4.02,0.600,0
3.734,8.37,4.02,0.600,0
3.734,8.37,4.02,0.600,0
3.734,8.37,4.02,0.600,0
3.735,8.37,4.00,0.600,0
3.735,8.37,4.00,0.600,0
3.735,8.37,4.00,0.600,0
3.735,8.37,4.00,0.600,0
3.735,8.37,3.97,0.600,0
3.736,8.37,3.97,0.600,0
3.736,8.37,3.97,0.600,0
3.736,8.37,3.97,0.600,0
3.736,8.37,3.95,0.600,0
3.737,8.37,3.95,0.600,0
3.737,8.37,3.95,0.600,0
3.737,8.37,3.95,0.600,0
3.737,8.37,3.95,0.600,0
3.737,8.37,3.93,0.600,0
3.738,8.37,3.93,0.600,0
3.738,8.37,3.93,0.600,0
3.738,8.37,3.93,0.600,0
3.738,8.37,3.91,0.600,0
3.739,8.37,3.91,0.600,0
3.739,8.37,3.91,0.600,0
3.739,8.37,3.91,0.600,0
3.739,8.37,3.88,0.600,0
3.740,8.37,3.88,0.600,0
3.740,8.37,3.88,0.600,0
3.740,8.37,3.88,0.600,0
3.740,8.37,3.86,0.600,0
3.741,8.37,3.86,0.600,0
3.741,8.37,3.86,0.600,0
3.741,8.37,3.86,0.600,0
3.741,8.37,3.86,0.600,0
3.742,8.37,3.84,0.600,0
3.742,8.37,3.84,0.600,0
3.742,8.37,3.84,0.600,0
3.742,8.37,3.84,0.600,0
3.742,8.37,3.81,0.600,0
3.743,8.37,3.81,0.600,0
3.743,8.37,3.81,0.600,0
3.743,8.37,3.81,0.600,0
3.743,8.37,3.79,0.600,0
3.744,8.37,3.79,0.600,0
3.744,8.37,3.79,0.600,0
3.744,8.37,3.79,0.600,0
3.744,8.37,3.79,0.600,0
3.744,8.37,3.76,0.600,0
3.745,8.37,3.76,0.600,0
3.745,8.37,3.76,0.600,0
3.745,8.37,3.76,0.600,0
3.745,8.37,3.74,0.600,0
3.746,8.37,3.74,0.600,0
3.746,8.37,3.74,0.600,0
3.746,8.37,3.74,0.600,0
3.746,8.37,3.71,0.600,0
3.747,8.37,3.71,0.600,0
3.747,8.37,3.71,0.600,0
3.747,8.37,3.71,0.600,0
3.747,8.37,3.71,0.600,0
3.748,8.37,3.68,0.600,0
3.748,8.37,3.68,0.600,0
3.748,8.37,3.68,0.600,0
3.748,8.37,3.65,0.600,0
3.749,8.37,3.65,0.600,0
3.749,8.37,3.65,0.600,0
3.749,8.37,3.65,0.600,0
3.749,8.37,3.62,0.600,0
3.750,8.37,3.62,0.600,0
3.750,8.37,3.62,0.600,0
3.750,8.37,3.62,0.600,0
3.750,8.37,3.62,0.600,0
3.751,8.37,3.60,0.600,0
3.751,8.37,3.60,0.600,0
3.751,8.37,3.60,0.600,0
3.751,8.37,3.60,0.600,0
3.751,8.37,3.57,0.600,0
3.752,8.37,3.57,0.600,0
3.752,8.37,3.57,0.600,0
3.752,8.37,3.57,0.600,0
3.752,8.37,3.57,0.600,0
3.753,8.37,3.54,0.600,0
3.753,8.37,3.54,0.600,0
3.753,8.37,3.54,0.600,0
3.753,8.37,3.54,0.600,0
3.753,8.37,3.50,0.600,0
3.754,8.37,3.50,0.600,0
3.754,8.37,3.50,0.600,0
3.754,8.37,3.50,0.600,0
3.754,8.37,3.47,0.600,0
3.755,8.37,3.47,0.600,0
3.755,8.37,3.47,0.600,0
3.755,8.37,3.47,0.600,0
3.755,8.37,3.44,0.600,0
3.756,8.37,3.44,0.600,0
3.756,8.37,3.44,0.600,0
3.756,8.37,3.44,0.600,0
3.756,8.37,3.41,0.600,0
3.757,8.37,3.41,0.600,0
3.757,8.37,3.41,0.600,0
3.757,8.37,3.41,0.600,0
3.757,8.37,3.41,0.600,0
3.757,8.37,3.38,0.600,0
3.758,8.37,3.38,0.600,0
3.758,8.37,3.38,0.600,0
3.758,8.37,3.38,0.600,0
3.758,8.37,3.35,0.600,0
3.759,8.37,3.35,0.600,0
3.759,8.37,3.35,0.600,0
3.759,8.37,3.35,0.600,0
3.759,8.37,3.35,0.600,0
3.760,8.37,3.31,0.600,0
3.760,8.37,3.31,0.600,0
3.760,8.37,3.31,0.600,0
3.760,8.37,3.28,0.600,0
3.761,8.37,3.28,0.600,0
3.761,8.37,3.28,0.600,0
3.761,8.37,3.28,0.600,0
3.761,8.37,3.28,0.600,0
3.762,8.37,3.25,0.600,0
3.762,8.37,3.25,0.600,0
3.762,8.37,3.25,0.600,0
3.762,8.37,3.22,0.600,0
3.763,8.37,3.22,0.600,0
3.763,8.37,3.22,0.600,0
3.763,8.37,3.22,0.600,0
3.763,8.37,3.22,0.600,0
3.763,8.37,3.18,0.600,0
3.764,8.37,3.18,0.600,0
3.764,8.37,3.18,0.600,0
3.764,8.37,3.18,0.600,0
3.764,8.37,3.15,0.600,0
3.765,8.37,3.15,0.600,0
3.765,8.37,3.15,0.600,0
3.765,8.37,3.15,0.600,0
3.765,8.37,3.15,0.600,0
3.766,8.37,3.12,0.600,0
3.766,8.37,3.12,0.600,0
3.766,8.37,3.12,0.600,0
3.766,8.37,3.12,0.600,0
3.767,8.37,3.09,0.600,0
3.767,8.37,3.09,0.600,0
3.767,8.37,3.09,0.600,0
3.767,8.37,3.09,0.600,0
3.768,8.37,3.05,0.600,0
3.768,8.37,3.05,0.600,0
3.768,8.37,3.05,0.600,0
3.768,8.37,3.05,0.600,0
3.769,8.37,3.02,0.600,0
3.769,8.37,3.02,0.600,0
3.769,8.37,3.02,0.600,0
3.769,8.37,3.02,0.600,0
3.770,8.37,2.99,0.600,0
3.770,8.37,2.99,0.600,0
3.770,8.37,2.99,0.600,0
3.770,8.37,2.99,0.600,0
3.771,8.37,2.96,0.600,0
3.771,8.37,2.96,0.600,0
3.771,8.37,2.96,0.600,0
3.771,8.37,2.96,0.600,0
3.771,8.37,2.92,0.600,0
3.772,8.37,2.92,0.600,0
3.772,8.37,2.92,0.600,0
3.772,8.37,2.92,0.600,0
3.772,8.37,2.89,0.600,0
3.773,8.37,2.89,0.600,0
3.773,8.37,2.89,0.600,0
3.773,8.37,2.89,0.600,0
3.773,8.37,2.89,0.600,0
3.774,8.37,2.86,0.600,0
3.774,8.37,2.86,0.600,0
3.774,8.37,2.86,0.600,0
3.774,8.37,2.83,0.600,0
3.775,8.37,2.83,0.600,0
3.775,8.37,2.83,0.600,0
3.775,8.37,2.83,0.600,0
3.775,8.37,2.79,0.600,0
3.776,8.37,2.79,0.600,0
3.776,8.37,2.79,0.600,0
3.776,8.37,2.79,0.600,0
3.776,8.37,2.76,0.600,0
3.777,8.37,2.76,0.600,0
3.777,8.37,2.76,0.600,0
3.777,8.37,2.76,0.600,0
3.777,8.37,2.76,0.600,0
3.778,8.37,2.73,0.600,0
3.778,8.37,2.73,0.600,0
3.778,8.37,2.73,0.600,0
3.778,8.37,2.73,0.600,0
3.778,8.37,2.70,0.600,0
3.779,8.37,2.70,0.600,0
3.779,8.37,2.70,0.600,0
3.779,8.37,2.70,0.600,0
3.779,8.37,2.66,0.600,0
3.780,8.37,2.66,0.600,0
3.780,8.37,2.66,0.600,0
3.780,8.37,2.66,0.600,0
3.780,8.37,2.66,0.600,0
3.781,8.37,2.63,0.600,0
3.781,8.37,2.63,0.600,0
3.781,8.37,2.63,0.600,0
3.781,8.37,2.63,0.600,0
3.782,8.37,2.60,0.600,0
3.782,8.37,2.60,0.600,0
3.782,8.37,2.60,0.600,0
3.782,8.37,2.60,0.600,0
3.783,8.37,2.57,0.600,0
3.783,8.37,2.57,0.600,0
3.783,8.37,2.57,0.600,0
3.783,8.37,2.53,0.600,0
3.784,8.37,2.53,0.600,0
3.784,8.37,2.53,0.600,0
3.784,8.37,2.53,0.600,0
3.784,8.37,2.50,0.600,0
3.785,8.37,2.50,0.600,0
3.785,8.37,2.50,0.600,0
3.785,8.37,2.50,0.600,0
3.785,8.37,2.50,0.600,0
3.786,8.37,2.47,0.600,0
3.786,8.37,2.47,0.600,0
3.786,8.37,2.47,0.600,0
3.786,8.37,2.47,0.600,0
3.786,8.37,2.44,0.600,0
3.787,8.37,2.44,0.600,0
3.787,8.37,2.44,0.600,0
3.787,8.37,2.44,0.600,0
3.787,8.37,2.44,0.600,0
3.788,8.37,2.40,0.600,0
3.788,8.37,2.40,0.600,0
3.788,8.37,2.40,0.600,0
3.788,8.37,2.37,0.600,0
3.789,8.37,2.37,0.600,0
3.789,8.37,2.37,0.600,0
3.789,8.37,2.37,0.600,0
3.790,8.37,2.34,0.600,0
3.790,8.37,2.34,0.600,0
3.790,8.37,2.34,0.600,0
3.790,8.37,2.34,0.600,0
3.791,8.37,2.31,0.600,0
3.791,8.37,2.31,0.600,0
3.791,8.37,2.31,0.600,0
3.791,8.37,2.31,0.600,0
3.791,8.37,2.27,0.600,0
3.792,8.37,2.27,0.600,0
3.792,8.37,2.27,0.600,0
3.792,8.37,2.27,0.600,0
3.792,8.37,2.24,0.600,0
3.793,8.37,2.24,0.600,0
3.793,8.37,2.24,0.600,0
3.793,8.37,2.24,0.600,0
3.793,8.37,2.24,0.600,0
3.794,8.37,2.21,0.600,0
3.794,8.37,2.21,0.600,0
3.794,8.37,2.21,0.600,0
3.794,8.37,2.21,0.600,0
3.795,8.37,2.18,0.600,0
3.795,8.37,2.18,0.600,0
3.795,8.37,2.18,0.600,0
3.795,8.37,2.14,0.600,0
3.796,8.37,2.14,0.600,0
3.796,8.37,2.14,0.600,0
3.796,8.37,2.14,0.600,0
3.797,8.37,2.11,0.600,0
3.797,8.37,2.11,0.600,0
3.797,8.37,2.11,0.600,0
3.797,8.37,2.11,0.600,0
3.798,8.37,2.08,0.600,0
3.798,8.37,2.08,0.600,0
3.798,8.37,2.08,0.600,0
3.799,8.37,2.05,0.600,0
3.799,8.37,2.05,0.600,0
3.799,8.37,2.05,0.600,0
3.799,8.37,2.05,0.600,0
3.800,8.37,2.01,0.600,0
3.800,8.37,2.01,0.600,0
3.800,8.37,2.01,0.600,0
3.800,8.37,2.01,0.600,0
3.801,8.37,1.98,0.600,0
3.801,8.37,1.98,0.600,0
3.801,8.37,1.98,0.600,0
3.801,8.37,1.98,0.600,0
3.802,8.37,1.95,0.600,0
3.802,8.37,1.95,0.600,0
3.802,8.37,1.95,0.600,0
3.802,8.37,1.92,0.600,0
3.803,8.37,1.92,0.600,0
3.803,8.37,1.92,0.600,0
3.803,8.37,1.92,0.600,0
3.804,8.37,1.88,0.600,0
3.804,8.37,1.88,0.600,0
3.804,8.37,1.88,0.600,0
3.804,8.37,1.85,0.600,0
3.805,8.37,1.85,0.600,0
3.805,8.37,1.85,0.600,0
3.805,8.37,1.85,0.600,0
3.805,8.37,1.82,0.600,0
3.806,8.37,1.82,0.600,0
3.806,8.37,1.82,0.600,0
3.806,8.37,1.82,0.600,0
3.806,8.37,1.78,0.600,0
3.807,8.37,1.78,0.600,0
3.807,8.37,1.78,0.600,0
3.807,8.37,1.78,0.600,0
3.807,8.37,1.78,0.600,0
3.808,8.37,1.75,0.600,0
3.808,8.37,1.75,0.600,0
3.808,8.37,1.75,0.600,0
3.808,8.37,1.75,0.600,0
3.809,8.37,1.72,0.600,0
3.809,8.37,1.72,0.600,0
3.809,8.37,1.72,0.600,0
3.809,8.37,1.69,0.600,0
3.810,8.37,1.69,0.600,0
3.810,8.37,1.69,0.600,0
3.810,8.37,1.69,0.600,0
3.810,8.37,1.69,0.600,0
3.811,8.37,1.65,0.600,0
3.811,8.37,1.65,0.600,0
3.811,8.37,1.65,0.600,0
3.811,8.37,1.65,0.600,0
3.812,8.37,1.62,0.600,0
3.812,8.37,1.62,0.600,0
3.812,8.37,1.62,0.600,0
3.812,8.37,1.62,0.600,0
3.812,8.37,1.59,0.600,0
3.813,8.37,1.59,0.600,0
3.813,8.37,1.59,0.600,0
3.813,8.37,1.59,0.600,0
3.813,8.37,1.56,0.600,0
3.814,8.37,1.56,0.600,0
3.814,8.37,1.56,0.600,0
3.814,8.37,1.56,0.600,0
3.814,8.37,1.52,0.600,0
3.815,8.37,1.52,0.600,0
3.815,8.37,1.52,0.600,0
3.815,8.37,1.52,0.600,0
3.815,8.37,1.49,0.600,0
3.816,8.37,1.49,0.600,0
3.816,8.37,1.49,0.600,0
3.816,8.37,1.49,0.600,0
3.816,8.37,1.46,0.600,0
3.817,8.37,1.46,0.600,0
3.817,8.37,1.46,0.600,0
3.817,8.37,1.46,0.600,0
3.818,8.37,1.46,0.600,0
3.818,8.37,1.43,0.600,0
3.818,8.37,1.43,0.600,0
3.818,8.37,1.39,0.600,0
3.819,8.37,1.39,0.600,0
3.819,8.37,1.39,0.600,0
3.819,8.37,1.39,0.600,0
3.819,8.37,1.36,0.600,0
3.820,8.37,1.36,0.600,0
3.820,8.37,1.36,0.600,0
3.820,8.37,1.36,0.600,0
3.820,8.37,1.33,0.600,0
3.821,8.37,1.33,0.600,0
3.821,8.37,1.33,0.600,0
3.821,8.37,1.33,0.600,0
3.821,8.37,1.30,0.600,0
3.822,8.37,1.30,0.600,0
3.822,8.37,1.30,0.600,0
3.822,8.37,1.30,0.600,0
3.823,8.37,1.26,0.600,0
3.823,8.37,1.26,0.600,0
3.823,8.37,1.26,0.600,0
3.823,8.37,1.23,0.600,0
3.824,8.37,1.23,0.600,0
3.824,8.37,1.23,0.600,0
3.824,8.37,1.23,0.600,0
3.825,8.37,1.20,0.600,0
3.825,8.37,1.20,0.600,0
3.825,8.37,1.20,0.600,0
3.825,8.37,1.20,0.600,0
3.826,8.37,1.17,0.600,0
3.826,8.37,1.17,0.600,0
3.827,8.37,1.13,0.600,0
3.827,8.37,1.13,0.600,0
3.827,8.37,1.13,0.600,0
3.828,8.37,1.10,0.600,0
3.828,8.37,1.10,0.600,0
3.828,8.37,1.10,0.600,0
3.828,8.37,1.10,0.600,0
3.829,8.37,1.07,0.600,0
3.829,8.37,1.07,0.600,0
3.829,8.37,1.07,0.600,0
3.829,8.37,1.07,0.600,0
3.830,8.37,1.04,0.600,0
3.830,8.37,1.04,0.600,0
3.830,8.37,1.04,0.600,0
3.831,8.37,1.00,0.600,0
3.831,8.37,1.00,0.600,0
3.831,8.37,1.00,0.600,0
3.831,8.37,0.97,0.600,0
3.832,8.37,0.97,0.600,0
3.832,8.37,0.97,0.600,0
3.832,8.37,0.97,0.600,0
3.833,8.37,0.94,0.600,1
3.833,14.86,0.94,0.600,0
3.833,14.86,0.94,0.600,0
3.834,14.86,0.91,0.600,0
3.834,14.86,0.91,0.600,0
3.834,14.86,0.91,0.600,0
3.834,14.86,0.91,0.600,0
3.834,14.86,0.87,0.600,0
3.835,14.86,0.87,0.600,0
3.835,14.86,0.87,0.600,0
3.835,14.86,0.87,0.600,0
3.835,14.86,0.84,0.600,0
3.836,14.86,0.84,0.600,0
3.836,14.86,0.84,0.600,0
3.836,14.86,0.84,0.600,0
3.836,14.86,0.81,0.600,0
3.837,14.86,0.81,0.600,0
3.837,14.86,0.81,0.600,0
3.837,14.86,0.81,0.600,0
3.837,14.86,0.77,0.600,0
3.838,14.86,0.77,0.600,0
3.838,14.86,0.77,0.600,0
3.838,14.86,0.77,0.600,0
3.838,14.86,0.74,0.600,0
3.839,14.86,0.74,0.600,0
3.839,14.86,0.74,0.600,0
3.839,14.86,0.74,0.600,0
3.839,14.86,0.71,0.600,0
3.840,14.86,0.71,0.600,0
3.840,14.86,0.71,0.600,0
3.840,14.86,0.71,0.600,0
3.840,14.86,0.68,0.600,0
3.841,14.86,0.68,0.600,0
3.841,14.86,0.68,0.600,0
3.841,14.86,0.68,0.600,0
3.841,14.86,0.64,0.600,0
3.842,14.86,0.64,0.600,0
3.842,14.86,0.64,0.600,0
3.842,14.86,0.64,0.600,0
3.843,14.86,0.61,0.600,0
3.843,14.86,0.61,0.600,0
3.843,14.86,0.61,0.600,0
3.843,14.86,0.58,0.600,0
3.844,14.86,0.58,0.600,0
3.844,14.86,0.58,0.600,0
3.844,14.86,0.58,0.600,0
3.844,14.86,0.55,0.600,0
3.845,14.86,0.55,0.600,0
3.845,14.86,0.55,0.600,0
3.845,14.86,0.55,0.600,0
3.845,14.86,0.51,0.600,0
3.846,14.86,0.51,0.600,0
3.846,14.86,0.51,0.600,0
3.846,14.86,0.51,0.600,0
3.846,14.86,0.48,0.600,0
3.847,14.86,0.48,0.600,0
3.847,14.86,0.48,0.600,0
3.847,14.86,0.48,0.600,0
3.847,14.86,0.45,0.600,0
3.848,14.86,0.45,0.600,0
3.848,14.86,0.45,0.600,0
3.848,14.86,0.45,0.600,0
3.849,14.86,0.42,0.600,0
3.849,14.86,0.42,0.600,0
3.849,14.86,0.42,0.600,0
3.850,14.86,0.38,0.600,0
3.850,14.86,0.38,0.600,0
3.850,14.86,0.38,0.600,0
3.851,14.86,0.35,0.600,0
3.851,14.86,0.35,0.600,0
3.851,14.86,0.35,0.600,0
3.851,14.86,0.32,0.600,0
3.852,14.86,0.32,0.600,0
3.852,14.86,0.32,0.600,0
3.852,14.86,0.32,0.600,0
3.852,14.86,0.29,0.600,0
3.853,14.86,0.29,0.600,0
3.853,14.86,0.29,0.600,0
3.853,14.86,0.29,0.600,0
3.854,14.86,0.25,0.600,0
3.854,14.86,0.25,0.600,0
3.854,14.86,0.25,0.600,0
3.854,14.86,0.22,0.600,0
3.855,14.86,0.22,0.600,0
3.855,14.86,0.22,0.600,0
3.855,14.86,0.22,0.600,0
3.855,14.86,0.19,0.600,0
3.856,14.86,0.19,0.600,0
3.856,14.86,0.19,0.600,0
3.856,14.86,0.19,0.600,0
3.856,14.86,0.16,0.600,0
3.857,14.86,0.16,0.600,0
3.857,14.86,0.16,0.600,0
3.857,14.86,0.16,0.600,0
3.857,14.86,0.12,0.600,0
3.858,14.86,0.12,0.600,0
3.858,14.86,0.12,0.600,0
3.858,14.86,0.12,0.600,0
3.858,14.86,0.09,0.600,0
3.859,14.86,0.09,0.600,0
3.859,14.86,0.09,0.600,0
3.859,14.86,0.09,0.600,0
3.860,14.86,0.06,0.600,0
3.860,14.86,0.06,0.600,0
3.860,14.86,0.06,0.600,0
3.860,14.86,0.06,0.600,0
3.861,14.86,0.03,0.600,0
3.861,14.86,0.03,0.600,0
3.861,14.86,0.03,0.600,0
3.861,14.86,0.03,0.600,0
3.862,14.86,-0.01,0.600,0
3.862,14.86,-0.01,0.600,0
3.862,14.86,-0.01,0.600,0
3.862,14.86,-0.04,0.600,0
3.863,14.86,-0.04,0.600,0
3.863,14.86,-0.04,0.600,0
3.863,14.86,-0.04,0.600,0
3.863,14.86,-0.07,0.600,0
3.864,14.86,-0.07,0.600,0
3.864,14.86,-0.07,0.600,0
3.864,14.86,-0.07,0.600,0
3.865,14.86,-0.10,0.600,0
3.865,14.86,-0.10,0.600,0
3.865,14.86,-0.14,0.600,0
3.866,14.86,-0.14,0.600,0
3.866,14.86,-0.14,0.600,0
3.866,14.86,-0.14,0.600,0
3.867,14.86,-0.17,0.600,0
3.867,14.86,-0.17,0.600,0
3.867,14.86,-0.17,0.600,0
3.867,14.86,-0.17,0.600,0
3.868,14.86,-0.20,0.600,0
3.868,14.86,-0.20,0.600,0
3.868,14.86,-0.20,0.600,0
3.868,14.86,-0.24,0.600,0
3.869,14.86,-0.24,0.600,0
3.869,14.86,-0.24,0.600,0
3.869,14.86,-0.24,0.600,0
3.869,14.86,-0.24,0.600,0
3.870,14.86,-0.27,0.600,0
3.870,14.86,-0.27,0.600,0
3.870,14.86,-0.27,0.600,0
3.870,14.86,-0.30,0.600,0
3.871,14.86,-0.30,0.600,0
3.871,14.86,-0.30,0.600,0
3.871,14.86,-0.30,0.600,0
3.871,14.86,-0.33,0.600,0
3.872,14.86,-0.33,0.600,0
3.872,14.86,-0.33,0.600,0
3.872,14.86,-0.33,0.600,0
3.872,14.86,-0.37,0.600,0
3.873,14.86,-0.37,0.600,0
3.873,14.86,-0.37,0.600,0
3.873,14.86,-0.37,0.600,0
3.873,14.86,-0.40,0.600,0
3.874,14.86,-0.40,0.600,0
3.874,14.86,-0.40,0.600,0
3.874,14.86,-0.40,0.600,0
3.874,14.86,-0.43,0.600,0
3.875,14.86,-0.43,0.600,0
3.875,14.86,-0.43,0.600,0
3.875,14.86,-0.43,0.600,0
3.875,14.86,-0.46,0.600,0
3.876,14.86,-0.46,0.600,0
3.876,14.86,-0.46,0.600,0
3.876,14.86,-0.46,0.600,0
3.876,14.86,-0.46,0.600,0
3.877,14.86,-0.50,0.600,0
3.877,14.86,-0.50,0.600,0
3.877,14.86,-0.50,0.600,0
3.877,14.86,-0.53,0.600,0
3.878,14.86,-0.53,0.600,0
3.878,14.86,-0.53,0.600,0
3.878,14.86,-0.53,0.600,0
3.879,14.86,-0.56,0.600,0
3.879,14.86,-0.56,0.600,0
3.879,14.86,-0.56,0.600,0
3.879,14.86,-0.56,0.600,0
3.880,14.86,-0.59,0.600,0
3.880,14.86,-0.59,0.600,0
3.880,14.86,-0.59,0.600,0
3.880,14.86,-0.63,0.600,0
3.881,14.86,-0.63,0.600,0
3.881,14.86,-0.63,0.600,0
3.881,14.86,-0.63,0.600,0
3.881,14.86,-0.63,0.600,0
3.882,14.86,-0.66,0.600,0
3.882,14.86,-0.66,0.600,0
3.882,14.86,-0.66,0.600,0
3.882,14.86,-0.66,0.600,0
3.883,14.86,-0.69,0.600,0
3.883,14.86,-0.69,0.600,0
3.883,14.86,-0.69,0.600,0
3.883,14.86,-0.72,0.600,0
3.884,14.86,-0.72,0.600,0
3.884,14.86,-0.72,0.600,0
3.884,14.86,-0.72,0.600,0
3.884,14.86,-0.72,0.600,0
3.885,14.86,-0.76,0.600,0
3.885,14.86,-0.76,0.600,0
3.885,14.86,-0.76,0.600,0
3.885,14.86,-0.76,0.600,0
3.886,14.86,-0.79,0.600,0
3.886,14.86,-0.79,0.600,0
3.886,14.86,-0.79,0.600,0
3.886,14.86,-0.79,0.600,0
3.887,14.86,-0.82,0.600,0
3.887,14.86,-0.82,0.600,0
3.887,14.86,-0.82,0.600,0
3.887,14.86,-0.82,0.600,0
3.888,14.86,-0.85,0.600,0
3.888,14.86,-0.85,0.600,0
3.888,14.86,-0.85,0.600,0
3.888,14.86,-0.85,0.600,0
3.889,14.86,-0.89,0.600,0
3.889,14.86,-0.89,0.600,0
3.889,14.86,-0.89,0.600,0
3.889,14.86,-0.89,0.600,0
3.890,14.86,-0.92,0.600,0
3.890,14.86,-0.92,0.600,0
3.890,14.86,-0.92,0.600,0
3.890,14.86,-0.92,0.600,0
3.891,14.86,-0.95,0.600,0
3.891,14.86,-0.95,0.600,0
3.891,14.86,-0.95,0.600,0
3.891,14.86,-0.95,0.600,0
3.892,14.86,-0.98,0.600,0
3.892,14.86,-0.98,0.600,0
3.892,14.86,-0.98,0.600,0
3.892,14.86,-0.98,0.600,0
3.893,14.86,-1.02,0.600,0
3.893,14.86,-1.02,0.600,0
3.893,14.86,-1.02,0.600,0
3.893,14.86,-1.05,0.600,0
3.894,14.86,-1.05,0.600,0
3.894,14.86,-1.05,0.600,0
3.894,14.86,-1.05,0.600,0
3.895,14.86,-1.08,0.600,0
3.895,14.86,-1.08,0.600,0
3.895,14.86,-1.08,0.600,0
3.895,14.86,-1.08,0.600,0
3.896,14.86,-1.11,0.600,0
3.896,14.86,-1.11,0.600,0
3.896,14.86,-1.11,0.600,0
3.896,14.86,-1.11,0.600,0
3.897,14.86,-1.15,0.600,0
3.897,14.86,-1.15,0.600,0
3.897,14.86,-1.15,0.600,0
3.897,14.86,-1.18,0.600,0
3.898,14.86,-1.18,0.600,0
3.898,14.86,-1.18,0.600,0
3.898,14.86,-1.18,0.600,0
3.898,14.86,-1.21,0.600,0
3.899,14.86,-1.21,0.600,0
3.899,14.86,-1.21,0.600,0
3.899,14.86,-1.21,0.600,0
3.900,14.86,-1.25,0.600,0
3.900,14.86,-1.25,0.600,0
3.900,14.86,-1.28,0.600,0
3.901,14.86,-1.28,0.600,0
3.901,14.86,-1.28,0.600,0
3.901,14.86,-1.28,0.600,0
3.901,14.86,-1.28,0.600,0
3.902,14.86,-1.31,0.600,0
3.902,14.86,-1.31,0.600,0
3.902,14.86,-1.31,0.600,0
3.902,14.86,-1.34,0.600,0
3.903,14.86,-1.34,0.600,0
3.903,14.86,-1.34,0.600,0
3.903,14.86,-1.34,0.600,0
3.903,14.86,-1.34,0.600,0
3.903,14.86,-1.38,0.600,0
3.904,14.86,-1.38,0.600,0
3.904,14.86,-1.38,0.600,0
3.904,14.86,-1.38,0.600,0
3.904,14.86,-1.41,0.600,0
3.905,14.86,-1.41,0.600,0
3.905,14.86,-1.41,0.600,0
3.905,14.86,-1.41,0.600,0
3.905,14.86,-1.44,0.600,0
3.906,14.86,-1.44,0.600,0
3.906,14.86,-1.44,0.600,0
3.906,14.86,-1.44,0.600,0
3.907,14.86,-1.47,0.600,0
3.907,14.86,-1.47,0.600,0
3.907,14.86,-1.47,0.600,0
3.907,14.86,-1.47,0.600,0
3.908,14.86,-1.51,0.600,0
3.908,14.86,-1.51,0.600,0
3.908,14.86,-1.51,0.600,0
3.908,14.86,-1.54,0.600,0
3.909,14.86,-1.54,0.600,0
3.909,14.86,-1.54,0.600,0
3.909,14.86,-1.54,0.600,0
3.909,14.86,-1.54,0.600,0
3.910,14.86,-1.57,0.600,0
3.910,14.86,-1.57,0.600,0
3.910,14.86,-1.57,0.600,0
3.910,14.86,-1.57,0.600,0
3.911,14.86,-1.60,0.600,0
3.911,14.86,-1.60,0.600,0
3.911,14.86,-1.60,0.600,0
3.911,14.86,-1.60,0.600,0
3.912,14.86,-1.64,0.600,0
3.912,14.86,-1.64,0.600,0
3.912,14.86,-1.64,0.600,0
3.912,14.86,-1.64,0.600,0
3.913,14.86,-1.67,0.600,0
3.913,14.86,-1.67,0.600,0
3.913,14.86,-1.67,0.600,0
3.913,14.86,-1.67,0.600,0
3.914,14.86,-1.70,0.600,0
3.914,14.86,-1.70,0.600,0
3.914,14.86,-1.70,0.600,0
3.915,14.86,-1.73,0.600,0
3.915,14.86,-1.73,0.600,0
3.915,14.86,-1.73,0.600,0
3.916,14.86,-1.77,0.600,0
3.916,14.86,-1.77,0.600,0
3.916,14.86,-1.77,0.600,0
3.916,14.86,-1.77,0.600,0
3.917,14.86,-1.80,0.600,0
3.917,14.86,-1.80,0.600,0
3.917,14.86,-1.80,0.600,0
3.917,14.86,-1.80,0.600,0
3.918,14.86,-1.83,0.600,0
3.918,14.86,-1.83,0.600,0
3.918,14.86,-1.83,0.600,0
3.918,14.86,-1.83,0.600,0
3.919,14.86,-1.86,0.600,0
3.919,14.86,-1.86,0.600,0
3.919,14.86,-1.86,0.600,0
3.919,14.86,-1.86,0.600,0
3.920,14.86,-1.90,0.600,0
3.920,14.86,-1.90,0.600,0
3.920,14.86,-1.90,0.600,0
3.920,14.86,-1.93,0.600,0
3.921,14.86,-1.93,0.600,0
3.921,14.86,-1.93,0.600,0
3.921,14.86,-1.93,0.600,0
3.922,14.86,-1.96,0.600,0
3.922,14.86,-1.96,0.600,0
3.922,14.86,-1.96,0.600,0
3.922,14.86,-1.96,0.600,0
3.923,14.86,-1.99,0.600,0
3.923,14.86,-1.99,0.600,0
3.923,14.86,-1.99,0.600,0
3.923,14.86,-1.99,0.600,0
3.924,14.86,-2.03,0.600,0
3.924,14.86,-2.03,0.600,0
3.924,14.86,-2.03,0.600,0
3.924,14.86,-2.03,0.600,0
3.925,14.86,-2.06,0.600,0
3.925,14.86,-2.06,0.600,0
3.925,14.86,-2.06,0.600,0
3.925,14.86,-2.09,0.600,0
3.926,14.86,-2.09,0.600,0
3.926,14.86,-2.09,0.600,0
3.926,14.86,-2.09,0.600,0
3.927,14.86,-2.13,0.600,0
3.927,14.86,-2.13,0.600,0
3.927,14.86,-2.13,0.600,0
3.927,14.86,-2.13,0.600,0
3.928,14.86,-2.16,0.600,0
3.928,14.86,-2.16,0.600,0
3.929,14.86,-2.19,0.600,0
3.929,14.86,-2.19,0.600,0
3.929,14.86,-2.19,0.600,0
3.929,14.86,-2.19,0.600,0
3.930,14.86,-2.22,0.600,0
3.930,14.86,-2.22,0.600,0
3.930,14.86,-2.22,0.600,0
3.930,14.86,-2.22,0.600,0
3.931,14.86,-2.26,0.600,0
3.931,14.86,-2.26,0.600,0
3.931,14.86,-2.26,0.600,0
3.931,14.86,-2.26,0.600,0
3.932,14.86,-2.29,0.600,0
3.932,14.86,-2.29,0.600,0
3.932,14.86,-2.29,0.600,0
3.932,14.86,-2.29,0.600,0
3.933,14.86,-2.32,0.600,0
3.933,14.86,-2.32,0.600,0
3.933,14.86,-2.32,0.600,0
3.933,14.86,-2.32,0.600,0
3.934,14.86,-2.35,0.600,0
3.934,14.86,-2.35,0.600,0
3.934,14.86,-2.35,0.600,0
3.934,14.86,-2.39,0.600,0
3.935,14.86,-2.39,0.600,0
3.935,14.86,-2.39,0.600,0
3.935,14.86,-2.39,0.600,0
3.936,14.86,-2.42,0.600,0
3.936,14.86,-2.42,0.600,0
3.936,14.86,-2.42,0.600,0
3.936,14.86,-2.42,0.600,0
3.937,14.86,-2.45,0.600,0
3.937,14.86,-2.45,0.600,0
3.937,14.86,-2.45,0.600,0
3.937,14.86,-2.45,0.600,0
3.938,14.86,-2.48,0.600,0
3.938,14.86,-2.48,0.600,0
3.938,14.86,-2.48,0.600,0
3.938,14.86,-2.48,0.600,0
3.939,14.86,-2.52,0.600,0
3.939,14.86,-2.52,0.600,0
3.939,14.86,-2.52,0.600,0
3.939,14.86,-2.52,0.600,0
3.940,14.86,-2.55,0.600,0
3.940,14.86,-2.55,0.600,0
3.940,14.86,-2.55,0.600,0
3.940,14.86,-2.55,0.600,0
3.941,14.86,-2.58,0.600,0
3.941,14.86,-2.58,0.600,0
3.941,14.86,-2.58,0.600,0
3.941,14.86,-2.58,0.600,0
3.942,14.86,-2.61,0.600,0
3.942,14.86,-2.61,0.600,0
3.942,14.86,-2.61,0.600,0
3.942,14.86,-2.61,0.600,0
3.943,14.86,-2.65,0.600,0
3.943,14.86,-2.65,0.600,0
3.943,14.86,-2.65,0.600,0
3.944,14.86,-2.68,0.600,0
3.944,14.86,-2.68,0.600,0
3.944,14.86,-2.68,0.600,0
3.944,14.86,-2.68,0.600,0
3.945,14.86,-2.71,0.600,0
3.945,14.86,-2.71,0.600,0
3.945,14.86,-2.71,0.600,0
3.945,14.86,-2.71,0.600,0
3.946,14.86,-2.74,0.600,0
3.946,14.86,-2.74,0.600,0
3.946,14.86,-2.74,0.600,0
3.946,14.86,-2.74,0.600,0
3.947,14.86,-2.78,0.600,0
3.947,14.86,-2.78,0.600,0
3.947,14.86,-2.78,0.600,0
3.948,14.86,-2.78,0.600,0
3.948,14.86,-2.81,0.600,0
3.948,14.86,-2.81,0.600,0
3.948,14.86,-2.81,0.600,0
3.949,14.86,-2.84,0.600,0
3.949,14.86,-2.84,0.600,0
3.949,14.86,-2.84,0.600,0
3.950,14.86,-2.88,0.600,0
3.950,14.86,-2.88,0.600,0
3.950,14.86,-2.88,0.600,0
3.950,14.86,-2.88,0.600,0
3.950,14.86,-2.91,0.600,0
3.951,14.86,-2.91,0.600,0
3.951,14.86,-2.91,0.600,0
3.951,14.86,-2.91,0.600,0
3.952,14.86,-2.94,0.600,0
3.952,14.86,-2.94,0.600,0
3.952,14.86,-2.94,0.600,0
3.952,14.86,-2.94,0.600,0
3.953,14.86,-2.97,0.600,0
3.953,14.86,-2.97,0.600,0
3.953,14.86,-2.97,0.600,0
3.953,14.86,-2.97,0.600,0
3.954,14.86,-3.01,0.600,0
3.954,14.86,-3.01,0.600,0
3.954,14.86,-3.01,0.600,0
3.954,14.86,-3.01,0.600,0
3.955,14.86,-3.04,0.600,0
3.955,14.86,-3.04,0.600,0
3.955,14.86,-3.04,0.600,0
3.956,14.86,-3.07,0.600,0
3.956,14.86,-3.07,0.600,0
3.956,14.86,-3.07,0.600,0
3.956,14.86,-3.10,0.600,0
3.957,14.86,-3.10,0.600,0
3.957,14.86,-3.10,0.600,0
3.957,14.86,-3.10,0.600,0
3.957,14.86,-3.10,0.600,0
3.958,14.86,-3.14,0.600,0
3.958,14.86,-3.14,0.600,0
3.958,14.86,-3.14,0.600,0
3.958,14.86,-3.14,0.600,0
3.959,14.86,-3.17,0.600,0
3.959,14.86,-3.17,0.600,0
3.959,14.86,-3.17,0.600,0
3.960,14.86,-3.20,0.600,0
3.960,14.86,-3.20,0.600,0
3.960,14.86,-3.20,0.600,0
3.961,14.86,-3.23,0.600,0
3.961,14.86,-3.23,0.600,0
3.961,14.86,-3.23,0.600,0
3.962,14.86,-3.26,0.600,0
3.962,14.86,-3.26,0.600,0
3.962,14.86,-3.26,0.600,0
3.963,14.86,-3.26,0.600,0
3.963,14.86,-3.29,0.600,0
3.963,14.86,-3.29,0.600,0
3.963,14.86,-3.29,0.600,0
3.964,14.86,-3.32,0.600,0
3.964,14.86,-3.32,0.600,0
3.964,14.86,-3.32,0.600,0
3.964,14.86,-3.32,0.600,0
3.965,14.86,-3.35,0.600,0
3.965,14.86,-3.35,0.600,0
3.965,14.86,-3.35,0.600,0
3.966,14.86,-3.37,0.600,0
3.966,14.86,-3.37,0.600,0
3.966,14.86,-3.37,0.600,0
3.966,14.86,-3.37,0.600,0
3.967,14.86,-3.40,0.600,0
3.967,14.86,-3.40,0.600,0
3.967,14.86,-3.40,0.600,0
3.968,14.86,-3.43,0.600,0
3.968,14.86,-3.43,0.600,0
3.968,14.86,-3.43,0.600,1
3.969,11.95,-3.46,0.600,0
3.969,11.95,-3.46,0.600,0
3.969,11.95,-3.46,0.600,0
3.970,11.95,-3.46,0.600,0
3.970,11.95,-3.49,0.600,0
3.970,11.95,-3.49,0.600,0
3.970,11.95,-3.49,0.600,0
3.971,11.95,-3.52,0.600,0
3.971,11.95,-3.52,0.600,0
3.971,11.95,-3.52,0.600,0
3.971,11.95,-3.52,0.600,0
3.972,11.95,-3.55,0.600,0
3.972,11.95,-3.55,0.600,0
3.972,11.95,-3.55,0.600,0
3.972,11.95,-3.55,0.600,0
3.973,11.95,-3.58,0.600,0
3.973,11.95,-3.58,0.600,0
3.973,11.95,-3.58,0.600,0
3.973,11.95,-3.58,0.600,0
3.974,11.95,-3.61,0.600,0
3.974,11.95,-3.61,0.600,0
3.974,11.95,-3.61,0.600,0
3.974,11.95,-3.61,0.600,0
3.975,11.95,-3.64,0.600,0
3.975,11.95,-3.64,0.600,0
3.975,11.95,-3.64,0.600,0
3.975,11.95,-3.64,0.600,0
3.976,11.95,-3.67,0.600,0
3.976,11.95,-3.67,0.600,0
3.976,11.95,-3.67,0.600,0
3.977,11.95,-3.67,0.600,0
3.977,11.95,-3.70,0.600,0
3.977,11.95,-3.70,0.600,0
3.977,11.95,-3.70,0.600,0
3.977,11.95,-3.70,0.600,0
3.978,11.95,-3.74,0.600,0
3.978,11.95,-3.74,0.600,0
3.978,11.95,-3.74,0.600,0
3.978,11.95,-3.74,0.600,0
3.979,11.95,-3.77,0.600,0
3.979,11.95,-3.77,0.600,0
3.979,11.95,-3.77,0.600,0
3.979,11.95,-3.77,0.600,0
3.980,11.95,-3.80,0.600,0
3.980,11.95,-3.80,0.600,0
3.980,11.95,-3.80,0.600,0
3.980,11.95,-3.80,0.600,0
3.980,11.95,-3.80,0.600,0
3.981,11.95,-3.83,0.600,0
3.981,11.95,-3.83,0.600,0
3.981,11.95,-3.83,0.600,0
3.981,11.95,-3.83,0.600,0
3.982,11.95,-3.87,0.600,0
3.982,11.95,-3.87,0.600,0
3.982,11.95,-3.87,0.600,0
3.982,11.95,-3.87,0.600,0
3.983,11.95,-3.90,0.600,0
3.983,11.95,-3.90,0.600,0
3.983,11.95,-3.90,0.600,0
3.984,11.95,-3.93,0.600,0
3.984,11.95,-3.93,0.600,0
3.984,11.95,-3.93,0.600,0
3.985,11.95,-3.97,0.600,0
3.985,11.95,-3.97,0.600,0
3.985,11.95,-3.97,0.600,0
3.985,11.95,-3.97,0.600,0
3.986,11.95,-3.97,0.600,0
3.986,11.95,-4.00,0.600,0
3.986,11.95,-4.00,0.600,0
3.986,11.95,-4.00,0.600,0
3.986,11.95,-4.00,0.600,0
3.987,11.95,-4.03,0.600,0
3.987,11.95,-4.03,0.600,0
3.987,11.95,-4.03,0.600,0
3.987,11.95,-4.03,0.600,0
3.988,11.95,-4.06,0.600,0
3.988,11.95,-4.06,0.600,0
3.988,11.95,-4.06,0.600,0
3.988,11.95,-4.06,0.600,0
3.989,11.95,-4.06,0.600,0
3.989,11.95,-4.10,0.600,0
3.989,11.95,-4.10,0.600,0
3.989,11.95,-4.10,0.600,0
3.990,11.95,-4.10,0.600,0
3.990,11.95,-4.13,0.600,0
3.990,11.95,-4.13,0.600,0
3.990,11.95,-4.13,0.600,0
3.991,11.95,-4.16,0.600,0
3.991,11.95,-4.16,0.600,0
3.991,11.95,-4.16,0.600,0
3.992,11.95,-4.16,0.600,0
3.992,11.95,-4.19,0.600,0
3.992,11.95,-4.19,0.600,0
3.992,11.95,-4.19,0.600,0
3.992,11.95,-4.19,0.600,0
3.993,11.95,-4.23,0.600,0
3.993,11.95,-4.23,0.600,0
3.993,11.95,-4.23,0.600,0
3.993,11.95,-4.23,0.600,0
3.994,11.95,-4.26,0.600,0
3.994,11.95,-4.26,0.600,0
3.994,11.95,-4.26,0.600,0
3.994,11.95,-4.26,0.600,0
3.995,11.95,-4.29,0.600,0
3.995,11.95,-4.29,0.600,0
3.995,11.95,-4.29,0.600,0
3.995,11.95,-4.29,0.600,0
3.996,11.95,-4.32,0.600,0
3.996,11.95,-4.32,0.600,0
3.996,11.95,-4.32,0.600,0
3.996,11.95,-4.32,0.600,0
3.997,11.95,-4.36,0.600,0
3.997,11.95,-4.36,0.600,0
3.997,11.95,-4.36,0.600,0
3.998,11.95,-4.36,0.600,0
3.998,11.95,-4.39,0.600,0
3.998,11.95,-4.39,0.600,0
3.998,11.95,-4.39,0.600,0
3.999,11.95,-4.42,0.600,0
3.999,11.95,-4.42,0.600,0
3.999,11.95,-4.42,0.600,0
3.999,11.95,-4.42,0.600,0
4.000,11.95,-4.45,0.600,0
4.000,11.95,-4.45,0.600,0
4.000,11.95,-4.45,0.600,0
4.000,11.95,-4.45,0.600,0
4.000,11.95,-4.45,0.600,0
4.001,11.95,-4.49,0.600,0
4.001,11.95,-4.49,0.600,0
4.001,11.95,-4.49,0.600,0
4.001,11.95,-4.49,0.600,0
4.002,11.95,-4.52,0.600,0
4.002,11.95,-4.52,0.600,0
4.002,11.95,-4.52,0.600,0
4.002,11.95,-4.52,0.600,0
4.003,11.95,-4.55,0.600,0
4.003,11.95,-4.55,0.600,0
4.003,11.95,-4.55,0.600,0
4.003,11.95,-4.55,0.600,0
4.004,11.95,-4.58,0.600,0
4.004,11.95,-4.58,0.600,0
4.004,11.95,-4.58,0.600,0
4.004,11.95,-4.58,0.600,0
4.005,11.95,-4.58,0.600,0
4.005,11.95,-4.62,0.600,0
4.005,11.95,-4.62,0.600,0
4.005,11.95,-4.62,0.600,0
4.005,11.95,-4.62,0.600,0
4.006,11.95,-4.65,0.600,0
4.006,11.95,-4.65,0.600,0
4.006,11.95,-4.65,0.600,0
4.006,11.95,-4.65,0.600,0
4.007,11.95,-4.68,0.600,0
4.007,11.95,-4.68,0.600,0
4.007,11.95,-4.68,0.600,0
4.007,11.95,-4.68,0.600,0
4.008,11.95,-4.72,0.600,0
4.008,11.95,-4.72,0.600,0
4.008,11.95,-4.72,0.600,0
4.008,11.95,-4.72,0.600,0
4.009,11.95,-4.75,0.600,0
4.009,11.95,-4.75,0.600,0
4.009,11.95,-4.75,0.600,0
4.009,11.95,-4.75,0.600,0
4.010,11.95,-4.78,0.600,0
4.010,11.95,-4.78,0.600,0
4.010,11.95,-4.78,0.600,0
4.010,11.95,-4.78,0.600,0
4.011,11.95,-4.78,0.600,0
4.011,11.95,-4.81,0.600,0
4.011,11.95,-4.81,0.600,0
4.011,11.95,-4.81,0.600,0
4.012,11.95,-4.85,0.600,0
4.012,11.95,-4.85,0.600,0
4.012,11.95,-4.85,0.600,0
4.012,11.95,-4.85,0.600,0
4.013,11.95,-4.88,0.600,0
4.013,11.95,-4.88,0.600,0
4.013,11.95,-4.88,0.600,0
4.013,11.95,-4.88,0.600,0
4.014,11.95,-4.91,0.600,0
4.014,11.95,-4.91,0.600,0
4.014,11.95,-4.91,0.600,0
4.014,11.95,-4.91,0.600,0
4.014,11.95,-4.91,0.600,0
4.015,11.95,-4.94,0.600,0
4.015,11.95,-4.94,0.600,0
4.015,11.95,-4.94,0.600,0
4.015,11.95,-4.94,0.600,0
4.016,11.95,-4.98,0.600,0
4.016,11.95,-4.98,0.600,0
4.016,11.95,-4.98,0.600,0
4.016,11.95,-4.98,0.600,0
4.017,11.95,-5.01,0.600,0
4.017,11.95,-5.01,0.600,0
4.017,11.95,-5.01,0.600,0
4.017,11.95,-5.01,0.600,0
4.018,11.95,-5.04,0.600,0
4.018,11.95,-5.04,0.600,0
4.018,11.95,-5.04,0.600,0
4.019,11.95,-5.04,0.600,0
4.019,11.95,-5.07,0.600,0
4.019,11.95,-5.07,0.600,0
4.019,11.95,-5.07,0.600,0
4.020,11.95,-5.11,0.600,0
4.020,11.95,-5.11,0.600,0
4.020,11.95,-5.11,0.600,0
4.020,11.95,-5.11,0.600,0
4.020,11.95,-5.11,0.600,0
4.021,11.95,-5.14,0.600,0
4.021,11.95,-5.14,0.600,0
4.021,11.95,-5.14,0.600,0
4.021,11.95,-5.14,0.600,0
4.022,11.95,-5.17,0.600,0
4.022,11.95,-5.17,0.600,0
4.022,11.95,-5.17,0.600,0
4.022,11.95,-5.17,0.600,0
4.023,11.95,-5.20,0.600,0
4.023,11.95,-5.20,0.600,0
4.023,11.95,-5.20,0.600,0
4.023,11.95,-5.20,0.600,0
4.024,11.95,-5.24,0.600,0
4.024,11.95,-5.24,0.600,0
4.024,11.95,-5.24,0.600,0
4.025,11.95,-5.27,0.600,0
4.025,11.95,-5.27,0.600,0
4.025,11.95,-5.27,0.600,0
4.025,11.95,-5.27,0.600,0
4.026,11.95,-5.30,0.600,0
4.026,11.95,-5.30,0.600,0
4.026,11.95,-5.30,0.600,0
4.026,11.95,-5.30,0.600,0
4.027,11.95,-5.33,0.600,0
4.027,11.95,-5.33,0.600,0
4.027,11.95,-5.33,0.600,0
4.027,11.95,-5.33,0.600,0
4.028,11.95,-5.37,0.600,0
4.028,11.95,-5.37,0.600,0
4.028,11.95,-5.37,0.600,0
4.028,11.95,-5.37,0.600,0
4.028,11.95,-5.37,0.600,0
4.029,11.95,-5.40,0.600,0
4.029,11.95,-5.40,0.600,0
4.029,11.95,-5.40,0.600,0
4.029,11.95,-5.40,0.600,0
4.030,11.95,-5.43,0.600,0
4.030,11.95,-5.43,0.600,0
4.030,11.95,-5.43,0.600,0
4.031,11.95,-5.47,0.600,0
4.031,11.95,-5.47,0.600,0
4.031,11.95,-5.47,0.600,0
4.031,11.95,-5.47,0.600,0
4.032,11.95,-5.50,0.600,0
4.032,11.95,-5.50,0.600,0
4.032,11.95,-5.50,0.600,0
4.032,11.95,-5.50,0.600,0
4.033,11.95,-5.53,0.600,0
4.033,11.95,-5.53,0.600,0
4.033,11.95,-5.53,0.600,0
4.033,11.95,-5.53,0.600,0
4.033,11.95,-5.53,0.600,0
4.034,11.95,-5.56,0.600,0
4.034,11.95,-5.56,0.600,0
4.034,11.95,-5.56,0.600,0
4.034,11.95,-5.56,0.600,0
4.035,11.95,-5.60,0.600,0
4.035,11.95,-5.60,0.600,0
4.035,11.95,-5.60,0.600,0
4.035,11.95,-5.60,0.600,0
4.036,11.95,-5.63,0.600,0
4.036,11.95,-5.63,0.600,0
4.036,11.95,-5.63,0.600,0
4.036,11.95,-5.63,0.600,0
4.037,11.95,-5.63,0.600,0
4.037,11.95,-5.66,0.600,0
4.037,11.95,-5.66,0.600,0
4.037,11.95,-5.66,0.600,0
4.037,11.95,-5.66,0.600,0
4.038,11.95,-5.69,0.600,0
4.038,11.95,-5.69,0.600,0
4.038,11.95,-5.69,0.600,0
4.039,11.95,-5.69,0.600,0
4.039,11.95,-5.73,0.600,0
4.039,11.95,-5.73,0.600,0
4.039,11.95,-5.73,0.600,0
4.039,11.95,-5.73,0.600,0
4.040,11.95,-5.76,0.600,0
4.040,11.95,-5.76,0.600,0
4.040,11.95,-5.76,0.600,0
4.040,11.95,-5.76,0.600,0
4.041,11.95,-5.79,0.600,0
4.041,11.95,-5.79,0.600,0
4.041,11.95,-5.79,0.600,0
4.041,11.95,-5.79,0.600,0
4.042,11.95,-5.79,0.600,0
4.042,11.95,-5.82,0.600,0
4.042,11.95,-5.82,0.600,0
4.042,11.95,-5.82,0.600,0
4.042,11.95,-5.82,0.600,0
4.043,11.95,-5.86,0.600,0
4.043,11.95,-5.86,0.600,0
4.043,11.95,-5.86,0.600,0
4.043,11.95,-5.86,0.600,0
4.044,11.95,-5.86,0.600,0
4.044,11.95,-5.89,0.600,0
4.044,11.95,-5.89,0.600,0
4.044,11.95,-5.89,0.600,0
4.045,11.95,-5.92,0.600,0
4.045,11.95,-5.92,0.600,0
4.045,11.95,-5.92,0.600,0
4.045,11.95,-5.92,0.600,0
4.045,11.95,-5.92,0.600,0
4.046,11.95,-5.95,0.600,0
4.046,11.95,-5.95,0.600,0
4.046,11.95,-5.95,0.600,0
4.046,11.95,-5.95,0.600,0
4.047,11.95,-5.99,0.600,0
4.047,11.95,-5.99,0.600,0
4.047,11.95,-5.99,0.600,0
4.047,11.95,-5.99,0.600,0
4.048,11.95,-5.99,0.600,0
4.048,11.95,-6.02,0.600,0
4.048,11.95,-6.02,0.600,0
4.048,11.95,-6.02,0.600,0
4.048,11.95,-6.02,0.600,0
4.049,11.95,-6.05,0.600,0
4.049,11.95,-6.05,0.600,0
4.049,11.95,-6.05,0.600,0
4.049,11.95,-6.05,0.600,0
4.050,11.95,-6.09,0.600,0
4.050,11.95,-6.09,0.600,0
4.050,11.95,-6.09,0.600,0
4.050,11.95,-6.09,0.600,0
4.051,11.95,-6.09,0.600,0
4.051,11.95,-6.12,0.600,0
4.051,11.95,-6.12,0.600,0
4.051,11.95,-6.12,0.600,0
4.051,11.95,-6.12,0.600,0
4.052,11.95,-6.15,0.600,0
4.052,11.95,-6.15,0.600,0
4.052,11.95,-6.15,0.600,0
4.052,11.95,-6.15,0.600,0
4.053,11.95,-6.18,0.600,0
4.053,11.95,-6.18,0.600,0
4.053,11.95,-6.18,0.600,0
4.053,11.95,-6.18,0.600,0
4.054,11.95,-6.22,0.600,0
4.054,11.95,-6.22,0.600,0
4.054,11.95,-6.22,0.600,0
4.054,11.95,-6.22,0.600,0
4.054,11.95,-6.22,0.600,0
4.055,11.95,-6.25,0.600,0
4.055,11.95,-6.25,0.600,0
4.055,11.95,-6.25,0.600,0
4.055,11.95,-6.25,0.600,0
4.056,11.95,-6.28,0.600,0
4.056,11.95,-6.28,0.600,0
4.056,11.95,-6.28,0.600,0
4.056,11.95,-6.28,0.600,0
4.057,11.95,-6.31,0.600,0
4.057,11.95,-6.31,0.600,0
4.057,11.95,-6.31,0.600,0
4.057,11.95,-6.31,0.600,0
4.058,11.95,-6.31,0.600,0
4.058,11.95,-6.35,0.600,0
4.058,11.95,-6.35,0.600,0
4.058,11.95,-6.35,0.600,0
4.059,11.95,-6.38,0.600,0
4.059,11.95,-6.38,0.600,0
4.059,11.95,-6.38,0.600,0
4.059,11.95,-6.38,0.600,0
4.059,11.95,-6.38,0.600,0
4.060,11.95,-6.41,0.600,0
4.060,11.95,-6.41,0.600,0
4.060,11.95,-6.41,0.600,0
4.060,11.95,-6.41,0.600,0
4.061,11.95,-6.44,0.600,0
4.061,11.95,-6.44,0.600,0
4.061,11.95,-6.44,0.600,0
4.061,11.95,-6.44,0.600,0
4.062,11.95,-6.48,0.600,0
4.062,11.95,-6.48,0.600,0
4.062,11.95,-6.48,0.600,0
4.062,11.95,-6.48,0.600,0
4.063,11.95,-6.51,0.600,0
4.063,11.95,-6.51,0.600,0
4.063,11.95,-6.51,0.600,0
4.063,11.95,-6.51,0.600,0
4.064,11.95,-6.54,0.600,0
4.064,11.95,-6.54,0.600,0
4.064,11.95,-6.54,0.600,0
4.064,11.95,-6.54,0.600,0
4.065,11.95,-6.57,0.600,0
4.065,11.95,-6.57,0.600,0
4.065,11.95,-6.57,0.600,0
4.066,11.95,-6.61,0.600,0
4.066,11.95,-6.61,0.600,0
4.066,11.95,-6.61,0.600,0
4.067,11.95,-6.64,0.600,0
4.067,11.95,-6.64,0.600,0
4.067,11.95,-6.64,0.600,0
4.067,11.95,-6.64,0.600,0
4.068,11.95,-6.67,0.600,0
4.068,11.95,-6.67,0.600,0
4.068,11.95,-6.67,0.600,0
4.068,11.95,-6.67,0.600,0
4.069,11.95,-6.67,0.600,0
4.069,11.95,-6.70,0.600,0
4.069,11.95,-6.70,0.600,0
4.069,11.95,-6.70,0.600,0
4.069,11.95,-6.70,0.600,0
4.070,11.95,-6.70,0.600,0
4.070,11.95,-6.74,0.600,0
4.070,11.95,-6.74,0.600,0
4.070,11.95,-6.74,0.600,0
4.071,11.95,-6.77,0.600,0
4.071,11.95,-6.77,0.600,0
4.071,11.95,-6.77,0.600,0
4.071,11.95,-6.77,0.600,0
4.072,11.95,-6.80,0.600,0
4.072,11.95,-6.80,0.600,0
4.072,11.95,-6.80,0.600,0
4.072,11.95,-6.80,0.600,0
4.073,11.95,-6.84,0.600,0
4.073,11.95,-6.84,0.600,0
4.073,11.95,-6.84,0.600,0
4.073,11.95,-6.84,0.600,0
4.074,11.95,-6.87,0.600,0
4.074,11.95,-6.87,0.600,0
4.074,11.95,-6.87,0.600,0
4.074,11.95,-6.87,0.600,0
4.075,11.95,-6.90,0.600,0
4.075,11.95,-6.90,0.600,0
4.075,11.95,-6.90,0.600,0
4.075,11.95,-6.90,0.600,0
4.076,11.95,-6.93,0.600,0
4.076,11.95,-6.93,0.600,0
4.076,11.95,-6.93,0.600,0
4.076,11.95,-6.93,0.600,0
4.077,11.95,-6.97,0.600,0
4.077,11.95,-6.97,0.600,0
4.077,11.95,-6.97,0.600,0
4.077,11.95,-6.97,0.600,0
4.078,11.95,-6.97,0.600,0
4.078,11.95,-7.00,0.600,0
4.078,11.95,-7.00,0.600,0
4.078,11.95,-7.00,0.600,0
4.078,11.95,-7.00,0.600,0
4.079,11.95,-7.03,0.600,0
4.079,11.95,-7.03,0.600,0
4.079,11.95,-7.03,0.600,0
4.079,11.95,-7.03,0.600,0
4.080,11.95,-7.06,0.600,0
4.080,11.95,-7.06,0.600,0
4.080,11.95,-7.06,0.600,0
4.081,11.95,-7.10,0.600,0
4.081,11.95,-7.10,0.600,0
4.081,11.95,-7.10,0.600,0
4.081,11.95,-7.10,0.600,0
4.082,11.95,-7.13,0.600,0
4.082,11.95,-7.13,0.600,0
4.082,11.95,-7.13,0.600,0
4.082,11.95,-7.13,0.600,0
4.082,11.95,-7.13,0.600,0
4.083,11.95,-7.16,0.600,0
4.083,11.95,-7.16,0.600,0
4.083,11.95,-7.16,0.600,0
4.083,11.95,-7.16,0.600,0
4.084,11.95,-7.19,0.600,0
4.084,11.95,-7.19,0.600,0
4.084,11.95,-7.19,0.600,0
4.084,11.95,-7.19,0.600,0
4.085,11.95,-7.19,0.600,0
4.085,11.95,-7.23,0.600,0
4.085,11.95,-7.23,0.600,0
4.085,11.95,-7.23,0.600,0
4.085,11.95,-7.23,0.600,0
4.086,11.95,-7.26,0.600,0
4.086,11.95,-7.26,0.600,0
4.086,11.95,-7.26,0.600,0
4.087,11.95,-7.26,0.600,0
4.087,11.95,-7.29,0.600,0
4.087,11.95,-7.29,0.600,0
4.088,11.95,-7.29,0.600,0
4.088,11.95,-7.32,0.600,0
4.088,11.95,-7.32,0.600,0
4.088,11.95,-7.32,0.600,0
4.089,11.95,-7.32,0.600,0
4.089,11.95,-7.36,0.600,0
4.089,11.95,-7.36,0.600,0
4.089,11.95,-7.36,0.600,0
4.089,11.95,-7.36,0.600,0
4.090,11.95,-7.39,0.600,0
4.090,11.95,-7.39,0.600,0
4.090,11.95,-7.39,0.600,0
4.090,11.95,-7.39,0.600,0
4.091,11.95,-7.42,0.600,0
4.091,11.95,-7.42,0.600,0
4.091,11.95,-7.42,0.600,0
4.091,11.95,-7.42,0.600,0
4.092,11.95,-7.46,0.600,0
4.092,11.95,-7.46,0.600,0
4.092,11.95,-7.46,0.600,0
4.092,11.95,-7.46,0.600,0
4.093,11.95,-7.49,0.600,0
4.093,11.95,-7.49,0.600,0
4.093,11.95,-7.49,0.600,0
4.093,11.95,-7.49,0.600,0
4.094,11.95,-7.52,0.600,0
4.094,11.95,-7.52,0.600,0
4.094,11.95,-7.52,0.600,0
4.095,11.95,-7.55,0.600,0
4.095,11.95,-7.55,0.600,0
4.095,11.95,-7.55,0.600,0
4.096,11.95,-7.59,0.600,0
4.096,11.95,-7.59,0.600,0
4.096,11.95,-7.59,0.600,0
4.096,11.95,-7.59,0.600,0
4.097,11.95,-7.59,0.600,0
4.097,11.95,-7.62,0.600,0
4.097,11.95,-7.62,0.600,0
4.097,11.95,-7.62,0.600,0
4.098,11.95,-7.62,0.600,0
4.098,11.95,-7.65,0.600,0
4.098,11.95,-7.65,0.600,0
4.098,11.95,-7.65,0.600,0
4.099,11.95,-7.65,0.600,0
4.099,11.95,-7.68,0.600,0
4.099,11.95,-7.68,0.600,0
4.100,11.95,-7.68,0.600,1
4.100,7.25,-7.72,0.600,0
4.100,7.25,-7.72,0.600,0
4.100,7.25,-7.72,0.600,0
4.101,7.25,-7.75,0.600,0
4.101,7.25,-7.75,0.600,0
4.101,7.25,-7.75,0.600,0
4.101,7.25,-7.75,0.600,0
4.102,7.25,-7.78,0.600,0
4.102,7.25,-7.78,0.600,0
4.102,7.25,-7.78,0.600,0
4.103,7.25,-7.78,0.600,0
4.103,7.25,-7.81,0.600,0
4.103,7.25,-7.81,0.600,0
4.103,7.25,-7.81,0.600,0
4.104,7.25,-7.85,0.600,0
4.104,7.25,-7.85,0.600,0
4.104,7.25,-7.85,0.600,0
4.105,7.25,-7.85,0.600,0
4.105,7.25,-7.88,0.600,0
4.105,7.25,-7.88,0.600,0
4.105,7.25,-7.88,0.600,0
4.105,7.25,-7.88,0.600,0
4.106,7.25,-7.91,0.600,0
4.106,7.25,-7.91,0.600,0
4.106,7.25,-7.91,0.600,0
4.106,7.25,-7.91,0.600,0
4.107,7.25,-7.94,0.600,0
4.107,7.25,-7.94,0.600,0
4.107,7.25,-7.94,0.600,0
4.107,7.25,-7.94,0.600,0
4.108,7.25,-7.94,0.600,0
4.108,7.25,-7.98,0.600,0
4.108,7.25,-7.98,0.600,0
4.108,7.25,-7.98,0.600,0
4.109,7.25,-8.01,0.600,0
4.109,7.25,-8.01,0.600,0
4.109,7.25,-8.01,0.600,0
4.109,7.25,-8.01,0.600,0
4.110,7.25,-8.04,0.600,0
4.110,7.25,-8.04,0.600,0
4.110,7.25,-8.04,0.600,0
4.110,7.25,-8.04,0.600,0
4.111,7.25,-8.07,0.600,0
4.111,7.25,-8.07,0.600,0
4.111,7.25,-8.07,0.600,0
4.111,7.25,-8.07,0.600,0
4.111,7.25,-8.07,0.600,0
4.112,7.25,-8.10,0.600,0
4.112,7.25,-8.10,0.600,0
4.112,7.25,-8.10,0.600,0
4.112,7.25,-8.10,0.600,0
4.113,7.25,-8.13,0.600,0
4.113,7.25,-8.13,0.600,0
4.113,7.25,-8.13,0.600,0
4.113,7.25,-8.13,0.600,0
4.114,7.25,-8.13,0.600,0
4.114,7.25,-8.16,0.600,0
4.114,7.25,-8.16,0.600,0
4.114,7.25,-8.16,0.600,0
4.115,7.25,-8.19,0.600,0
4.115,7.25,-8.19,0.600,0
4.115,7.25,-8.19,0.600,0
4.115,7.25,-8.19,0.600,0
4.116,7.25,-8.22,0.600,0
4.116,7.25,-8.22,0.600,0
4.116,7.25,-8.22,0.600,0
4.116,7.25,-8.22,0.600,0
4.117,7.25,-8.25,0.600,0
4.117,7.25,-8.25,0.600,0
4.117,7.25,-8.25,0.600,0
4.117,7.25,-8.25,0.600,0
4.118,7.25,-8.25,0.600,0
4.118,7.25,-8.28,0.600,0
4.118,7.25,-8.28,0.600,0
4.118,7.25,-8.28,0.600,0
4.118,7.25,-8.28,0.600,0
4.119,7.25,-8.32,0.600,0
4.119,7.25,-8.32,0.600,0
4.119,7.25,-8.32,0.600,0
4.119,7.25,-8.32,0.600,0
4.120,7.25,-8.35,0.600,0
4.120,7.25,-8.35,0.600,0
4.120,7.25,-8.35,0.600,0
4.120,7.25,-8.35,0.600,0
4.120,7.25,-8.35,0.600,0
4.121,7.25,-8.38,0.600,0
4.121,7.25,-8.38,0.600,0
4.121,7.25,-8.38,0.600,0
4.121,7.25,-8.38,0.600,0
4.122,7.25,-8.41,0.600,0
4.122,7.25,-8.41,0.600,0
4.122,7.25,-8.41,0.600,0
4.122,7.25,-8.41,0.600,0
4.123,7.25,-8.45,0.600,0
4.123,7.25,-8.45,0.600,0
4.123,7.25,-8.45,0.600,0
4.123,7.25,-8.45,0.600,0
4.124,7.25,-8.48,0.600,0
4.124,7.25,-8.48,0.600,0
4.124,7.25,-8.48,0.600,0
4.124,7.25,-8.48,0.600,0
4.124,7.25,-8.48,0.600,0
4.125,7.25,-8.51,0.600,0
4.125,7.25,-8.51,0.600,0
4.125,7.25,-8.51,0.600,0
4.125,7.25,-8.51,0.600,0
4.126,7.25,-8.51,0.600,0
4.126,7.25,-8.54,0.600,0
4.126,7.25,-8.54,0.600,0
4.126,7.25,-8.54,0.600,0
4.127,7.25,-8.58,0.600,0
4.127,7.25,-8.58,0.600,0
4.127,7.25,-8.58,0.600,0
4.127,7.25,-8.58,0.600,0
4.127,7.25,-8.58,0.600,0
4.128,7.25,-8.61,0.600,0
4.128,7.25,-8.61,0.600,0
4.128,7.25,-8.61,0.600,0
4.129,7.25,-8.64,0.600,0
4.129,7.25,-8.64,0.600,0
4.129,7.25,-8.64,0.600,0
4.129,7.25,-8.64,0.600,0
4.130,7.25,-8.68,0.600,0
4.130,7.25,-8.68,0.600,0
4.130,7.25,-8.68,0.600,0
4.130,7.25,-8.68,0.600,0
4.131,7.25,-8.71,0.600,0
4.131,7.25,-8.71,0.600,0
4.131,7.25,-8.71,0.600,0
4.131,7.25,-8.71,0.600,0
4.132,7.25,-8.74,0.600,0
4.132,7.25,-8.74,0.600,0
4.132,7.25,-8.74,0.600,0
4.132,7.25,-8.74,0.600,0
4.133,7.25,-8.77,0.600,0
4.133,7.25,-8.77,0.600,0
4.133,7.25,-8.77,0.600,0
4.133,7.25,-8.77,0.600,0
4.134,7.25,-8.81,0.600,0
4.134,7.25,-8.81,0.600,0
4.134,7.25,-8.81,0.600,0
4.134,7.25,-8.81,0.600,0
4.135,7.25,-8.81,0.600,0
4.135,7.25,-8.84,0.600,0
4.135,7.25,-8.84,0.600,0
4.135,7.25,-8.84,0.600,0
4.136,7.25,-8.84,0.600,0
4.136,7.25,-8.87,0.600,0
4.136,7.25,-8.87,0.600,0
4.136,7.25,-8.87,0.600,0
4.137,7.25,-8.87,0.600,0
4.137,7.25,-8.90,0.600,0
4.137,7.25,-8.90,0.600,0
4.137,7.25,-8.90,0.600,0
4.137,7.25,-8.90,0.600,0
4.138,7.25,-8.94,0.600,0
4.138,7.25,-8.94,0.600,0
4.138,7.25,-8.94,0.600,0
4.138,7.25,-8.94,0.600,0
4.139,7.25,-8.97,0.600,0
4.139,7.25,-8.97,0.600,0
4.139,7.25,-8.97,0.600,0
4.139,7.25,-8.97,0.600,0
4.140,7.25,-9.00,0.600,0
4.140,7.25,-9.00,0.600,0
4.140,7.25,-9.00,0.600,0
4.140,7.25,-9.00,0.600,0
4.141,7.25,-9.03,0.600,0
4.141,7.25,-9.03,0.600,0
4.141,7.25,-9.03,0.600,0
4.141,7.25,-9.03,0.600,0
4.142,7.25,-9.07,0.600,0
4.142,7.25,-9.07,0.600,0
4.142,7.25,-9.07,0.600,0
4.142,7.25,-9.07,0.600,0
4.143,7.25,-9.10,0.600,0
4.143,7.25,-9.10,0.600,0
4.143,7.25,-9.10,0.600,0
4.143,7.25,-9.10,0.600,0
4.144,7.25,-9.13,0.600,0
4.144,7.25,-9.13,0.600,0
4.144,7.25,-9.13,0.600,0
4.144,7.25,-9.13,0.600,0
4.145,7.25,-9.16,0.600,0
4.145,7.25,-9.16,0.600,0
4.145,7.25,-9.16,0.600,0
4.145,7.25,-9.16,0.600,0
4.146,7.25,-9.20,0.600,0
4.146,7.25,-9.20,0.600,0
4.146,7.25,-9.20,0.600,0
4.146,7.25,-9.20,0.600,0
4.146,7.25,-9.23,0.600,0
4.147,7.25,-9.23,0.600,0
4.147,7.25,-9.23,0.600,0
4.147,7.25,-9.23,0.600,0
4.147,7.25,-9.23,0.600,0
4.148,7.25,-9.26,0.600,0
4.148,7.25,-9.26,0.600,0
4.148,7.25,-9.26,0.600,0
4.148,7.25,-9.26,0.600,0
4.149,7.25,-9.30,0.600,0
4.149,7.25,-9.30,0.600,0
4.149,7.25,-9.30,0.600,0
4.149,7.25,-9.30,0.600,0
4.150,7.25,-9.33,0.600,0
4.150,7.25,-9.33,0.600,0
4.150,7.25,-9.33,0.600,0
4.150,7.25,-9.33,0.600,0
4.151,7.25,-9.36,0.600,0
4.151,7.25,-9.36,0.600,0
4.151,7.25,-9.36,0.600,0
4.151,7.25,-9.36,0.600,0
4.151,7.25,-9.36,0.600,0
4.152,7.25,-9.39,0.600,0
4.152,7.25,-9.39,0.600,0
4.152,7.25,-9.39,0.600,0
4.152,7.25,-9.39,0.600,0
4.153,7.25,-9.39,0.600,0
4.153,7.25,-9.43,0.600,0
4.153,7.25,-9.43,0.600,0
4.153,7.25,-9.43,0.600,0
4.153,7.25,-9.43,0.600,0
4.154,7.25,-9.46,0.600,0
4.154,7.25,-9.46,0.600,0
4.154,7.25,-9.46,0.600,0
4.154,7.25,-9.46,0.600,0
4.155,7.25,-9.49,0.600,0
4.155,7.25,-9.49,0.600,0
4.155,7.25,-9.49,0.600,0
4.155,7.25,-9.49,0.600,0
4.156,7.25,-9.52,0.600,0
4.156,7.25,-9.52,0.600,0
4.156,7.25,-9.52,0.600,0
4.156,7.25,-9.52,0.600,0
4.157,7.25,-9.56,0.600,0
4.157,7.25,-9.56,0.600,0
4.157,7.25,-9.56,0.600,0
4.157,7.25,-9.56,0.600,0
4.158,7.25,-9.59,0.600,0
4.158,7.25,-9.59,0.600,0
4.158,7.25,-9.59,0.600,0
4.158,7.25,-9.59,0.600,0
4.159,7.25,-9.62,0.600,0
4.159,7.25,-9.62,0.600,0
4.159,7.25,-9.62,0.600,0
4.159,7.25,-9.62,0.600,0
4.160,7.25,-9.62,0.600,0
4.160,7.25,-9.65,0.600,0
4.160,7.25,-9.65,0.600,0
4.160,7.25,-9.65,0.600,0
4.160,7.25,-9.65,0.600,0
4.161,7.25,-9.69,0.600,0
4.161,7.25,-9.69,0.600,0
4.161,7.25,-9.69,0.600,0
4.161,7.25,-9.69,0.600,0
4.162,7.25,-9.72,0.600,0
4.162,7.25,-9.72,0.600,0
4.162,7.25,-9.72,0.600,0
4.162,7.25,-9.72,0.600,0
4.163,7.25,-9.75,0.600,0
4.163,7.25,-9.75,0.600,0
4.163,7.25,-9.75,0.600,0
4.163,7.25,-9.75,0.600,0
4.164,7.25,-9.78,0.600,0
4.164,7.25,-9.78,0.600,0
4.164,7.25,-9.78,0.600,0
4.165,7.25,-9.82,0.600,0
4.165,7.25,-9.82,0.600,0
4.165,7.25,-9.82,0.600,0
4.165,7.25,-9.82,0.600,0
4.166,7.25,-9.85,0.600,0
4.166,7.25,-9.85,0.600,0
4.166,7.25,-9.85,0.600,0
4.166,7.25,-9.85,0.600,0
4.166,7.25,-9.85,0.600,0
4.167,7.25,-9.88,0.600,0
4.167,7.25,-9.88,0.600,0
4.167,7.25,-9.88,0.600,0
4.167,7.25,-9.88,0.600,0
4.168,7.25,-9.88,0.600,0
4.168,7.25,-9.92,0.600,0
4.168,7.25,-9.92,0.600,0
4.168,7.25,-9.92,0.600,0
4.169,7.25,-9.92,0.600,0
4.169,7.25,-9.95,0.600,0
4.169,7.25,-9.95,0.600,0
4.169,7.25,-9.95,0.600,0
4.169,7.25,-9.95,0.600,0
4.170,7.25,-9.98,0.600,0
4.170,7.25,-9.98,0.600,0
4.170,7.25,-9.98,0.600,0
4.171,7.25,-10.01,0.600,0
4.171,7.25,-10.01,0.600,0
4.171,7.25,-10.01,0.600,0
4.171,7.25,-10.01,0.600,0
4.172,7.25,-10.05,0.600,0
4.172,7.25,-10.05,0.600,0
4.172,7.25,-10.05,0.600,0
4.172,7.25,-10.05,0.600,0
4.173,7.25,-10.08,0.600,0
4.173,7.25,-10.08,0.600,0
4.173,7.25,-10.08,0.600,0
4.173,7.25,-10.08,0.600,0
4.174,7.25,-10.08,0.600,0
4.174,7.25,-10.11,0.600,0
4.174,7.25,-10.11,0.600,0
4.174,7.25,-10.11,0.600,0
4.175,7.25,-10.11,0.600,0
4.175,7.25,-10.14,0.600,0
4.175,7.25,-10.14,0.600,0
4.175,7.25,-10.14,0.600,0
4.175,7.25,-10.14,0.600,0
4.176,7.25,-10.18,0.600,0
4.176,7.25,-10.18,0.600,0
4.176,7.25,-10.18,0.600,0
4.176,7.25,-10.18,0.600,0
4.177,7.25,-10.21,0.600,0
4.177,7.25,-10.21,0.600,0
4.177,7.25,-10.21,0.600,0
4.177,7.25,-10.21,0.600,0
4.178,7.25,-10.24,0.600,0
4.178,7.25,-10.24,0.600,0
4.178,7.25,-10.24,0.600,0
4.178,7.25,-10.24,0.600,0
4.179,7.25,-10.27,0.600,0
4.179,7.25,-10.27,0.600,0
4.179,7.25,-10.27,0.600,0
4.179,7.25,-10.27,0.600,0
4.180,7.25,-10.27,0.600,0
4.180,7.25,-10.30,0.600,0
4.180,7.25,-10.30,0.600,0
4.180,7.25,-10.30,0.600,0
4.180,7.25,-10.30,0.600,0
4.181,7.25,-10.34,0.600,0
4.181,7.25,-10.34,0.600,0
4.181,7.25,-10.34,0.600,0
4.181,7.25,-10.34,0.600,0
4.181,7.25,-10.34,0.600,0
4.182,7.25,-10.37,0.600,0
4.182,7.25,-10.37,0.600,0
4.182,7.25,-10.37,0.600,0
4.182,7.25,-10.37,0.600,0
4.183,7.25,-10.40,0.600,0
4.183,7.25,-10.40,0.600,0
4.183,7.25,-10.40,0.600,0
4.183,7.25,-10.40,0.600,0
4.184,7.25,-10.40,0.600,0
4.184,7.25,-10.43,0.600,0
4.184,7.25,-10.43,0.600,0
4.184,7.25,-10.43,0.600,0
4.185,7.25,-10.46,0.600,0
4.185,7.25,-10.46,0.600,0
4.185,7.25,-10.46,0.600,0
4.185,7.25,-10.46,0.600,0
4.186,7.25,-10.46,0.600,0
4.186,7.25,-10.50,0.600,0
4.186,7.25,-10.50,0.600,0
4.186,7.25,-10.50,0.600,0
4.186,7.25,-10.50,0.600,0
4.187,7.25,-10.53,0.600,0
4.187,7.25,-10.53,0.600,0
4.187,7.25,-10.53,0.600,0
4.187,7.25,-10.53,0.600,0
4.188,7.25,-10.56,0.600,0
4.188,7.25,-10.56,0.600,0
4.188,7.25,-10.56,0.600,0
4.188,7.25,-10.56,0.600,0
4.189,7.25,-10.59,0.600,0
4.189,7.25,-10.59,0.600,0
4.189,7.25,-10.59,0.600,0
4.189,7.25,-10.59,0.600,0
4.190,7.25,-10.63,0.600,0
4.190,7.25,-10.63,0.600,0
4.190,7.25,-10.63,0.600,0
4.190,7.25,-10.63,0.600,0
4.191,7.25,-10.66,0.600,0
4.191,7.25,-10.66,0.600,0
4.191,7.25,-10.66,0.600,0
4.191,7.25,-10.66,0.600,0
4.192,7.25,-10.66,0.600,0
4.192,7.25,-10.69,0.600,0
4.192,7.25,-10.69,0.600,0
4.192,7.25,-10.69,0.600,0
4.192,7.25,-10.69,0.600,0
4.193,7.25,-10.72,0.600,0
4.193,7.25,-10.72,0.600,0
4.193,7.25,-10.72,0.600,0
4.193,7.25,-10.72,0.600,0
4.194,7.25,-10.75,0.600,0
4.194,7.25,-10.75,0.600,0
4.194,7.25,-10.75,0.600,0
4.194,7.25,-10.75,0.600,0
4.195,7.25,-10.75,0.600,0
4.195,7.25,-10.79,0.600,0
4.195,7.25,-10.79,0.600,0
4.195,7.25,-10.79,0.600,0
4.195,7.25,-10.79,0.600,0
4.196,7.25,-10.82,0.600,0
4.196,7.25,-10.82,0.600,0
4.196,7.25,-10.82,0.600,0
4.196,7.25,-10.82,0.600,0
4.197,7.25,-10.85,0.600,0
4.197,7.25,-10.85,0.600,0
4.197,7.25,-10.85,0.600,0
4.197,7.25,-10.85,0.600,0
4.198,7.25,-10.88,0.600,0
4.198,7.25,-10.88,0.600,0
4.198,7.25,-10.88,0.600,0
4.198,7.25,-10.88,0.600,0
4.199,7.25,-10.91,0.600,0
4.199,7.25,-10.91,0.600,0
4.199,7.25,-10.91,0.600,0
4.199,7.25,-10.91,0.600,0
4.200,7.25,-10.91,0.600,0
4.200,7.25,-10.94,0.600,0
4.200,7.25,-10.94,0.600,0
4.200,7.25,-10.94,0.600,0
4.200,7.25,-10.94,0.600,0
4.201,7.25,-10.98,0.600,0
4.201,7.25,-10.98,0.600,0
4.201,7.25,-10.98,0.600,0
4.201,7.25,-10.98,0.600,0
4.202,7.25,-11.01,0.600,0
4.202,7.25,-11.01,0.600,0
4.202,7.25,-11.01,0.600,0
4.202,7.25,-11.01,0.600,0
4.202,7.25,-11.01,0.600,0
4.203,7.25,-11.04,0.600,0
4.203,7.25,-11.04,0.600,0
4.203,7.25,-11.04,0.600,0
4.203,7.25,-11.04,0.600,0
4.204,7.25,-11.07,0.600,0
4.204,7.25,-11.07,0.600,0
4.204,7.25,-11.07,0.600,0
4.204,7.25,-11.07,0.600,0
4.205,7.25,-11.11,0.600,0
4.205,7.25,-11.11,0.600,0
4.205,7.25,-11.11,0.600,0
4.205,7.25,-11.11,0.600,0
4.206,7.25,-11.14,0.600,0
4.206,7.25,-11.14,0.600,0
4.206,7.25,-11.14,0.600,0
4.206,7.25,-11.14,0.600,0
4.207,7.25,-11.17,0.600,0
4.207,7.25,-11.17,0.600,0
4.207,7.25,-11.17,0.600,0
4.207,7.25,-11.17,0.600,0
4.208,7.25,-11.17,0.600,0
4.208,7.25,-11.20,0.600,0
4.208,7.25,-11.20,0.600,0
4.208,7.25,-11.20,0.600,0
4.208,7.25,-11.20,0.600,0
4.209,7.25,-11.24,0.600,0
4.209,7.25,-11.24,0.600,0
4.209,7.25,-11.24,0.600,0
4.209,7.25,-11.24,0.600,0
4.210,7.25,-11.27,0.600,0
4.210,7.25,-11.27,0.600,0
4.210,7.25,-11.27,0.600,0
4.210,7.25,-11.27,0.600,0
4.211,7.25,-11.27,0.600,0
4.211,7.25,-11.30,0.600,0
4.211,7.25,-11.30,0.600,0
4.211,7.25,-11.30,0.600,0
4.212,7.25,-11.30,0.600,0
4.212,7.25,-11.34,0.600,0
4.212,7.25,-11.34,0.600,0
4.212,7.25,-11.34,0.600,0
4.213,7.25,-11.37,0.600,0
4.213,7.25,-11.37,0.600,0
4.213,7.25,-11.37,0.600,0
4.213,7.25,-11.37,0.600,0
4.214,7.25,-11.40,0.600,0
4.214,7.25,-11.40,0.600,0
4.214,7.25,-11.40,0.600,0
4.214,7.25,-11.40,0.600,0
4.215,7.25,-11.43,0.600,0
4.215,7.25,-11.43,0.600,0
4.215,7.25,-11.43,0.600,0
4.215,7.25,-11.43,0.600,0
4.215,7.25,-11.43,0.600,0
4.216,7.25,-11.47,0.600,0
4.216,7.25,-11.47,0.600,0
4.216,7.25,-11.47,0.600,0
4.216,7.25,-11.47,0.600,0
4.216,7.25,-11.47,0.600,0
4.217,7.25,-11.50,0.600,0
4.217,7.25,-11.50,0.600,0
4.217,7.25,-11.50,0.600,0
4.217,7.25,-11.50,0.600,0
4.218,7.25,-11.53,0.600,0
4.218,7.25,-11.53,0.600,0
4.218,7.25,-11.53,0.600,0
4.219,7.25,-11.53,0.600,0
4.219,7.25,-11.56,0.600,0
4.219,7.25,-11.56,0.600,0
4.219,7.25,-11.56,0.600,0
4.219,7.25,-11.56,0.600,0
4.220,7.25,-11.60,0.600,0
4.220,7.25,-11.60,0.600,0
4.220,7.25,-11.60,0.600,0
4.221,7.25,-11.63,0.600,0
4.221,7.25,-11.63,0.600,0
4.221,7.25,-11.63,0.600,0
4.221,7.25,-11.63,0.600,0
4.222,7.25,-11.66,0.600,0
4.222,7.25,-11.66,0.600,0
4.222,7.25,-11.66,0.600,0
4.222,7.25,-11.66,0.600,0
4.223,7.25,-11.66,0.600,0
4.223,7.25,-11.69,0.600,0
4.223,7.25,-11.69,0.600,0
4.223,7.25,-11.69,0.600,0
4.224,7.25,-11.73,0.600,0
4.224,7.25,-11.73,0.600,0
4.224,7.25,-11.73,0.600,0
4.224,7.25,-11.73,0.600,0
4.224,7.25,-11.73,0.600,0
4.225,7.25,-11.76,0.600,0
4.225,7.25,-11.76,0.600,0
4.225,7.25,-11.76,0.600,0
4.225,7.25,-11.76,0.600,0
4.226,7.25,-11.79,0.600,0
4.226,7.25,-11.79,0.600,0
4.226,7.25,-11.79,0.600,0
4.227,7.25,-11.79,0.600,0
4.227,7.25,-11.82,0.600,0
4.227,7.25,-11.82,0.600,0
4.227,7.25,-11.82,0.600,0
4.228,7.25,-11.86,0.600,0
4.228,7.25,-11.86,0.600,0
4.228,7.25,-11.86,0.600,0
4.228,7.25,-11.86,0.600,0
4.229,7.25,-11.89,0.600,0
4.229,7.25,-11.89,0.600,0
4.229,7.25,-11.89,0.600,0
4.229,7.25,-11.89,0.600,0
4.230,7.25,-11.89,0.600,0
4.230,7.25,-11.92,0.600,0
4.230,7.25,-11.92,0.600,0
4.230,7.25,-11.92,0.600,0
4.231,7.25,-11.92,0.600,0
4.231,7.25,-11.95,0.600,0
4.231,7.25,-11.95,0.600,0
4.231,7.25,-11.95,0.600,0
4.232,7.25,-11.95,0.600,0
4.232,7.25,-11.99,0.600,0
4.232,7.25,-11.99,0.600,0
4.232,7.25,-11.99,0.600,0
4.233,7.25,-12.02,0.600,0
4.233,7.25,-12.02,0.600,0
4.233,7.25,-12.02,0.600,0
4.233,7.25,-12.02,0.600,0
4.234,7.25,-12.05,0.600,0
4.234,7.25,-12.05,0.600,0
4.234,7.25,-12.05,0.600,0
4.234,7.25,-12.05,0.600,0
4.235,7.25,-12.09,0.600,0
4.235,7.25,-12.09,0.600,0
4.235,7.25,-12.09,0.600,0
4.235,7.25,-12.09,0.600,0
4.236,7.25,-12.12,0.600,0
4.236,7.25,-12.12,0.600,0
4.236,7.25,-12.12,0.600,0
4.236,7.25,-12.12,0.600,0
4.236,7.25,-12.12,0.600,0
4.237,7.25,-12.15,0.600,0
4.237,7.25,-12.15,0.600,0
4.237,7.25,-12.15,0.600,0
4.237,7.25,-12.15,0.600,0
4.238,7.25,-12.15,0.600,0
4.238,7.25,-12.18,0.600,0
4.238,7.25,-12.18,0.600,0
4.238,7.25,-12.18,0.600,0
4.239,7.25,-12.18,0.600,0
4.239,7.25,-12.22,0.600,0
4.239,7.25,-12.22,0.600,0
4.239,7.25,-12.22,0.600,0
4.240,7.25,-12.25,0.600,0
4.240,7.25,-12.25,0.600,0
4.240,7.25,-12.25,0.600,0
4.241,7.25,-12.25,0.600,0
4.241,7.25,-12.28,0.600,0
4.241,7.25,-12.28,0.600,0
4.241,7.25,-12.28,0.600,0
4.242,7.25,-12.28,0.600,0
4.242,7.25,-12.31,0.600,0
4.242,7.25,-12.31,0.600,0
4.242,7.25,-12.31,0.600,0
4.243,7.25,-12.31,0.600,0
4.243,7.25,-12.35,0.600,0
4.243,7.25,-12.35,0.600,0
4.243,7.25,-12.35,0.600,0
4.243,7.25,-12.35,0.600,0
4.244,7.25,-12.38,0.600,0
4.244,7.25,-12.38,0.600,0
4.244,7.25,-12.38,0.600,0
4.244,7.25,-12.38,0.600,0
4.245,7.25,-12.38,0.600,0
4.245,7.25,-12.41,0.600,0
4.245,7.25,-12.41,0.600,0
4.245,7.25,-12.41,0.600,0
4.246,7.25,-12.41,0.600,0
4.246,7.25,-12.44,0.600,0
4.246,7.25,-12.44,0.600,0
4.246,7.25,-12.44,0.600,0
4.247,7.25,-12.48,0.600,0
4.247,7.25,-12.48,0.600,0
4.247,7.25,-12.48,0.600,0
4.248,7.25,-12.48,0.600,0
4.248,7.25,-12.51,0.600,0
4.248,7.25,-12.51,0.600,0
4.248,7.25,-12.51,0.600,0
4.249,7.25,-12.51,0.600,0
4.249,7.25,-12.54,0.600,0
4.249,7.25,-12.54,0.600,0
4.249,7.25,-12.54,0.600,0
4.250,7.25,-12.57,0.600,0
4.250,7.25,-12.57,0.600,0
4.250,7.25,-12.57,0.600,0
4.250,7.25,-12.57,0.600,0
4.251,7.25,-12.57,0.600,0
4.251,7.25,-12.61,0.600,0
4.251,7.25,-12.61,0.600,0
4.251,7.25,-12.61,0.600,0
4.252,7.25,-12.61,0.600,0
4.252,7.25,-12.64,0.600,0
4.252,7.25,-12.64,0.600,0
4.252,7.25,-12.64,0.600,0
4.253,7.25,-12.64,0.600,0
4.253,7.25,-12.67,0.600,0
4.253,7.25,-12.67,0.600,0
4.253,7.25,-12.67,0.600,0
4.254,7.25,-12.67,0.600,0
4.255,7.25,-12.70,0.600,0
4.255,7.25,-12.74,0.600,0
4.255,7.25,-12.74,0.600,0
4.256,7.25,-12.74,0.600,0
4.256,7.25,-12.77,0.600,0
4.256,7.25,-12.77,0.600,0
4.256,7.25,-12.77,0.600,0
4.257,7.25,-12.80,0.600,0
4.257,7.25,-12.80,0.600,0
4.257,7.25,-12.80,0.600,0
4.257,7.25,-12.80,0.600,0
4.258,7.25,-12.80,0.600,0
4.258,7.25,-12.83,0.600,0
4.258,7.25,-12.83,0.600,0
4.258,7.25,-12.83,0.600,0
4.259,7.25,-12.83,0.600,0
4.259,7.25,-12.86,0.600,0
4.259,7.25,-12.86,0.600,0
4.259,7.25,-12.86,0.600,0
4.260,7.25,-12.86,0.600,0
4.260,7.25,-12.89,0.600,0
4.260,7.25,-12.89,0.600,0
4.260,7.25,-12.89,0.600,0
4.261,7.25,-12.93,0.600,0
4.261,7.25,-12.93,0.600,0
4.261,7.25,-12.93,0.600,0
4.262,7.25,-12.96,0.600,0
4.262,7.25,-12.96,0.600,0
4.262,7.25,-12.96,0.600,0
4.262,7.25,-12.96,0.600,0
4.263,7.25,-12.99,0.600,0
4.263,7.25,-12.99,0.600,0
4.263,7.25,-12.99,0.600,0
4.263,7.25,-12.99,0.600,0
4.264,7.25,-13.02,0.600,0
4.264,7.25,-13.02,0.600,0
4.264,7.25,-13.02,0.600,0
4.265,7.25,-13.02,0.600,0
4.265,7.25,-13.06,0.600,0
4.265,7.25,-13.06,0.600,0
4.265,7.25,-13.06,0.600,0
4.266,7.25,-13.09,0.600,0
4.266,7.25,-13.09,0.600,0
4.266,7.25,-13.09,0.600,0
4.266,7.25,-13.09,0.600,0
4.267,7.25,-13.12,0.600,0
4.267,7.25,-13.12,0.600,0
4.267,7.25,-13.12,0.600,0
4.267,7.25,-13.12,0.600,0
4.268,7.25,-13.12,0.600,0
4.268,7.25,-13.15,0.600,0
4.268,7.25,-13.15,0.600,0
4.268,7.25,-13.15,0.600,0
4.269,7.25,-13.19,0.600,0
4.269,7.25,-13.19,0.600,0
4.269,7.25,-13.19,0.600,0
4.269,7.25,-13.19,0.600,0
4.270,7.25,-13.22,0.600,0
4.270,7.25,-13.22,0.600,0
4.270,7.25,-13.22,0.600,0
4.270,7.25,-13.22,0.600,0
4.271,7.25,-13.25,0.600,0
4.271,7.25,-13.25,0.600,0
4.271,7.25,-13.25,0.600,0
4.272,7.25,-13.28,0.600,0
4.272,7.25,-13.28,0.600,0
4.273,7.25,-13.28,0.600,0
4.273,7.25,-13.32,0.600,0
4.273,7.25,-13.32,0.600,0
4.274,7.25,-13.32,0.600,0
4.274,7.25,-13.35,0.600,0
4.274,7.25,-13.35,0.600,0
4.274,7.25,-13.35,0.600,0
4.275,7.25,-13.38,0.600,0
4.275,7.25,-13.38,0.600,0
4.275,7.25,-13.38,0.600,0
4.275,7.25,-13.38,0.600,0
4.276,7.25,-13.41,0.600,0
4.276,7.25,-13.41,0.600,0
4.276,7.25,-13.41,0.600,0
4.277,7.25,-13.41,0.600,0
4.277,7.25,-13.45,0.600,0
4.277,7.25,-13.45,0.600,0
4.277,7.25,-13.45,0.600,0
4.277,7.25,-13.45,0.600,0
4.278,7.25,-13.45,0.600,0
4.278,7.25,-13.48,0.600,0
4.278,7.25,-13.48,0.600,0
4.278,7.25,-13.48,0.600,0
4.279,7.25,-13.48,0.600,0
4.279,7.25,-13.51,0.600,0
4.279,7.25,-13.51,0.600,0
4.279,7.25,-13.51,0.600,0
4.280,7.25,-13.51,0.600,0
4.280,7.25,-13.55,0.600,0
4.280,7.25,-13.55,0.600,0
4.280,7.25,-13.55,0.600,0
4.281,7.25,-13.55,0.600,0
4.281,7.25,-13.58,0.600,0
4.282,7.25,-13.58,0.600,0
4.282,7.25,-13.61,0.600,0
4.282,7.25,-13.61,0.600,0
4.282,7.25,-13.61,0.600,0
4.283,7.25,-13.61,0.600,0
4.283,7.25,-13.64,0.600,0
4.283,7.25,-13.64,0.600,0
4.284,7.25,-13.64,0.600,0
4.284,7.25,-13.68,0.600,0
4.284,7.25,-13.68,0.600,0
4.285,7.25,-13.71,0.600,0
4.285,7.25,-13.71,0.600,0
4.285,7.25,-13.71,0.600,0
4.286,7.25,-13.71,0.600,0
4.286,7.25,-13.74,0.600,0
4.286,7.25,-13.74,0.600,0
4.286,7.25,-13.74,0.600,0
4.287,7.25,-13.74,0.600,0
4.287,7.25,-13.77,0.600,0
4.287,7.25,-13.77,0.600,0
4.287,7.25,-13.77,0.600,0
4.288,7.25,-13.77,0.600,0
4.288,7.25,-13.81,0.600,0
4.288,7.25,-13.81,0.600,0
4.288,7.25,-13.81,0.600,0
4.289,7.25,-13.84,0.600,0
4.289,7.25,-13.84,0.600,0
4.289,7.25,-13.84,0.600,0
4.290,7.25,-13.87,0.600,0
4.290,7.25,-13.87,0.600,0
4.290,7.25,-13.87,0.600,0
4.290,7.25,-13.87,0.600,0
4.291,7.25,-13.87,0.600,0
4.291,7.25,-13.90,0.600,0
4.291,7.25,-13.90,0.600,0
4.291,7.25,-13.90,0.600,0
4.292,7.25,-13.94,0.600,0
4.292,7.25,-13.94,0.600,0
4.292,7.25,-13.94,0.600,0
4.292,7.25,-13.94,0.600,0
4.293,7.25,-13.94,0.600,0
4.293,7.25,-13.97,0.600,0
4.293,7.25,-13.97,0.600,0
4.293,7.25,-13.97,0.600,0
4.293,7.25,-13.97,0.600,0
4.294,7.25,-14.00,0.600,0
4.294,7.25,-14.00,0.600,0
4.294,7.25,-14.00,0.600,0
4.294,7.25,-14.00,0.600,0
4.295,7.25,-14.03,0.600,0
4.295,7.25,-14.03,0.600,0
4.295,7.25,-14.03,0.600,0
4.296,7.25,-14.03,0.600,0
4.296,7.25,-14.07,0.600,0
4.296,7.25,-14.07,0.600,0
4.297,7.25,-14.10,0.600,0
4.297,7.25,-14.10,0.600,0
4.297,7.25,-14.10,0.600,0
4.297,7.25,-14.10,0.600,0
4.298,7.25,-14.13,0.600,0
4.298,7.25,-14.13,0.600,0
4.298,7.25,-14.13,0.600,0
4.298,7.25,-14.13,0.600,0
4.299,7.25,-14.16,0.600,0
4.299,7.25,-14.16,0.600,0
4.299,7.25,-14.16,0.600,0
4.299,7.25,-14.16,0.600,0
4.300,7.25,-14.16,0.600,0
4.300,7.25,-14.20,0.600,0
4.300,7.25,-14.20,0.600,0
4.300,7.25,-14.20,0.600,0
4.300,7.25,-14.20,0.600,0
4.301,7.25,-14.23,0.600,0
4.301,7.25,-14.23,0.600,0
4.301,7.25,-14.23,0.600,0
4.301,7.25,-14.23,0.600,0
4.302,7.25,-14.26,0.600,0
4.302,7.25,-14.26,0.600,0
4.302,7.25,-14.26,0.600,0
4.303,7.25,-14.26,0.600,0
4.303,7.25,-14.30,0.600,0
4.303,7.25,-14.30,0.600,0
4.303,7.25,-14.30,0.600,0
4.304,7.25,-14.33,0.600,0
4.304,7.25,-14.33,0.600,0
4.304,7.25,-14.33,0.600,0
4.304,7.25,-14.33,0.600,0
4.305,7.25,-14.36,0.600,0
4.305,7.25,-14.36,0.600,0
4.305,7.25,-14.36,0.600,0
4.305,7.25,-14.36,0.600,0
4.306,7.25,-14.36,0.600,0
4.306,7.25,-14.39,0.600,0
4.306,7.25,-14.39,0.600,0
4.306,7.25,-14.39,0.600,0
4.306,7.25,-14.39,0.600,0
4.307,7.25,-14.43,0.600,0
4.307,7.25,-14.43,0.600,0
4.307,7.25,-14.43,0.600,0
4.308,7.25,-14.43,0.600,0
4.308,7.25,-14.46,0.600,0
4.308,7.25,-14.46,0.600,0
4.308,7.25,-14.46,0.600,0
4.309,7.25,-14.49,0.600,0
4.309,7.25,-14.49,0.600,0
4.309,7.25,-14.49,0.600,0
4.309,7.25,-14.49,0.600,0
4.310,7.25,-14.52,0.600,0
4.310,7.25,-14.52,0.600,0
4.310,7.25,-14.52,0.600,0
4.311,7.25,-14.56,0.600,0
4.311,7.25,-14.56,0.600,0
4.311,7.25,-14.56,0.600,0
4.311,7.25,-14.56,0.600,0
4.312,7.25,-14.59,0.600,0
4.312,7.25,-14.59,0.600,0
4.312,7.25,-14.59,0.600,0
4.312,7.25,-14.59,0.600,0
4.313,7.25,-14.62,0.600,0
4.313,7.25,-14.62,0.600,0
4.313,7.25,-14.62,0.600,0
4.313,7.25,-14.62,0.600,0
4.314,7.25,-14.62,0.600,0
4.314,7.25,-14.65,0.600,0
4.314,7.25,-14.65,0.600,0
4.314,7.25,-14.65,0.600,0
4.314,7.25,-14.65,0.600,0
4.315,7.25,-14.69,0.600,0
4.315,7.25,-14.69,0.600,0
4.315,7.25,-14.69,0.600,0
4.316,7.25,-14.69,0.600,0
4.316,7.25,-14.72,0.600,0
4.316,7.25,-14.72,0.600,0
4.316,7.25,-14.72,0.600,0
4.317,7.25,-14.72,0.600,0
4.317,7.25,-14.75,0.600,0
4.317,7.25,-14.75,0.600,0
4.317,7.25,-14.75,0.600,0
4.318,7.25,-14.79,0.600,0
4.318,7.25,-14.79,0.600,0
4.318,7.25,-14.79,0.600,0
4.318,7.25,-14.79,0.600,0
4.319,7.25,-14.82,0.600,0
4.319,7.25,-14.82,0.600,0
4.319,7.25,-14.82,0.600,0
4.319,7.25,-14.82,0.600,0
4.320,7.25,-14.85,0.600,0
4.320,7.25,-14.85,0.600,0
4.320,7.25,-14.85,0.600,0
4.320,7.25,-14.85,0.600,0
4.321,7.25,-14.88,0.600,0
4.321,7.25,-14.88,0.600,0
4.321,7.25,-14.88,0.600,0
4.321,7.25,-14.88,0.600,0
4.322,7.25,-14.91,0.600,0
4.322,7.25,-14.91,0.600,0
4.322,7.25,-14.91,0.600,0
4.323,7.25,-14.91,0.600,0
4.323,7.25,-14.95,0.600,0
4.323,7.25,-14.95,0.600,0
4.324,7.25,-14.95,0.600,0
4.324,7.25,-14.98,0.600,0
4.324,7.25,-14.98,0.600,0
4.324,7.25,-14.98,0.600,0
4.325,7.25,-15.01,0.600,0
4.325,7.25,-15.01,0.600,0
4.325,7.25,-15.01,0.600,0
4.325,7.25,-15.01,0.600,0
4.326,7.25,-15.04,0.600,0
4.326,7.25,-15.04,0.600,0
4.326,7.25,-15.04,0.600,0
4.326,7.25,-15.04,0.600,0
4.327,7.25,-15.04,0.600,0
4.327,7.25,-15.08,0.600,0
4.327,7.25,-15.08,0.600,0
4.327,7.25,-15.08,0.600,0
4.328,7.25,-15.11,0.600,0
4.328,7.25,-15.11,0.600,0
4.328,7.25,-15.11,0.600,0
4.328,7.25,-15.11,0.600,0
4.329,7.25,-15.14,0.600,0
4.329,7.25,-15.14,0.600,0
4.329,7.25,-15.14,0.600,0
4.330,7.25,-15.14,0.600,0
4.330,7.25,-15.17,0.600,0
4.330,7.25,-15.17,0.600,0
4.331,7.25,-15.21,0.600,0
4.331,7.25,-15.21,0.600,0
4.331,7.25,-15.21,0.600,0
4.332,7.25,-15.24,0.600,0
4.332,7.25,-15.24,0.600,0
4.332,7.25,-15.24,0.600,0
4.332,7.25,-15.24,0.600,0
4.333,7.25,-15.27,0.600,0
4.333,7.25,-15.27,0.600,0
4.333,7.25,-15.27,0.600,0
4.333,7.25,-15.27,0.600,0
4.334,7.25,-15.27,0.600,0
4.334,7.25,-15.31,0.600,0
4.334,7.25,-15.31,0.600,0
4.334,7.25,-15.31,0.600,0
4.334,7.25,-15.31,0.600,0
4.335,7.25,-15.34,0.600,0
4.335,7.25,-15.34,0.600,0
4.335,7.25,-15.34,0.600,0
4.335,7.25,-15.34,0.600,0
4.336,7.25,-15.34,0.600,0
4.336,7.25,-15.37,0.600,0
4.336,7.25,-15.37,0.600,0
4.336,7.25,-15.37,0.600,0
4.337,7.25,-15.40,0.600,0
4.337,7.25,-15.40,0.600,0
4.337,7.25,-15.40,0.600,0
4.338,7.25,-15.40,0.600,0
4.338,7.25,-15.44,0.600,0
4.338,7.25,-15.44,0.600,0
4.338,7.25,-15.44,0.600,0
4.339,7.25,-15.44,0.600,0
4.339,7.25,-15.47,0.600,0
4.339,7.25,-15.47,0.600,0
4.339,7.25,-15.47,0.600,0
4.340,7.25,-15.47,0.600,0
4.340,7.25,-15.50,0.600,0
4.340,7.25,-15.50,0.600,0
4.340,7.25,-15.50,0.600,0
4.340,7.25,-15.50,0.600,0
4.341,7.25,-15.50,0.600,0
4.341,7.25,-15.53,0.600,0
4.341,7.25,-15.53,0.600,0
4.341,7.25,-15.53,0.600,0
4.342,7.25,-15.53,0.600,0
4.342,7.25,-15.57,0.600,0
4.342,7.25,-15.57,0.600,0
4.342,7.25,-15.57,0.600,0
4.342,7.25,-15.57,0.600,0
4.343,7.25,-15.57,0.600,0
4.343,7.25,-15.60,0.600,0
4.343,7.25,-15.60,0.600,0
4.343,7.25,-15.60,0.600,0
4.344,7.25,-15.63,0.600,0
4.344,7.25,-15.63,0.600,0
4.344,7.25,-15.63,0.600,0
4.345,7.25,-15.66,0.600,0
4.345,7.25,-15.66,0.600,0
4.345,7.25,-15.66,0.600,0
4.346,7.25,-15.66,0.600,0
4.346,7.25,-15.70,0.600,0
4.346,7.25,-15.70,0.600,0
4.346,7.25,-15.70,0.600,0
4.347,7.25,-15.70,0.600,0
4.347,7.25,-15.73,0.600,0
4.347,7.25,-15.73,0.600,0
4.347,7.25,-15.73,0.600,0
4.348,7.25,-15.73,0.600,0
4.348,7.25,-15.76,0.600,0
4.348,7.25,-15.76,0.600,0
4.348,7.25,-15.76,0.600,0
4.348,7.25,-15.76,0.600,0
4.349,7.25,-15.79,0.600,0
4.349,7.25,-15.79,0.600,0
4.349,7.25,-15.79,0.600,0
4.349,7.25,-15.79,0.600,0
4.350,7.25,-15.79,0.600,0
4.350,7.25,-15.83,0.600,0
4.350,7.25,-15.83,0.600,0
4.350,7.25,-15.83,0.600,0
4.351,7.25,-15.83,0.600,0
4.351,7.25,-15.86,0.600,0
4.351,7.25,-15.86,0.600,0
4.351,7.25,-15.86,0.600,0
4.352,7.25,-15.86,0.600,0
4.352,7.25,-15.89,0.600,0
4.352,7.25,-15.89,0.600,0
4.352,7.25,-15.89,0.600,0
4.353,7.25,-15.93,0.600,0
4.353,7.25,-15.93,0.600,0
4.353,7.25,-15.93,0.600,0
4.353,7.25,-15.93,0.600,0
4.354,7.25,-15.93,0.600,0
4.354,7.25,-15.96,0.600,0
4.354,7.25,-15.96,0.600,0
4.355,7.25,-15.96,0.600,0
4.355,7.25,-15.99,0.600,0
4.355,7.25,-15.99,0.600,0
4.355,7.25,-15.99,0.600,0
4.356,7.25,-15.99,0.600,0
4.356,7.25,-16.02,0.600,0
4.356,7.25,-16.02,0.600,0
4.356,7.25,-16.02,0.600,0
4.357,7.25,-16.02,0.600,0
4.357,7.25,-16.06,0.600,0
4.357,7.25,-16.06,0.600,0
4.357,7.25,-16.06,0.600,0
4.358,7.25,-16.06,0.600,0
4.358,7.25,-16.09,0.600,0
4.358,7.25,-16.09,0.600,0
4.358,7.25,-16.09,0.600,0
4.359,7.25,-16.09,0.600,0
4.359,7.25,-16.12,0.600,0
4.359,7.25,-16.12,0.600,0
4.359,7.25,-16.12,0.600,0
4.360,7.25,-16.15,0.600,0
4.360,7.25,-16.15,0.600,0
4.360,7.25,-16.15,0.600,0
4.361,7.25,-16.19,0.600,0
4.361,7.25,-16.19,0.600,0
4.362,7.25,-16.19,0.600,0
4.362,7.25,-16.22,0.600,0
4.362,7.25,-16.22,0.600,0
4.362,7.25,-16.22,0.600,0
4.363,7.25,-16.22,0.600,0
4.363,7.25,-16.25,0.600,0
4.363,7.25,-16.25,0.600,0
4.363,7.25,-16.25,0.600,0
4.364,7.25,-16.28,0.600,0
4.364,7.25,-16.28,0.600,0
4.365,7.25,-16.28,0.600,0
4.365,7.25,-16.32,0.600,0
4.365,7.25,-16.32,0.600,0
4.365,7.25,-16.32,0.600,0
4.366,7.25,-16.35,0.600,0
4.366,7.25,-16.35,0.600,0
4.366,7.25,-16.35,0.600,0
4.367,7.25,-16.35,0.600,0
4.367,7.25,-16.38,0.600,0
4.367,7.25,-16.38,0.600,0
4.367,7.25,-16.38,0.600,0
4.368,7.25,-16.38,0.600,0
4.368,7.25,-16.41,0.600,0
4.368,7.25,-16.41,0.600,0
4.368,7.25,-16.41,0.600,0
4.369,7.25,-16.45,0.600,0
4.369,7.25,-16.45,0.600,0
4.369,7.25,-16.45,0.600,0
4.369,7.25,-16.45,0.600,0
4.370,7.25,-16.45,0.600,0
4.370,7.25,-16.48,0.600,0
4.370,7.25,-16.48,0.600,0
4.370,7.25,-16.48,0.600,0
4.371,7.25,-16.51,0.600,0
4.371,7.25,-16.51,0.600,0
4.371,7.25,-16.51,0.600,0
4.371,7.25,-16.51,0.600,0
4.372,7.25,-16.54,0.600,0
4.372,7.25,-16.54,0.600,0
4.373,7.25,-16.54,0.600,0
4.373,7.25,-16.58,0.600,0
4.373,7.25,-16.58,0.600,0
4.373,7.25,-16.58,0.600,0
4.374,7.25,-16.58,0.600,0
4.374,7.25,-16.61,0.600,0
4.374,7.25,-16.61,0.600,0
4.374,7.25,-16.61,0.600,0
4.375,7.25,-16.61,0.600,0
4.375,7.25,-16.64,0.600,0
4.375,7.25,-16.64,0.600,0
4.375,7.25,-16.64,0.600,0
4.376,7.25,-16.64,0.600,0
4.376,7.25,-16.68,0.600,0
4.376,7.25,-16.68,0.600,0
4.376,7.25,-16.68,0.600,0
4.376,7.25,-16.68,0.600,0
4.377,7.25,-16.71,0.600,0
4.377,7.25,-16.71,0.600,0
4.377,7.25,-16.71,0.600,0
4.377,7.25,-16.71,0.600,0
4.378,7.25,-16.71,0.600,0
4.378,7.25,-16.74,0.600,0
4.378,7.25,-16.74,0.600,0
4.378,7.25,-16.74,0.600,0
4.379,7.25,-16.77,0.600,0
4.379,7.25,-16.77,0.600,0
4.379,7.25,-16.77,0.600,0
4.380,7.25,-16.77,0.600,0
4.380,7.25,-16.81,0.600,0
4.380,7.25,-16.81,0.600,0
4.381,7.25,-16.84,0.600,0
4.381,7.25,-16.84,0.600,0
4.381,7.25,-16.84,0.600,0
4.382,7.25,-16.84,0.600,0
4.382,7.25,-16.87,0.600,0
4.382,7.25,-16.87,0.600,0
4.382,7.25,-16.87,0.600,0
4.383,7.25,-16.87,0.600,0
4.383,7.25,-16.90,0.600,0
4.383,7.25,-16.90,0.600,0
4.383,7.25,-16.90,0.600,0
4.384,7.25,-16.90,0.600,0
4.384,7.25,-16.94,0.600,0
4.384,7.25,-16.94,0.600,0
4.384,7.25,-16.94,0.600,0
4.384,7.25,-16.94,0.600,0
4.385,7.25,-16.97,0.600,0
4.385,7.25,-16.97,0.600,0
4.385,7.25,-16.97,0.600,0
4.386,7.25,-16.97,0.600,0
4.386,7.25,-17.00,0.600,0
4.386,7.25,-17.00,0.600,0
4.386,7.25,-17.00,0.600,0
4.387,7.25,-17.03,0.600,0
4.387,7.25,-17.03,0.600,0
4.387,7.25,-17.03,0.600,0
4.387,7.25,-17.03,0.600,0
4.388,7.25,-17.03,0.600,0
4.388,7.25,-17.07,0.600,0
4.388,7.25,-17.07,0.600,0
4.389,7.25,-17.07,0.600,0
4.389,7.25,-17.10,0.600,0
4.389,7.25,-17.10,0.600,0
4.389,7.25,-17.10,0.600,0
4.390,7.25,-17.10,0.600,0
4.390,7.25,-17.13,0.600,0
4.390,7.25,-17.13,0.600,0
4.391,7.25,-17.13,0.600,0
4.391,7.25,-17.16,0.600,0
4.391,7.25,-17.16,0.600,0
4.391,7.25,-17.16,0.600,0
4.392,7.25,-17.16,0.600,0
4.392,7.25,-17.20,0.600,0
4.392,7.25,-17.20,0.600,0
4.393,7.25,-17.20,0.600,0
4.393,7.25,-17.23,0.600,0
4.393,7.25,-17.23,0.600,0
4.394,7.25,-17.23,0.600,0
4.394,7.25,-17.26,0.600,0
4.394,7.25,-17.26,0.600,0
4.395,7.25,-17.26,0.600,0
4.395,7.25,-17.29,0.600,0
4.395,7.25,-17.29,0.600,0
4.395,7.25,-17.29,0.600,0
4.396,7.25,-17.33,0.600,0
4.396,7.25,-17.33,0.600,0
4.396,7.25,-17.33,0.600,0
4.397,7.25,-17.33,0.600,0
4.397,7.25,-17.36,0.600,0
4.397,7.25,-17.36,0.600,0
4.397,7.25,-17.36,0.600,0
4.398,7.25,-17.36,0.600,0
4.398,7.25,-17.39,0.600,0
4.398,7.25,-17.39,0.600,0
4.399,7.25,-17.39,0.600,0
4.399,7.25,-17.43,0.600,0
4.399,7.25,-17.43,0.600,0
4.399,7.25,-17.43,0.600,0
4.400,7.25,-17.43,0.600,0
4.400,7.25,-17.46,0.600,0
4.400,7.25,-17.46,0.600,0
4.401,7.25,-17.46,0.600,0
4.401,7.25,-17.46,0.600,0
4.401,7.25,-17.49,0.600,0
4.401,7.25,-17.49,0.600,0
4.402,7.25,-17.49,0.600,0
4.402,7.25,-17.49,0.600,0
4.402,7.25,-17.52,0.600,0
4.402,7.25,-17.52,0.600,0
4.402,7.25,-17.52,0.600,0
4.403,7.25,-17.52,0.600,0
4.403,7.25,-17.56,0.600,0
4.403,7.25,-17.56,0.600,0
4.404,7.25,-17.56,0.600,0
4.404,7.25,-17.59,0.600,0
4.404,7.25,-17.59,0.600,0
4.404,7.25,-17.59,0.600,0
4.405,7.25,-17.59,0.600,0
4.405,7.25,-17.62,0.600,0
4.405,7.25,-17.62,0.600,0
4.405,7.25,-17.62,0.600,0
4.406,7.25,-17.62,0.600,0
4.406,7.25,-17.62,0.600,0
4.406,7.25,-17.65,0.600,0
4.406,7.25,-17.65,0.600,0
4.407,7.25,-17.65,0.600,0
4.407,7.25,-17.69,0.600,0
4.407,7.25,-17.69,0.600,0
4.407,7.25,-17.69,0.600,0
4.408,7.25,-17.69,0.600,0
4.408,7.25,-17.72,0.600,0
4.408,7.25,-17.72,0.600,0
4.408,7.25,-17.72,0.600,0
4.409,7.25,-17.72,0.600,0
4.409,7.25,-17.75,0.600,0
4.409,7.25,-17.75,0.600,0
4.409,7.25,-17.75,0.600,0
4.410,7.25,-17.75,0.600,0
4.410,7.25,-17.78,0.600,0
4.410,7.25,-17.78,0.600,0
4.411,7.25,-17.78,0.600,0
4.411,7.25,-17.82,0.600,0
4.411,7.25,-17.82,0.600,0
4.412,7.25,-17.82,0.600,0
4.412,7.25,-17.85,0.600,0
4.412,7.25,-17.85,0.600,0
4.413,7.25,-17.85,0.600,0
4.413,7.25,-17.88,0.600,0
4.413,7.25,-17.88,0.600,0
4.413,7.25,-17.88,0.600,0
4.414,7.25,-17.88,0.600,0
4.414,7.25,-17.91,0.600,0
4.414,7.25,-17.91,0.600,0
4.415,7.25,-17.91,0.600,0
4.415,7.25,-17.95,0.600,0
4.415,7.25,-17.95,0.600,0
4.415,7.25,-17.95,0.600,0
4.416,7.25,-17.95,0.600,0
4.416,7.25,-17.98,0.600,0
4.416,7.25,-17.98,0.600,0
4.416,7.25,-17.98,0.600,0
4.417,7.25,-17.98,0.600,0
4.417,7.25,-18.01,0.600,0
4.417,7.25,-18.01,0.600,0
4.417,7.25,-18.01,0.600,0
4.418,7.25,-18.01,0.600,0
4.418,7.25,-18.01,0.600,0
4.418,7.25,-18.05,0.600,0
4.418,7.25,-18.05,0.600,0
4.419,7.25,-18.05,0.600,0
4.419,7.25,-18.08,0.600,0
4.419,7.25,-18.08,0.600,0
4.419,7.25,-18.08,0.600,0
4.420,7.25,-18.08,0.600,0
4.420,7.25,-18.11,0.600,0
4.420,7.25,-18.11,0.600,0
4.421,7.25,-18.11,0.600,0
4.421,7.25,-18.14,0.600,0
4.421,7.25,-18.14,0.600,0
4.421,7.25,-18.14,0.600,0
4.422,7.25,-18.14,0.600,0
4.422,7.25,-18.18,0.600,0
4.422,7.25,-18.18,0.600,0
4.422,7.25,-18.18,0.600,0
4.423,7.25,-18.18,0.600,0
4.423,7.25,-18.21,0.600,0
4.423,7.25,-18.21,0.600,0
4.423,7.25,-18.21,0.600,0
4.424,7.25,-18.21,0.600,0
4.424,7.25,-18.24,0.600,0
4.424,7.25,-18.24,0.600,0
4.424,7.25,-18.24,0.600,0
4.425,7.25,-18.24,0.600,0
4.425,7.25,-18.27,0.600,0
4.425,7.25,-18.27,0.600,0
4.425,7.25,-18.27,0.600,0
4.426,7.25,-18.27,0.600,0
4.426,7.25,-18.31,0.600,0
4.426,7.25,-18.31,0.600,0
4.426,7.25,-18.31,0.600,0
4.427,7.25,-18.31,0.600,0
4.427,7.25,-18.34,0.600,0
4.427,7.25,-18.34,0.600,0
4.427,7.25,-18.34,0.600,0
4.428,7.25,-18.34,0.600,0
4.428,7.25,-18.37,0.600,0
4.428,7.25,-18.37,0.600,0
4.429,7.25,-18.37,0.600,0
4.429,7.25,-18.40,0.600,0
4.429,7.25,-18.40,0.600,0
4.429,7.25,-18.40,0.600,0
4.430,7.25,-18.40,0.600,0
4.430,7.25,-18.44,0.600,0
4.430,7.25,-18.44,0.600,0
4.431,7.25,-18.44,0.600,0
4.431,7.25,-18.47,0.600,0
4.431,7.25,-18.47,0.600,0
4.431,7.25,-18.47,0.600,0
4.432,7.25,-18.47,0.600,0
4.432,7.25,-18.50,0.600,0
4.432,7.25,-18.50,0.600,0
4.432,7.25,-18.50,0.600,0
4.432,7.25,-18.50,0.600,0
4.433,7.25,-18.50,0.600,0
4.433,7.25,-18.54,0.600,0
4.433,7.25,-18.54,0.600,0
4.433,7.25,-18.54,0.600,0
4.434,7.25,-18.54,0.600,0
4.434,7.25,-18.57,0.600,0
4.434,7.25,-18.57,0.600,0
4.435,7.25,-18.57,0.600,0
4.435,7.25,-18.60,0.600,0
4.435,7.25,-18.60,0.600,0
4.435,7.25,-18.60,0.600,0
4.436,7.25,-18.60,0.600,0
4.436,7.25,-18.63,0.600,0
4.436,7.25,-18.63,0.600,0
4.436,7.25,-18.63,0.600,0
4.437,7.25,-18.63,0.600,0
4.437,7.25,-18.67,0.600,0
4.437,7.25,-18.67,0.600,0
4.437,7.25,-18.67,0.600,0
4.438,7.25,-18.67,0.600,0
4.438,7.25,-18.70,0.600,0
4.438,7.25,-18.70,0.600,0
4.438,7.25,-18.70,0.600,0
4.439,7.25,-18.70,0.600,0
4.439,7.25,-18.73,0.600,0
4.439,7.25,-18.73,0.600,0
4.439,7.25,-18.73,0.600,0
4.440,7.25,-18.73,0.600,0
4.440,7.25,-18.73,0.600,0
4.440,7.25,-18.76,0.600,0
4.440,7.25,-18.76,0.600,0
4.441,7.25,-18.76,0.600,0
4.441,7.25,-18.80,0.600,0
4.441,7.25,-18.80,0.600,0
4.441,7.25,-18.80,0.600,0
4.442,7.25,-18.80,0.600,0
4.442,7.25,-18.83,0.600,0
4.442,7.25,-18.83,0.600,0
4.443,7.25,-18.83,0.600,0
4.443,7.25,-18.86,0.600,0
4.443,7.25,-18.86,0.600,0
4.443,7.25,-18.86,0.600,0
4.443,7.25,-18.86,0.600,0
4.444,7.25,-18.86,0.600,0
4.444,7.25,-18.89,0.600,0
4.444,7.25,-18.89,0.600,0
4.444,7.25,-18.89,0.600,0
4.445,7.25,-18.89,0.600,0
4.445,7.25,-18.93,0.600,0
4.445,7.25,-18.93,0.600,0
4.445,7.25,-18.93,0.600,0
4.446,7.25,-18.93,0.600,0
4.446,7.25,-18.93,0.600,0
4.446,7.25,-18.96,0.600,0
4.446,7.25,-18.96,0.600,0
4.447,7.25,-18.96,0.600,0
4.447,7.25,-18.99,0.600,0
4.447,7.25,-18.99,0.600,0
4.447,7.25,-18.99,0.600,0
4.448,7.25,-18.99,0.600,0
4.448,7.25,-19.02,0.600,0
4.448,7.25,-19.02,0.600,0
4.448,7.25,-19.02,0.600,0
4.449,7.25,-19.02,0.600,0
4.449,7.25,-19.06,0.600,0
4.449,7.25,-19.06,0.600,0
4.450,7.25,-19.06,0.600,0
4.450,7.25,-19.09,0.600,0
4.450,7.25,-19.09,0.600,0
4.450,7.25,-19.09,0.600,0
4.451,7.25,-19.09,0.600,0
4.451,7.25,-19.12,0.600,0
4.451,7.25,-19.12,0.600,0
4.451,7.25,-19.12,0.600,0
4.452,7.25,-19.12,0.600,0
4.452,7.25,-19.16,0.600,0
4.452,7.25,-19.16,0.600,0
4.452,7.25,-19.16,0.600,0
4.453,7.25,-19.16,0.600,0
4.453,7.25,-19.19,0.600,0
4.453,7.25,-19.19,0.600,0
4.453,7.25,-19.19,0.600,0
4.454,7.25,-19.19,0.600,0
4.454,7.25,-19.22,0.600,0
4.454,7.25,-19.22,0.600,0
4.454,7.25,-19.22,0.600,0
4.455,7.25,-19.22,0.600,0
4.455,7.25,-19.25,0.600,0
4.455,7.25,-19.25,0.600,0
4.456,7.25,-19.25,0.600,0
4.456,7.25,-19.25,0.600,0
4.456,7.25,-19.29,0.600,0
4.456,7.25,-19.29,0.600,0
4.457,7.25,-19.29,0.600,0
4.457,7.25,-19.32,0.600,0
4.457,7.25,-19.32,0.600,0
4.457,7.25,-19.32,0.600,0
4.458,7.25,-19.32,0.600,0
4.458,7.25,-19.32,0.600,0
4.458,7.25,-19.35,0.600,0
4.458,7.25,-19.35,0.600,0
4.459,7.25,-19.35,0.600,0
4.459,7.25,-19.35,0.600,0
4.459,7.25,-19.38,0.600,0
4.459,7.25,-19.38,0.600,0
4.459,7.25,-19.38,0.600,0
4.460,7.25,-19.38,0.600,0
4.460,7.25,-19.42,0.600,0
4.460,7.25,-19.42,0.600,0
4.461,7.25,-19.42,0.600,0
4.461,7.25,-19.45,0.600,0
4.461,7.25,-19.45,0.600,0
4.462,7.25,-19.45,0.600,0
4.462,7.25,-19.48,0.600,0
4.462,7.25,-19.48,0.600,0
4.463,7.25,-19.48,0.600,0
4.463,7.25,-19.51,0.600,0
4.463,7.25,-19.51,0.600,0
4.464,7.25,-19.51,0.600,0
4.464,7.25,-19.55,0.600,0
4.464,7.25,-19.55,0.600,0
4.465,7.25,-19.55,0.600,0
4.465,7.25,-19.58,0.600,0
4.465,7.25,-19.58,0.600,0
4.466,7.25,-19.58,0.600,0
4.466,7.25,-19.61,0.600,0
4.466,7.25,-19.61,0.600,0
4.467,7.25,-19.61,0.600,0
4.467,7.25,-19.64,0.600,0
4.467,7.25,-19.64,0.600,0
4.467,7.25,-19.64,0.600,0
4.468,7.25,-19.64,0.600,0
4.468,7.25,-19.68,0.600,0
4.468,7.25,-19.68,0.600,0
4.468,7.25,-19.68,0.600,0
4.469,7.25,-19.68,0.600,0
4.469,7.25,-19.71,0.600,0
4.469,7.25,-19.71,0.600,0
4.469,7.25,-19.71,0.600,0
4.469,7.25,-19.71,0.600,0
4.470,7.25,-19.71,0.600,0
4.470,7.25,-19.74,0.600,0
4.470,7.25,-19.74,0.600,0
4.470,7.25,-19.74,0.600,0
4.471,7.25,-19.74,0.600,0
4.471,7.25,-19.78,0.600,0
4.471,7.25,-19.78,0.600,0
4.471,7.25,-19.78,0.600,0
4.472,7.25,-19.78,0.600,0
4.472,7.25,-19.81,0.600,0
4.472,7.25,-19.81,0.600,0
4.472,7.25,-19.81,0.600,0
4.473,7.25,-19.81,0.600,0
4.473,7.25,-19.84,0.600,0
4.473,7.25,-19.84,0.600,0
4.473,7.25,-19.84,0.600,0
4.473,7.25,-19.84,0.600,0
4.474,7.25,-19.84,0.600,0
4.474,7.25,-19.87,0.600,0
4.474,7.25,-19.87,0.600,0
4.474,7.25,-19.87,0.600,0
4.475,7.25,-19.87,0.600,0
4.475,7.25,-19.91,0.600,0
4.475,7.25,-19.91,0.600,0
4.475,7.25,-19.91,0.600,0
4.476,7.25,-19.91,0.600,0
4.476,7.25,-19.91,0.600,0
4.476,7.25,-19.94,0.600,0
4.476,7.25,-19.94,0.600,0
4.477,7.25,-19.94,0.600,0
4.477,7.25,-19.94,0.600,0
4.477,7.25,-19.97,0.600,0
4.477,7.25,-19.97,0.600,0
4.477,7.25,-19.97,0.600,0
4.478,7.25,-19.97,0.600,0
4.478,7.25,-20.00,0.600,0
4.478,7.25,-20.00,0.600,0
4.478,7.25,-20.00,0.600,0
4.479,7.25,-20.00,0.600,0
4.479,7.25,-20.00,0.600,0
4.479,7.25,-20.04,0.600,0
4.479,7.25,-20.04,0.600,0
4.479,7.25,-20.04,0.600,0
4.480,7.25,-20.04,0.600,0
4.480,7.25,-20.07,0.600,0
4.480,7.25,-20.07,0.600,0
4.480,7.25,-20.07,0.600,0
4.481,7.25,-20.07,0.600,0
4.481,7.25,-20.10,0.600,0
4.481,7.25,-20.10,0.600,0
4.481,7.25,-20.10,0.600,0
4.482,7.25,-20.10,0.600,0
4.482,7.25,-20.10,0.600,0
4.482,7.25,-20.13,0.600,0
4.482,7.25,-20.13,0.600,0
4.483,7.25,-20.13,0.600,0
4.483,7.25,-20.13,0.600,0
4.483,7.25,-20.17,0.600,0
4.483,7.25,-20.17,0.600,0
4.484,7.25,-20.17,0.600,0
4.484,7.25,-20.17,0.600,0
4.484,7.25,-20.20,0.600,0
4.484,7.25,-20.20,0.600,0
4.485,7.25,-20.20,0.600,0
4.485,7.25,-20.23,0.600,0
4.485,7.25,-20.23,0.600,0
4.485,7.25,-20.23,0.600,0
4.486,7.25,-20.23,0.600,0
4.486,7.25,-20.23,0.600,0
4.486,7.25,-20.26,0.600,0
4.486,7.25,-20.26,0.600,0
4.486,7.25,-20.26,0.600,0
4.487,7.25,-20.26,0.600,0
4.487,7.25,-20.30,0.600,0
4.487,7.25,-20.30,0.600,0
4.487,7.25,-20.30,0.600,0
4.488,7.25,-20.30,0.600,0
4.488,7.25,-20.30,0.600,0
4.488,7.25,-20.33,0.600,0
4.488,7.25,-20.33,0.600,0
4.489,7.25,-20.33,0.600,0
4.489,7.25,-20.33,0.600,0
4.489,7.25,-20.36,0.600,0
4.489,7.25,-20.36,0.600,0
4.489,7.25,-20.36,0.600,0
4.490,7.25,-20.36,0.600,0
4.490,7.25,-20.40,0.600,0
4.490,7.25,-20.40,0.600,0
4.490,7.25,-20.40,0.600,0
4.491,7.25,-20.40,0.600,0
4.491,7.25,-20.43,0.600,0
4.491,7.25,-20.43,0.600,0
4.491,7.25,-20.43,0.600,0
4.492,7.25,-20.43,0.600,0
4.492,7.25,-20.46,0.600,0
4.492,7.25,-20.46,0.600,0
4.492,7.25,-20.46,0.600,0
4.493,7.25,-20.46,0.600,0
4.493,7.25,-20.49,0.600,0
4.493,7.25,-20.49,0.600,0
4.493,7.25,-20.49,0.600,0
4.494,7.25,-20.49,0.600,0
4.494,7.25,-20.49,0.600,0
4.494,7.25,-20.53,0.600,0
4.494,7.25,-20.53,0.600,0
4.495,7.25,-20.53,0.600,0
4.495,7.25,-20.56,0.600,0
4.495,7.25,-20.56,0.600,0
4.495,7.25,-20.56,0.600,0
4.496,7.25,-20.56,0.600,0
4.496,7.25,-20.59,0.600,0
4.496,7.25,-20.59,0.600,0
4.496,7.25,-20.59,0.600,0
4.497,7.25,-20.59,0.600,0
4.497,7.25,-20.62,0.600,0
4.497,7.25,-20.62,0.600,0
4.497,7.25,-20.62,0.600,0
4.498,7.25,-20.62,0.600,0
4.498,7.25,-20.66,0.600,0
4.498,7.25,-20.66,0.600,0
4.498,7.25,-20.66,0.600,0
4.499,7.25,-20.66,0.600,0
4.499,7.25,-20.69,0.600,0
4.499,7.25,-20.69,0.600,0
4.499,7.25,-20.69,0.600,0
4.500,7.25,-20.69,0.600,0
4.500,7.25,-20.72,0.600,0
4.500,7.25,-20.72,0.600,0
4.500,7.25,-20.72,0.600,0
4.501,7.25,-20.72,0.600,0
4.501,7.25,-20.72,0.600,0
4.501,7.25,-20.75,0.600,0
4.501,7.25,-20.75,0.600,0
4.501,7.25,-20.75,0.600,0
4.502,7.25,-20.75,0.600,0
4.502,7.25,-20.79,0.600,0
4.502,7.25,-20.79,0.600,0
4.502,7.25,-20.79,0.600,0
4.503,7.25,-20.79,0.600,0
4.503,7.25,-20.79,0.600,0
4.503,7.25,-20.82,0.600,0
4.503,7.25,-20.82,0.600,0
4.503,7.25,-20.82,0.600,0
4.504,7.25,-20.82,0.600,0
4.504,7.25,-20.85,0.600,0
4.504,7.25,-20.85,0.600,0
4.504,7.25,-20.85,0.600,0
4.505,7.25,-20.85,0.600,0
4.505,7.25,-20.88,0.600,0
4.505,7.25,-20.88,0.600,0
4.505,7.25,-20.88,0.600,0
4.506,7.25,-20.88,0.600,0
4.506,7.25,-20.88,0.600,0
4.506,7.25,-20.92,0.600,0
4.506,7.25,-20.92,0.600,0
4.506,7.25,-20.92,0.600,0
4.507,7.25,-20.92,0.600,0
4.507,7.25,-20.95,0.600,0
4.507,7.25,-20.95,0.600,0
4.507,7.25,-20.95,0.600,0
4.508,7.25,-20.95,0.600,0
4.508,7.25,-20.98,0.600,0
4.508,7.25,-20.98,0.600,0
4.508,7.25,-20.98,0.600,0
4.509,7.25,-20.98,0.600,0
4.509,7.25,-20.98,0.600,0
4.509,7.25,-21.02,0.600,0
4.509,7.25,-21.02,0.600,0
4.510,7.25,-21.02,0.600,0
4.510,7.25,-21.05,0.600,0
4.510,7.25,-21.05,0.600,0
4.510,7.25,-21.05,0.600,0
4.511,7.25,-21.05,0.600,0
4.511,7.25,-21.08,0.600,0
4.511,7.25,-21.08,0.600,0
4.511,7.25,-21.08,0.600,0
4.512,7.25,-21.08,0.600,0
4.512,7.25,-21.11,0.600,0
4.512,7.25,-21.11,0.600,0
4.512,7.25,-21.11,0.600,0
4.513,7.25,-21.11,0.600,0
4.513,7.25,-21.15,0.600,0
4.513,7.25,-21.15,0.600,0
4.513,7.25,-21.15,0.600,0
4.513,7.25,-21.15,0.600,0
4.514,7.25,-21.15,0.600,0
4.514,7.25,-21.18,0.600,0
4.514,7.25,-21.18,0.600,0
4.514,7.25,-21.18,0.600,0
4.515,7.25,-21.18,0.600,0
4.515,7.25,-21.21,0.600,0
4.515,7.25,-21.21,0.600,0
4.515,7.25,-21.21,0.600,0
4.516,7.25,-21.21,0.600,0
4.516,7.25,-21.24,0.600,0
4.516,7.25,-21.24,0.600,0
4.517,7.25,-21.24,0.600,0
4.517,7.25,-21.28,0.600,0
4.517,7.25,-21.28,0.600,0
4.517,7.25,-21.28,0.600,0
4.518,7.25,-21.28,0.600,0
4.518,7.25,-21.31,0.600,0
4.518,7.25,-21.31,0.600,0
4.519,7.25,-21.31,0.600,0
4.519,7.25,-21.34,0.600,0
4.519,7.25,-21.34,0.600,0
4.519,7.25,-21.34,0.600,0
4.520,7.25,-21.34,0.600,0
4.520,7.25,-21.37,0.600,0
4.520,7.25,-21.37,0.600,0
4.520,7.25,-21.37,0.600,0
4.521,7.25,-21.37,0.600,0
4.521,7.25,-21.41,0.600,0
4.521,7.25,-21.41,0.600,0
4.521,7.25,-21.41,0.600,0
4.522,7.25,-21.41,0.600,0
4.522,7.25,-21.44,0.600,0
4.522,7.25,-21.44,0.600,0
4.522,7.25,-21.44,0.600,0
4.523,7.25,-21.44,0.600,0
4.523,7.25,-21.47,0.600,0
4.523,7.25,-21.47,0.600,0
4.524,7.25,-21.47,0.600,0
4.524,7.25,-21.47,0.600,0
4.524,7.25,-21.51,0.600,0
4.524,7.25,-21.51,0.600,0
4.525,7.25,-21.51,0.600,0
4.525,7.25,-21.54,0.600,0
4.525,7.25,-21.54,0.600,0
4.526,7.25,-21.54,0.600,0
4.526,7.25,-21.54,0.600,0
4.526,7.25,-21.57,0.600,0
4.526,7.25,-21.57,0.600,0
4.527,7.25,-21.57,0.600,0
4.527,7.25,-21.60,0.600,0
4.527,7.25,-21.60,0.600,0
4.527,7.25,-21.60,0.600,0
4.528,7.25,-21.60,0.600,0
4.528,7.25,-21.64,0.600,0
4.528,7.25,-21.64,0.600,0
4.528,7.25,-21.64,0.600,0
4.529,7.25,-21.64,0.600,0
4.529,7.25,-21.67,0.600,0
4.529,7.25,-21.67,0.600,0
4.529,7.25,-21.67,0.600,0
4.530,7.25,-21.67,0.600,0
4.530,7.25,-21.70,0.600,0
4.530,7.25,-21.70,0.600,0
4.531,7.25,-21.70,0.600,0
4.531,7.25,-21.73,0.600,0
4.531,7.25,-21.73,0.600,0
4.532,7.25,-21.73,0.600,0
4.532,7.25,-21.73,0.600,0
4.532,7.25,-21.77,0.600,0
4.532,7.25,-21.77,0.600,0
4.533,7.25,-21.77,0.600,0
4.533,7.25,-21.80,0.600,0
4.533,7.25,-21.80,0.600,0
4.533,7.25,-21.80,0.600,0
4.534,7.25,-21.80,0.600,0
4.534,7.25,-21.83,0.600,0
4.534,7.25,-21.83,0.600,0
4.534,7.25,-21.83,0.600,0
4.535,7.25,-21.83,0.600,0
4.535,7.25,-21.86,0.600,0
4.535,7.25,-21.86,0.600,0
4.535,7.25,-21.86,0.600,0
4.536,7.25,-21.86,0.600,0
4.536,7.25,-21.86,0.600,0
4.536,7.25,-21.90,0.600,0
4.536,7.25,-21.90,0.600,0
4.536,7.25,-21.90,0.600,0
4.537,7.25,-21.90,0.600,0
4.537,7.25,-21.93,0.600,0
4.537,7.25,-21.93,0.600,0
4.538,7.25,-21.93,0.600,0
4.538,7.25,-21.93,0.600,0
4.538,7.25,-21.96,0.600,0
4.538,7.25,-21.96,0.600,0
4.539,7.25,-21.96,0.600,0
4.539,7.25,-21.99,0.600,0
4.539,7.25,-21.99,0.600,0
4.539,7.25,-21.99,0.600,0
4.540,7.25,-21.99,0.600,0
4.540,7.25,-21.99,0.600,0
4.540,7.25,-22.03,0.600,0
4.540,7.25,-22.03,0.600,0
4.541,7.25,-22.03,0.600,0
4.541,7.25,-22.03,0.600,0
4.541,7.25,-22.06,0.600,0
4.541,7.25,-22.06,0.600,0
4.542,7.25,-22.06,0.600,0
4.542,7.25,-22.09,0.600,0
4.542,7.25,-22.09,0.600,0
4.542,7.25,-22.09,0.600,0
4.543,7.25,-22.09,0.600,0
4.543,7.25,-22.09,0.600,0
4.543,7.25,-22.12,0.600,0
4.543,7.25,-22.12,0.600,0
4.544,7.25,-22.12,0.600,0
4.544,7.25,-22.12,0.600,0
4.544,7.25,-22.16,0.600,0
4.544,7.25,-22.16,0.600,0
4.545,7.25,-22.16,0.600,0
4.545,7.25,-22.19,0.600,0
4.545,7.25,-22.19,0.600,0
4.545,7.25,-22.19,0.600,0
4.546,7.25,-22.19,0.600,0
4.546,7.25,-22.22,0.600,0
4.546,7.25,-22.22,0.600,0
4.547,7.25,-22.22,0.600,0
4.547,7.25,-22.26,0.600,0
4.547,7.25,-22.26,0.600,0
4.547,7.25,-22.26,0.600,0
4.548,7.25,-22.26,0.600,0
4.548,7.25,-22.26,0.600,0
4.548,7.25,-22.29,0.600,0
4.548,7.25,-22.29,0.600,0
4.549,7.25,-22.29,0.600,0
4.549,7.25,-22.29,0.600,0
4.549,7.25,-22.32,0.600,0
4.549,7.25,-22.32,0.600,0
4.549,7.25,-22.32,0.600,0
4.550,7.25,-22.32,0.600,0
4.550,7.25,-22.35,0.600,0
4.550,7.25,-22.35,0.600,0
4.550,7.25,-22.35,0.600,0
4.551,7.25,-22.35,0.600,0
4.551,7.25,-22.39,0.600,0
4.551,7.25,-22.39,0.600,0
4.552,7.25,-22.39,0.600,0
4.552,7.25,-22.39,0.600,0
4.552,7.25,-22.42,0.600,0
4.552,7.25,-22.42,0.600,0
4.553,7.25,-22.42,0.600,0
4.553,7.25,-22.45,0.600,0
4.553,7.25,-22.45,0.600,0
4.553,7.25,-22.45,0.600,0
4.554,7.25,-22.45,0.600,0
4.554,7.25,-22.48,0.600,0
4.554,7.25,-22.48,0.600,0
4.554,7.25,-22.48,0.600,0
4.555,7.25,-22.48,0.600,0
4.555,7.25,-22.52,0.600,0
4.555,7.25,-22.52,0.600,0
4.555,7.25,-22.52,0.600,0
4.556,7.25,-22.52,0.600,0
4.556,7.25,-22.55,0.600,0
4.556,7.25,-22.55,0.600,0
4.556,7.25,-22.55,0.600,0
4.557,7.25,-22.55,0.600,0
4.557,7.25,-22.55,0.600,0
4.557,7.25,-22.58,0.600,0
4.557,7.25,-22.58,0.600,0
4.558,7.25,-22.58,0.600,0
4.558,7.25,-22.58,0.600,0
4.558,7.25,-22.61,0.600,0
4.558,7.25,-22.61,0.600,0
4.559,7.25,-22.61,0.600,0
4.559,7.25,-22.65,0.600,0
4.559,7.25,-22.65,0.600,0
4.560,7.25,-22.65,0.600,0
4.560,7.25,-22.68,0.600,0
4.560,7.25,-22.68,0.600,0
4.561,7.25,-22.68,0.600,0
4.561,7.25,-22.71,0.600,0
4.561,7.25,-22.71,0.600,0
4.561,7.25,-22.71,0.600,0
4.562,7.25,-22.71,0.600,0
4.562,7.25,-22.75,0.600,0
4.562,7.25,-22.75,0.600,0
4.562,7.25,-22.75,0.600,0
4.563,7.25,-22.75,0.600,0
4.563,7.25,-22.78,0.600,0
4.563,7.25,-22.78,0.600,0
4.563,7.25,-22.78,0.600,0
4.564,7.25,-22.78,0.600,0
4.564,7.25,-22.81,0.600,0
4.564,7.25,-22.81,0.600,0
4.565,7.25,-22.81,0.600,0
4.565,7.25,-22.84,0.600,0
4.565,7.25,-22.84,0.600,0
4.566,7.25,-22.84,0.600,0
4.566,7.25,-22.88,0.600,0
4.566,7.25,-22.88,0.600,1
4.567,-4.33,-22.88,-0.600,0
4.567,-4.33,-22.91,-0.600,0
4.567,-4.33,-22.91,-0.600,0
4.568,-4.33,-22.91,-0.600,0
4.568,-4.33,-22.94,-0.600,0
4.568,-4.33,-22.94,-0.600,0
4.568,-4.33,-22.94,-0.600,0
4.569,-4.33,-22.94,-0.600,0
4.569,-4.33,-22.97,-0.600,0
4.569,-4.33,-22.97,-0.600,0
4.569,-4.33,-22.97,-0.600,0
4.570,-4.33,-22.97,-0.600,0
4.570,-4.33,-23.00,-0.600,0
4.570,-4.33,-23.00,-0.600,0
4.570,-4.33,-23.00,-0.600,0
4.571,-4.33,-23.00,-0.600,0
4.571,-4.33,-23.03,-0.600,0
4.571,-4.33,-23.03,-0.600,0
4.571,-4.33,-23.03,-0.600,0
4.572,-4.33,-23.03,-0.600,0
4.572,-4.33,-23.06,-0.600,0
4.572,-4.33,-23.06,-0.600,0
4.572,-4.33,-23.06,-0.600,0
4.573,-4.33,-23.06,-0.600,0
4.573,-4.33,-23.08,-0.600,0
4.573,-4.33,-23.08,-0.600,0
4.574,-4.33,-23.08,-0.600,0
4.574,-4.33,-23.08,-0.600,0
4.574,-4.33,-23.11,-0.600,0
4.574,-4.33,-23.11,-0.600,0
4.574,-4.33,-23.11,-0.600,0
4.575,-4.33,-23.11,-0.600,0
4.575,-4.33,-23.14,-0.600,0
4.575,-4.33,-23.14,-0.600,0
4.575,-4.33,-23.14,-0.600,0
4.576,-4.33,-23.14,-0.600,0
4.576,-4.33,-23.17,-0.600,0
4.576,-4.33,-23.17,-0.600,0
4.576,-4.33,-23.17,-0.600,0
4.577,-4.33,-23.17,-0.600,0
4.577,-4.33,-23.20,-0.600,0
4.577,-4.33,-23.20,-0.600,0
4.577,-4.33,-23.20,-0.600,0
4.578,-4.33,-23.20,-0.600,0
4.578,-4.33,-23.20,-0.600,0
4.578,-4.33,-23.22,-0.600,0
4.578,-4.33,-23.22,-0.600,0
4.579,-4.33,-23.22,-0.600,0
4.579,-4.33,-23.22,-0.600,0
4.579,-4.33,-23.25,-0.600,0
4.579,-4.33,-23.25,-0.600,0
4.580,-4.33,-23.25,-0.600,0
4.580,-4.33,-23.27,-0.600,0
4.580,-4.33,-23.27,-0.600,0
4.580,-4.33,-23.27,-0.600,0
4.581,-4.33,-23.27,-0.600,0
4.581,-4.33,-23.30,-0.600,0
4.581,-4.33,-23.30,-0.600,0
4.581,-4.33,-23.30,-0.600,0
4.582,-4.33,-23.30,-0.600,0
4.582,-4.33,-23.32,-0.600,0
4.582,-4.33,-23.32,-0.600,0
4.582,-4.33,-23.32,-0.600,0
4.583,-4.33,-23.32,-0.600,0
4.583,-4.33,-23.35,-0.600,0
4.583,-4.33,-23.35,-0.600,0
4.583,-4.33,-23.35,-0.600,0
4.584,-4.33,-23.35,-0.600,0
4.584,-4.33,-23.37,-0.600,0
4.584,-4.33,-23.37,-0.600,0
4.584,-4.33,-23.37,-0.600,0
4.585,-4.33,-23.37,-0.600,0
4.585,-4.33,-23.37,-0.600,0
4.585,-4.33,-23.40,-0.600,0
4.585,-4.33,-23.40,-0.600,0
4.585,-4.33,-23.40,-0.600,0
4.586,-4.33,-23.40,-0.600,0
4.586,-4.33,-23.42,-0.600,0
4.586,-4.33,-23.42,-0.600,0
4.587,-4.33,-23.42,-0.600,0
4.587,-4.33,-23.44,-0.600,0
4.587,-4.33,-23.44,-0.600,0
4.587,-4.33,-23.44,-0.600,0
4.588,-4.33,-23.44,-0.600,0
4.588,-4.33,-23.47,-0.600,0
4.588,-4.33,-23.47,-0.600,0
4.588,-4.33,-23.47,-0.600,0
4.589,-4.33,-23.47,-0.600,0
4.589,-4.33,-23.49,-0.600,0
4.589,-4.33,-23.49,-0.600,0
4.589,-4.33,-23.49,-0.600,0
4.590,-4.33,-23.49,-0.600,0
4.590,-4.33,-23.49,-0.600,0
4.590,-4.33,-23.51,-0.600,0
4.590,-4.33,-23.51,-0.600,0
4.591,-4.33,-23.51,-0.600,0
4.591,-4.33,-23.53,-0.600,0
4.591,-4.33,-23.53,-0.600,0
4.591,-4.33,-23.53,-0.600,0
4.592,-4.33,-23.53,-0.600,0
4.592,-4.33,-23.53,-0.600,0
4.592,-4.33,-23.55,-0.600,0
4.592,-4.33,-23.55,-0.600,0
4.593,-4.33,-23.55,-0.600,0
4.593,-4.33,-23.57,-0.600,0
4.593,-4.33,-23.57,-0.600,0
4.593,-4.33,-23.57,-0.600,0
4.594,-4.33,-23.57,-0.600,0
4.594,-4.33,-23.57,-0.600,0
4.594,-4.33,-23.59,-0.600,0
4.594,-4.33,-23.59,-0.600,0
4.595,-4.33,-23.59,-0.600,0
4.595,-4.33,-23.61,-0.600,0
4.595,-4.33,-23.61,-0.600,0
4.595,-4.33,-23.61,-0.600,0
4.596,-4.33,-23.61,-0.600,0
4.596,-4.33,-23.63,-0.600,0
4.596,-4.33,-23.63,-0.600,0
4.596,-4.33,-23.63,-0.600,0
4.597,-4.33,-23.63,-0.600,0
4.597,-4.33,-23.63,-0.600,0
4.597,-4.33,-23.65,-0.600,0
4.597,-4.33,-23.65,-0.600,0
4.598,-4.33,-23.65,-0.600,0
4.598,-4.33,-23.65,-0.600,0
4.598,-4.33,-23.67,-0.600,0
4.598,-4.33,-23.67,-0.600,0
4.598,-4.33,-23.67,-0.600,0
4.599,-4.33,-23.67,-0.600,0
4.599,-4.33,-23.69,-0.600,0
4.599,-4.33,-23.69,-0.600,0
4.600,-4.33,-23.69,-0.600,0
4.600,-4.33,-23.69,-0.600,0
4.600,-4.33,-23.70,-0.600,0
4.601,-4.33,-23.70,-0.600,0
4.601,-4.33,-23.72,-0.600,0
4.602,-4.33,-23.72,-0.600,0
4.602,-4.33,-23.74,-0.600,0
4.602,-4.33,-23.74,-0.600,0
4.603,-4.33,-23.74,-0.600,0
4.603,-4.33,-23.75,-0.600,0
4.603,-4.33,-23.75,-0.600,0
4.603,-4.33,-23.75,-0.600,0
4.604,-4.33,-23.75,-0.600,0
4.604,-4.33,-23.75,-0.600,0
4.604,-4.33,-23.77,-0.600,0
4.604,-4.33,-23.77,-0.600,0
4.605,-4.33,-23.77,-0.600,0
4.605,-4.33,-23.78,-0.600,0
4.605,-4.33,-23.78,-0.600,0
4.606,-4.33,-23.78,-0.600,0
4.606,-4.33,-23.80,-0.600,0
4.606,-4.33,-23.80,-0.600,0
4.606,-4.33,-23.80,-0.600,0
4.607,-4.33,-23.80,-0.600,0
4.607,-4.33,-23.80,-0.600,0
4.607,-4.33,-23.82,-0.600,0
4.607,-4.33,-23.82,-0.600,0
4.608,-4.33,-23.82,-0.600,0
4.608,-4.33,-23.83,-0.600,0
4.608,-4.33,-23.83,-0.600,0
4.608,-4.33,-23.83,-0.600,0
4.609,-4.33,-23.83,-0.600,0
4.609,-4.33,-23.85,-0.600,0
4.609,-4.33,-23.85,-0.600,0
4.610,-4.33,-23.85,-0.600,0
4.610,-4.33,-23.85,-0.600,0
4.610,-4.33,-23.86,-0.600,0
4.610,-4.33,-23.86,-0.600,0
4.610,-4.33,-23.86,-0.600,0
4.611,-4.33,-23.86,-0.600,0
4.611,-4.33,-23.87,-0.600,0
4.611,-4.33,-23.87,-0.600,0
4.612,-4.33,-23.87,-0.600,0
4.612,-4.33,-23.88,-0.600,0
4.612,-4.33,-23.88,-0.600,0
4.612,-4.33,-23.88,-0.600,0
4.612,-4.33,-23.88,-0.600,0
4.613,-4.33,-23.88,-0.600,0
4.613,-4.33,-23.89,-0.600,0
4.613,-4.33,-23.89,-0.600,0
4.613,-4.33,-23.89,-0.600,0
4.614,-4.33,-23.89,-0.600,0
4.614,-4.33,-23.91,-0.600,0
4.614,-4.33,-23.91,-0.600,0
4.614,-4.33,-23.91,-0.600,0
4.615,-4.33,-23.91,-0.600,0
4.615,-4.33,-23.92,-0.600,0
4.615,-4.33,-23.92,-0.600,0
4.616,-4.33,-23.92,-0.600,0
4.616,-4.33,-23.93,-0.600,0
4.616,-4.33,-23.93,-0.600,0
4.616,-4.33,-23.93,-0.600,0
4.617,-4.33,-23.93,-0.600,0
4.617,-4.33,-23.94,-0.600,0
4.617,-4.33,-23.94,-0.600,0
4.617,-4.33,-23.94,-0.600,0
4.618,-4.33,-23.94,-0.600,0
4.618,-4.33,-23.95,-0.600,0
4.618,-4.33,-23.95,-0.600,0
4.618,-4.33,-23.95,-0.600,0
4.619,-4.33,-23.95,-0.600,0
4.619,-4.33,-23.96,-0.600,0
4.619,-4.33,-23.96,-0.600,0
4.619,-4.33,-23.96,-0.600,0
4.620,-4.33,-23.96,-0.600,0
4.620,-4.33,-23.96,-0.600,0
4.620,-4.33,-23.97,-0.600,0
4.620,-4.33,-23.97,-0.600,0
4.621,-4.33,-23.97,-0.600,0
4.621,-4.33,-23.97,-0.600,0
4.621,-4.33,-23.98,-0.600,0
4.621,-4.33,-23.98,-0.600,0
4.622,-4.33,-23.98,-0.600,0
4.622,-4.33,-23.98,-0.600,0
4.622,-4.33,-23.99,-0.600,0
4.622,-4.33,-23.99,-0.600,0
4.623,-4.33,-23.99,-0.600,0
4.623,-4.33,-24.00,-0.600,0
4.623,-4.33,-24.00,-0.600,0
4.623,-4.33,-24.00,-0.600,0
4.624,-4.33,-24.00,-0.600,0
4.624,-4.33,-24.00,-0.600,0
4.624,-4.33,-24.00,-0.600,0
4.624,-4.33,-24.00,-0.600,0
4.625,-4.33,-24.00,-0.600,0
4.625,-4.33,-24.01,-0.600,0
4.625,-4.33,-24.01,-0.600,0
4.625,-4.33,-24.01,-0.600,0
4.626,-4.33,-24.01,-0.600,0
4.626,-4.33,-24.02,-0.600,0
4.626,-4.33,-24.02,-0.600,0
4.626,-4.33,-24.02,-0.600,0
4.627,-4.33,-24.02,-0.600,0
4.627,-4.33,-24.02,-0.600,0
4.627,-4.33,-24.03,-0.600,0
4.627,-4.33,-24.03,-0.600,0
4.628,-4.33,-24.03,-0.600,0
4.628,-4.33,-24.03,-0.600,0
4.628,-4.33,-24.03,-0.600,0
4.628,-4.33,-24.04,-0.600,0
4.629,-4.33,-24.04,-0.600,0
4.629,-4.33,-24.04,-0.600,0
4.629,-4.33,-24.04,-0.600,0
4.630,-4.33,-24.04,-0.600,0
4.630,-4.33,-24.04,-0.600,0
4.630,-4.33,-24.05,-0.600,0
4.630,-4.33,-24.05,-0.600,0
4.631,-4.33,-24.05,-0.600,0
4.631,-4.33,-24.05,-0.600,0
4.631,-4.33,-24.05,-0.600,0
4.631,-4.33,-24.05,-0.600,0
4.632,-4.33,-24.05,-0.600,0
4.632,-4.33,-24.06,-0.600,0
4.632,-4.33,-24.06,-0.600,0
4.632,-4.33,-24.06,-0.600,0
4.633,-4.33,-24.06,-0.600,0
4.633,-4.33,-24.06,-0.600,0
4.633,-4.33,-24.06,-0.600,0
4.633,-4.33,-24.06,-0.600,0
4.634,-4.33,-24.06,-0.600,0
4.634,-4.33,-24.06,-0.600,0
4.634,-4.33,-24.06,-0.600,0
4.634,-4.33,-24.06,-0.600,0
4.634,-4.33,-24.06,-0.600,0
4.635,-4.33,-24.06,-0.600,0
4.635,-4.33,-24.07,-0.600,0
4.635,-4.33,-24.07,-0.600,0
4.635,-4.33,-24.07,-0.600,0
4.636,-4.33,-24.07,-0.600,0
4.636,-4.33,-24.07,-0.600,0
4.636,-4.33,-24.07,-0.600,0
4.637,-4.33,-24.07,-0.600,0
4.637,-4.33,-24.08,-0.600,0
4.637,-4.33,-24.08,-0.600,0
4.637,-4.33,-24.08,-0.600,0
4.638,-4.33,-24.08,-0.600,0
4.638,-4.33,-24.08,-0.600,0
4.638,-4.33,-24.08,-0.600,0
4.638,-4.33,-24.08,-0.600,0
4.639,-4.33,-24.08,-0.600,0
4.639,-4.33,-24.08,-0.600,0
4.639,-4.33,-24.08,-0.600,0
4.639,-4.33,-24.08,-0.600,0
4.640,-4.33,-24.08,-0.600,0
4.640,-4.33,-24.08,-0.600,0
4.640,-4.33,-24.08,-0.600,0
4.640,-4.33,-24.08,-0.600,0
4.641,-4.33,-24.08,-0.600,0
4.641,-4.33,-24.08,-0.600,0
4.641,-4.33,-24.08,-0.600,0
4.641,-4.33,-24.08,-0.600,0
4.642,-4.33,-24.08,-0.600,0
4.642,-4.33,-24.08,-0.600,0
4.642,-4.33,-24.08,-0.600,0
4.642,-4.33,-24.08,-0.600,0
4.643,-4.33,-24.08,-0.600,0
4.643,-4.33,-24.08,-0.600,0
4.643,-4.33,-24.08,-0.600,0
4.644,-4.33,-24.08,-0.600,0
4.644,-4.33,-24.08,-0.600,0
4.644,-4.33,-24.08,-0.600,0
4.645,-4.33,-24.08,-0.600,0
4.645,-4.33,-24.08,-0.600,0
4.645,-4.33,-24.08,-0.600,0
4.646,-4.33,-24.08,-0.600,0
4.646,-4.33,-24.08,-0.600,0
4.646,-4.33,-24.08,-0.600,0
4.647,-4.33,-24.08,-0.600,0
4.647,-4.33,-24.08,-0.600,0
4.647,-4.33,-24.08,-0.600,0
4.647,-4.33,-24.08,-0.600,0
4.648,-4.33,-24.08,-0.600,0
4.648,-4.33,-24.08,-0.600,0
4.648,-4.33,-24.08,-0.600,0
4.648,-4.33,-24.08,-0.600,0
4.649,-4.33,-24.08,-0.600,0
4.649,-4.33,-24.08,-0.600,0
4.649,-4.33,-24.08,-0.600,0
4.650,-4.33,-24.08,-0.600,0
4.650,-4.33,-24.08,-0.600,0
4.651,-4.33,-24.08,-0.600,0
4.651,-4.33,-24.07,-0.600,0
4.652,-4.33,-24.07,-0.600,0
4.652,-4.33,-24.07,-0.600,0
4.652,-4.33,-24.07,-0.600,0
4.652,-4.33,-24.07,-0.600,0
4.653,-4.33,-24.07,-0.600,0
4.653,-4.33,-24.07,-0.600,0
4.653,-4.33,-24.07,-0.600,0
4.653,-4.33,-24.07,-0.600,0
4.654,-4.33,-24.07,-0.600,0
4.654,-4.33,-24.06,-0.600,0
4.654,-4.33,-24.06,-0.600,0
4.654,-4.33,-24.06,-0.600,0
4.655,-4.33,-24.06,-0.600,0
4.655,-4.33,-24.06,-0.600,0
4.655,-4.33,-24.06,-0.600,0
4.656,-4.33,-24.06,-0.600,0
4.656,-4.33,-24.06,-0.600,0
4.656,-4.33,-24.06,-0.600,0
4.657,-4.33,-24.06,-0.600,0
4.657,-4.33,-24.05,-0.600,0
4.657,-4.33,-24.05,-0.600,0
4.658,-4.33,-24.05,-0.600,0
4.658,-4.33,-24.05,-0.600,0
4.658,-4.33,-24.05,-0.600,0
4.658,-4.33,-24.05,-0.600,0
4.659,-4.33,-24.05,-0.600,0
4.659,-4.33,-24.05,-0.600,0
4.659,-4.33,-24.04,-0.600,0
4.659,-4.33,-24.04,-0.600,0
4.660,-4.33,-24.04,-0.600,0
4.660,-4.33,-24.04,-0.600,0
4.660,-4.33,-24.04,-0.600,0
4.660,-4.33,-24.04,-0.600,0
4.661,-4.33,-24.04,-0.600,0
4.661,-4.33,-24.03,-0.600,0
4.661,-4.33,-24.03,-0.600,0
4.661,-4.33,-24.03,-0.600,0
4.662,-4.33,-24.03,-0.600,0
4.662,-4.33,-24.03,-0.600,0
4.662,-4.33,-24.02,-0.600,0
4.663,-4.33,-24.02,-0.600,0
4.663,-4.33,-24.02,-0.600,0
4.663,-4.33,-24.01,-0.600,0
4.663,-4.33,-24.01,-0.600,0
4.664,-4.33,-24.01,-0.600,0
4.664,-4.33,-24.01,-0.600,0
4.664,-4.33,-24.01,-0.600,0
4.665,-4.33,-24.01,-0.600,0
4.665,-4.33,-24.00,-0.600,0
4.665,-4.33,-24.00,-0.600,0
4.665,-4.33,-24.00,-0.600,0
4.666,-4.33,-24.00,-0.600,0
4.666,-4.33,-24.00,-0.600,0
4.666,-4.33,-23.99,-0.600,0
4.666,-4.33,-23.99,-0.600,0
4.667,-4.33,-23.99,-0.600,0
4.667,-4.33,-23.98,-0.600,0
4.667,-4.33,-23.98,-0.600,0
4.667,-4.33,-23.98,-0.600,0
4.668,-4.33,-23.98,-0.600,0
4.668,-4.33,-23.98,-0.600,0
4.668,-4.33,-23.97,-0.600,0
4.668,-4.33,-23.97,-0.600,0
4.669,-4.33,-23.97,-0.600,0
4.669,-4.33,-23.97,-0.600,0
4.669,-4.33,-23.96,-0.600,0
4.669,-4.33,-23.96,-0.600,0
4.670,-4.33,-23.96,-0.600,0
4.670,-4.33,-23.95,-0.600,0
4.670,-4.33,-23.95,-0.600,0
4.671,-4.33,-23.95,-0.600,0
4.671,-4.33,-23.95,-0.600,0
4.671,-4.33,-23.94,-0.600,0
4.671,-4.33,-23.94,-0.600,0
4.672,-4.33,-23.94,-0.600,0
4.672,-4.33,-23.94,-0.600,0
4.672,-4.33,-23.93,-0.600,0
4.672,-4.33,-23.93,-0.600,0
4.672,-4.33,-23.93,-0.600,0
4.673,-4.33,-23.93,-0.600,0
4.673,-4.33,-23.92,-0.600,0
4.673,-4.33,-23.92,-0.600,0
4.673,-4.33,-23.92,-0.600,0
4.674,-4.33,-23.92,-0.600,0
4.674,-4.33,-23.91,-0.600,0
4.675,-4.33,-23.91,-0.600,0
4.675,-4.33,-23.91,-0.600,0
4.675,-4.33,-23.90,-0.600,0
4.675,-4.33,-23.90,-0.600,0
4.675,-4.33,-23.90,-0.600,0
4.676,-4.33,-23.90,-0.600,0
4.676,-4.33,-23.90,-0.600,0
4.676,-4.33,-23.88,-0.600,0
4.677,-4.33,-23.88,-0.600,0
4.677,-4.33,-23.88,-0.600,0
4.677,-4.33,-23.87,-0.600,0
4.677,-4.33,-23.87,-0.600,0
4.678,-4.33,-23.87,-0.600,0
4.678,-4.33,-23.86,-0.600,0
4.678,-4.33,-23.86,-0.600,0
4.679,-4.33,-23.86,-0.600,0
4.679,-4.33,-23.86,-0.600,0
4.679,-4.33,-23.85,-0.600,0
4.679,-4.33,-23.85,-0.600,0
4.680,-4.33,-23.85,-0.600,0
4.680,-4.33,-23.85,-0.600,0
4.680,-4.33,-23.83,-0.600,0
4.680,-4.33,-23.83,-0.600,0
4.681,-4.33,-23.83,-0.600,0
4.681,-4.33,-23.82,-0.600,0
4.681,-4.33,-23.82,-0.600,0
4.681,-4.33,-23.82,-0.600,0
4.682,-4.33,-23.82,-0.600,0
4.682,-4.33,-23.82,-0.600,0
4.682,-4.33,-23.80,-0.600,0
4.683,-4.33,-23.80,-0.600,0
4.683,-4.33,-23.79,-0.600,0
4.683,-4.33,-23.79,-0.600,0
4.683,-4.33,-23.79,-0.600,0
4.684,-4.33,-23.79,-0.600,0
4.684,-4.33,-23.77,-0.600,0
4.684,-4.33,-23.77,-0.600,0
4.685,-4.33,-23.77,-0.600,0
4.685,-4.33,-23.77,-0.600,0
4.685,-4.33,-23.75,-0.600,0
4.685,-4.33,-23.75,-0.600,0
4.686,-4.33,-23.75,-0.600,0
4.686,-4.33,-23.74,-0.600,0
4.686,-4.33,-23.74,-0.600,0
4.686,-4.33,-23.74,-0.600,0
4.687,-4.33,-23.74,-0.600,0
4.687,-4.33,-23.72,-0.600,0
4.687,-4.33,-23.72,-0.600,0
4.687,-4.33,-23.72,-0.600,0
4.688,-4.33,-23.72,-0.600,0
4.688,-4.33,-23.72,-0.600,0
4.688,-4.33,-23.71,-0.600,0
4.688,-4.33,-23.71,-0.600,0
4.689,-4.33,-23.71,-0.600,0
4.689,-4.33,-23.71,-0.600,0
4.689,-4.33,-23.69,-0.600,0
4.689,-4.33,-23.69,-0.600,0
4.689,-4.33,-23.69,-0.600,0
4.690,-4.33,-23.69,-0.600,0
4.690,-4.33,-23.69,-0.600,0
4.690,-4.33,-23.67,-0.600,0
4.691,-4.33,-23.67,-0.600,0
4.691,-4.33,-23.67,-0.600,0
4.691,-4.33,-23.65,-0.600,0
4.691,-4.33,-23.65,-0.600,0
4.692,-4.33,-23.65,-0.600,0
4.692,-4.33,-23.65,-0.600,0
4.692,-4.33,-23.63,-0.600,0
4.692,-4.33,-23.63,-0.600,0
4.692,-4.33,-23.63,-0.600,0
4.693,-4.33,-23.63,-0.600,0
4.693,-4.33,-23.61,-0.600,0
4.693,-4.33,-23.61,-0.600,0
4.693,-4.33,-23.61,-0.600,0
4.694,-4.33,-23.61,-0.600,0
4.694,-4.33,-23.59,-0.600,0
4.694,-4.33,-23.59,-0.600,0
4.695,-4.33,-23.59,-0.600,0
4.695,-4.33,-23.57,-0.600,0
4.695,-4.33,-23.57,-0.600,0
4.696,-4.33,-23.57,-0.600,0
4.696,-4.33,-23.57,-0.600,0
4.696,-4.33,-23.55,-0.600,0
4.696,-4.33,-23.55,-0.600,0
4.697,-4.33,-23.55,-0.600,0
4.697,-4.33,-23.55,-0.600,0
4.697,-4.33,-23.53,-0.600,0
4.698,-4.33,-23.53,-0.600,0
4.699,-4.33,-23.51,-0.600,1
4.699,-8.92,-23.49,-0.600,0
4.699,-8.92,-23.49,-0.600,0
4.700,-8.92,-23.49,-0.600,0
4.700,-8.92,-23.47,-0.600,0
4.700,-8.92,-23.47,-0.600,0
4.701,-8.92,-23.47,-0.600,0
4.701,-8.92,-23.47,-0.600,0
4.701,-8.92,-23.45,-0.600,0
4.701,-8.92,-23.45,-0.600,0
4.702,-8.92,-23.45,-0.600,0
4.702,-8.92,-23.45,-0.600,0
4.702,-8.92,-23.42,-0.600,0
4.702,-8.92,-23.42,-0.600,0
4.703,-8.92,-23.42,-0.600,0
4.703,-8.92,-23.42,-0.600,0
4.703,-8.92,-23.40,-0.600,0
4.703,-8.92,-23.40,-0.600,0
4.704,-8.92,-23.40,-0.600,0
4.704,-8.92,-23.40,-0.600,0
4.704,-8.92,-23.37,-0.600,0
4.704,-8.92,-23.37,-0.600,0
4.705,-8.92,-23.37,-0.600,0
4.705,-8.92,-23.37,-0.600,0
4.705,-8.92,-23.35,-0.600,0
4.706,-8.92,-23.35,-0.600,0
4.706,-8.92,-23.35,-0.600,0
4.706,-8.92,-23.33,-0.600,0
4.706,-8.92,-23.33,-0.600,0
4.707,-8.92,-23.33,-0.600,0
4.707,-8.92,-23.30,-0.600,0
4.707,-8.92,-23.30,-0.600,0
4.708,-8.92,-23.30,-0.600,0
4.708,-8.92,-23.30,-0.600,0
4.708,-8.92,-23.28,-0.600,0
4.708,-8.92,-23.28,-0.600,0
4.708,-8.92,-23.28,-0.600,0
4.709,-8.92,-23.28,-0.600,0
4.709,-8.92,-23.25,-0.600,0
4.709,-8.92,-23.25,-0.600,0
4.709,-8.92,-23.25,-0.600,0
4.710,-8.92,-23.25,-0.600,0
4.710,-8.92,-23.23,-0.600,0
4.710,-8.92,-23.23,-0.600,0
4.711,-8.92,-23.23,-0.600,0
4.711,-8.92,-23.23,-0.600,0
4.711,-8.92,-23.20,-0.600,0
4.711,-8.92,-23.20,-0.600,0
4.711,-8.92,-23.20,-0.600,0
4.712,-8.92,-23.20,-0.600,0
4.712,-8.92,-23.17,-0.600,0
4.712,-8.92,-23.17,-0.600,0
4.713,-8.92,-23.17,-0.600,0
4.713,-8.92,-23.14,-0.600,0
4.713,-8.92,-23.14,-0.600,0
4.714,-8.92,-23.14,-0.600,0
4.714,-8.92,-23.14,-0.600,0
4.714,-8.92,-23.12,-0.600,0
4.714,-8.92,-23.12,-0.600,0
4.715,-8.92,-23.12,-0.600,0
4.715,-8.92,-23.12,-0.600,0
4.715,-8.92,-23.09,-0.600,0
4.715,-8.92,-23.09,-0.600,0
4.716,-8.92,-23.09,-0.600,0
4.716,-8.92,-23.06,-0.600,0
4.716,-8.92,-23.06,-0.600,0
4.716,-8.92,-23.06,-0.600,0
4.717,-8.92,-23.06,-0.600,0
4.717,-8.92,-23.03,-0.600,0
4.717,-8.92,-23.03,-0.600,0
4.717,-8.92,-23.03,-0.600,0
4.718,-8.92,-23.03,-0.600,0
4.718,-8.92,-23.03,-0.600,0
4.718,-8.92,-23.00,-0.600,0
4.719,-8.92,-23.00,-0.600,0
4.719,-8.92,-23.00,-0.600,0
4.719,-8.92,-22.97,-0.600,0
4.719,-8.92,-22.97,-0.600,0
4.720,-8.92,-22.97,-0.600,0
4.720,-8.92,-22.97,-0.600,0
4.720,-8.92,-22.94,-0.600,0
4.720,-8.92,-22.94,-0.600,0
4.721,-8.92,-22.94,-0.600,0
4.721,-8.92,-22.94,-0.600,0
4.721,-8.92,-22.91,-0.600,0
4.721,-8.92,-22.91,-0.600,0
4.722,-8.92,-22.91,-0.600,0
4.722,-8.92,-22.88,-0.600,0
4.722,-8.92,-22.88,-0.600,0
4.723,-8.92,-22.88,-0.600,0
4.723,-8.92,-22.85,-0.600,0
4.724,-8.92,-22.85,-0.600,0
4.724,-8.92,-22.82,-0.600,0
4.724,-8.92,-22.82,-0.600,0
4.725,-8.92,-22.82,-0.600,0
4.725,-8.92,-22.82,-0.600,0
4.725,-8.92,-22.79,-0.600,0
4.725,-8.92,-22.79,-0.600,0
4.726,-8.92,-22.79,-0.600,0
4.726,-8.92,-22.75,-0.600,0
4.726,-8.92,-22.75,-0.600,0
4.727,-8.92,-22.75,-0.600,0
4.727,-8.92,-22.75,-0.600,0
4.727,-8.92,-22.72,-0.600,0
4.727,-8.92,-22.72,-0.600,0
4.728,-8.92,-22.72,-0.600,0
4.728,-8.92,-22.72,-0.600,0
4.728,-8.92,-22.69,-0.600,0
4.729,-8.92,-22.69,-0.600,0
4.729,-8.92,-22.69,-0.600,0
4.729,-8.92,-22.66,-0.600,0
4.729,-8.92,-22.66,-0.600,0
4.730,-8.92,-22.66,-0.600,0
4.730,-8.92,-22.66,-0.600,0
4.730,-8.92,-22.63,-0.600,0
4.730,-8.92,-22.63,-0.600,0
4.731,-8.92,-22.63,-0.600,0
4.731,-8.92,-22.63,-0.600,0
4.731,-8.92,-22.59,-0.600,0
4.731,-8.92,-22.59,-0.600,0
4.732,-8.92,-22.59,-0.600,0
4.732,-8.92,-22.59,-0.600,0
4.732,-8.92,-22.56,-0.600,0
4.732,-8.92,-22.56,-0.600,0
4.733,-8.92,-22.56,-0.600,0
4.733,-8.92,-22.56,-0.600,0
4.733,-8.92,-22.53,-0.600,0
4.733,-8.92,-22.53,-0.600,0
4.734,-8.92,-22.53,-0.600,0
4.734,-8.92,-22.53,-0.600,0
4.734,-8.92,-22.49,-0.600,0
4.734,-8.92,-22.49,-0.600,0
4.735,-8.92,-22.49,-0.600,0
4.735,-8.92,-22.49,-0.600,0
4.735,-8.92,-22.46,-0.600,0
4.735,-8.92,-22.46,-0.600,0
4.736,-8.92,-22.46,-0.600,0
4.736,-8.92,-22.46,-0.600,0
4.736,-8.92,-22.43,-0.600,0
4.736,-8.92,-22.43,-0.600,0
4.736,-8.92,-22.43,-0.600,0
4.737,-8.92,-22.43,-0.600,0
4.737,-8.92,-22.40,-0.600,0
4.737,-8.92,-22.40,-0.600,0
4.738,-8.92,-22.40,-0.600,0
4.738,-8.92,-22.40,-0.600,0
4.738,-8.92,-22.36,-0.600,0
4.738,-8.92,-22.36,-0.600,0
4.739,-8.92,-22.36,-0.600,0
4.739,-8.92,-22.33,-0.600,0
4.739,-8.92,-22.33,-0.600,0
4.740,-8.92,-22.33,-0.600,0
4.740,-8.92,-22.33,-0.600,0
4.740,-8.92,-22.30,-0.600,0
4.740,-8.92,-22.30,-0.600,0
4.741,-8.92,-22.30,-0.600,0
4.741,-8.92,-22.27,-0.600,0
4.741,-8.92,-22.27,-0.600,0
4.742,-8.92,-22.27,-0.600,0
4.742,-8.92,-22.23,-0.600,0
4.742,-8.92,-22.23,-0.600,0
4.742,-8.92,-22.23,-0.600,0
4.743,-8.92,-22.23,-0.600,0
4.743,-8.92,-22.20,-0.600,0
4.743,-8.92,-22.20,-0.600,0
4.743,-8.92,-22.20,-0.600,0
4.744,-8.92,-22.20,-0.600,0
4.744,-8.92,-22.17,-0.600,0
4.744,-8.92,-22.17,-0.600,0
4.745,-8.92,-22.17,-0.600,0
4.745,-8.92,-22.17,-0.600,0
4.745,-8.92,-22.13,-0.600,0
4.745,-8.92,-22.13,-0.600,0
4.746,-8.92,-22.13,-0.600,0
4.746,-8.92,-22.13,-0.600,0
4.746,-8.92,-22.10,-0.600,0
4.747,-8.92,-22.10,-0.600,0
4.747,-8.92,-22.10,-0.600,0
4.747,-8.92,-22.07,-0.600,0
4.747,-8.92,-22.07,-0.600,0
4.748,-8.92,-22.07,-0.600,0
4.748,-8.92,-22.04,-0.600,0
4.748,-8.92,-22.04,-0.600,0
4.749,-8.92,-22.04,-0.600,0
4.749,-8.92,-22.04,-0.600,0
4.749,-8.92,-22.00,-0.600,0
4.749,-8.92,-22.00,-0.600,0
4.750,-8.92,-22.00,-0.600,0
4.750,-8.92,-22.00,-0.600,0
4.750,-8.92,-21.97,-0.600,0
4.750,-8.92,-21.97,-0.600,0
4.751,-8.92,-21.97,-0.600,0
4.751,-8.92,-21.97,-0.600,0
4.751,-8.92,-21.94,-0.600,0
4.751,-8.92,-21.94,-0.600,0
4.752,-8.92,-21.94,-0.600,0
4.752,-8.92,-21.94,-0.600,0
4.752,-8.92,-21.91,-0.600,0
4.752,-8.92,-21.91,-0.600,0
4.753,-8.92,-21.91,-0.600,0
4.753,-8.92,-21.91,-0.600,0
4.753,-8.92,-21.87,-0.600,0
4.753,-8.92,-21.87,-0.600,0
4.754,-8.92,-21.87,-0.600,0
4.754,-8.92,-21.87,-0.600,0
4.754,-8.92,-21.84,-0.600,0
4.754,-8.92,-21.84,-0.600,0
4.755,-8.92,-21.84,-0.600,0
4.755,-8.92,-21.84,-0.600,0
4.755,-8.92,-21.81,-0.600,0
4.755,-8.92,-21.81,-0.600,0
4.755,-8.92,-21.81,-0.600,0
4.756,-8.92,-21.81,-0.600,0
4.756,-8.92,-21.81,-0.600,0
4.756,-8.92,-21.78,-0.600,0
4.757,-8.92,-21.78,-0.600,0
4.757,-8.92,-21.78,-0.600,0
4.757,-8.92,-21.74,-0.600,0
4.757,-8.92,-21.74,-0.600,0
4.757,-8.92,-21.74,-0.600,0
4.758,-8.92,-21.74,-0.600,0
4.758,-8.92,-21.74,-0.600,0
4.758,-8.92,-21.71,-0.600,0
4.758,-8.92,-21.71,-0.600,0
4.759,-8.92,-21.71,-0.600,0
4.759,-8.92,-21.71,-0.600,0
4.759,-8.92,-21.68,-0.600,0
4.759,-8.92,-21.68,-0.600,0
4.759,-8.92,-21.68,-0.600,0
4.760,-8.92,-21.68,-0.600,0
4.760,-8.92,-21.68,-0.600,0
4.760,-8.92,-21.65,-0.600,0
4.761,-8.92,-21.65,-0.600,0
4.761,-8.92,-21.65,-0.600,0
4.761,-8.92,-21.61,-0.600,0
4.761,-8.92,-21.61,-0.600,0
4.762,-8.92,-21.61,-0.600,0
4.762,-8.92,-21.58,-0.600,0
4.762,-8.92,-21.58,-0.600,0
4.762,-8.92,-21.58,-0.600,0
4.763,-8.92,-21.58,-0.600,0
4.763,-8.92,-21.55,-0.600,0
4.763,-8.92,-21.55,-0.600,0
4.764,-8.92,-21.55,-0.600,0
4.764,-8.92,-21.55,-0.600,0
4.764,-8.92,-21.51,-0.600,0
4.764,-8.92,-21.51,-0.600,0
4.765,-8.92,-21.51,-0.600,0
4.765,-8.92,-21.51,-0.600,0
4.765,-8.92,-21.48,-0.600,0
4.765,-8.92,-21.48,-0.600,0
4.766,-8.92,-21.48,-0.600,0
4.766,-8.92,-21.48,-0.600,0
4.766,-8.92,-21.45,-0.600,0
4.766,-8.92,-21.45,-0.600,0
4.767,-8.92,-21.45,-0.600,0
4.767,-8.92,-21.45,-0.600,0
4.767,-8.92,-21.42,-0.600,0
4.767,-8.92,-21.42,-0.600,0
4.768,-8.92,-21.42,-0.600,0
4.768,-8.92,-21.42,-0.600,0
4.768,-8.92,-21.38,-0.600,0
4.769,-8.92,-21.38,-0.600,0
4.769,-8.92,-21.38,-0.600,0
4.769,-8.92,-21.35,-0.600,0
4.769,-8.92,-21.35,-0.600,0
4.770,-8.92,-21.35,-0.600,0
4.770,-8.92,-21.35,-0.600,0
4.770,-8.92,-21.32,-0.600,0
4.770,-8.92,-21.32,-0.600,0
4.771,-8.92,-21.32,-0.600,0
4.771,-8.92,-21.32,-0.600,0
4.771,-8.92,-21.29,-0.600,0
4.771,-8.92,-21.29,-0.600,0
4.772,-8.92,-21.29,-0.600,0
4.772,-8.92,-21.29,-0.600,0
4.772,-8.92,-21.25,-0.600,0
4.772,-8.92,-21.25,-0.600,0
4.772,-8.92,-21.25,-0.600,0
4.773,-8.92,-21.25,-0.600,0
4.773,-8.92,-21.22,-0.600,0
4.773,-8.92,-21.22,-0.600,0
4.774,-8.92,-21.22,-0.600,0
4.774,-8.92,-21.22,-0.600,0
4.774,-8.92,-21.19,-0.600,0
4.774,-8.92,-21.19,-0.600,0
4.775,-8.92,-21.19,-0.600,0
4.775,-8.92,-21.19,-0.600,0
4.775,-8.92,-21.16,-0.600,0
4.775,-8.92,-21.16,-0.600,0
4.776,-8.92,-21.16,-0.600,0
4.776,-8.92,-21.12,-0.600,0
4.776,-8.92,-21.12,-0.600,0
4.777,-8.92,-21.12,-0.600,0
4.777,-8.92,-21.12,-0.600,0
4.777,-8.92,-21.09,-0.600,0
4.777,-8.92,-21.09,-0.600,0
4.778,-8.92,-21.09,-0.600,0
4.778,-8.92,-21.09,-0.600,0
4.778,-8.92,-21.06,-0.600,0
4.778,-8.92,-21.06,-0.600,0
4.778,-8.92,-21.06,-0.600,0
4.779,-8.92,-21.06,-0.600,0
4.779,-8.92,-21.06,-0.600,0
4.779,-8.92,-21.03,-0.600,0
4.779,-8.92,-21.03,-0.600,0
4.780,-8.92,-21.03,-0.600,0
4.780,-8.92,-21.03,-0.600,0
4.780,-8.92,-20.99,-0.600,0
4.780,-8.92,-20.99,-0.600,0
4.780,-8.92,-20.99,-0.600,0
4.781,-8.92,-20.99,-0.600,0
4.781,-8.92,-20.96,-0.600,0
4.781,-8.92,-20.96,-0.600,0
4.782,-8.92,-20.96,-0.600,0
4.782,-8.92,-20.96,-0.600,0
4.782,-8.92,-20.93,-0.600,0
4.783,-8.92,-20.93,-0.600,0
4.783,-8.92,-20.93,-0.600,0
4.783,-8.92,-20.89,-0.600,0
4.783,-8.92,-20.89,-0.600,0
4.784,-8.92,-20.89,-0.600,0
4.784,-8.92,-20.89,-0.600,0
4.784,-8.92,-20.86,-0.600,0
4.784,-8.92,-20.86,-0.600,0
4.785,-8.92,-20.86,-0.600,0
4.785,-8.92,-20.86,-0.600,0
4.785,-8.92,-20.83,-0.600,0
4.785,-8.92,-20.83,-0.600,0
4.786,-8.92,-20.83,-0.600,0
4.786,-8.92,-20.83,-0.600,0
4.786,-8.92,-20.80,-0.600,0
4.786,-8.92,-20.80,-0.600,0
4.787,-8.92,-20.80,-0.600,0
4.787,-8.92,-20.76,-0.600,0
4.787,-8.92,-20.76,-0.600,0
4.788,-8.92,-20.76,-0.600,0
4.788,-8.92,-20.76,-0.600,0
4.788,-8.92,-20.73,-0.600,0
4.788,-8.92,-20.73,-0.600,0
4.789,-8.92,-20.73,-0.600,0
4.789,-8.92,-20.70,-0.600,0
4.789,-8.92,-20.70,-0.600,0
4.790,-8.92,-20.70,-0.600,0
4.790,-8.92,-20.70,-0.600,0
4.790,-8.92,-20.67,-0.600,0
4.790,-8.92,-20.67,-0.600,0
4.791,-8.92,-20.67,-0.600,0
4.791,-8.92,-20.67,-0.600,0
4.791,-8.92,-20.63,-0.600,0
4.791,-8.92,-20.63,-0.600,0
4.792,-8.92,-20.63,-0.600,0
4.792,-8.92,-20.63,-0.600,0
4.792,-8.92,-20.60,-0.600,0
4.792,-8.92,-20.60,-0.600,0
4.793,-8.92,-20.60,-0.600,0
4.793,-8.92,-20.60,-0.600,0
4.793,-8.92,-20.57,-0.600,0
4.793,-8.92,-20.57,-0.600,0
4.794,-8.92,-20.57,-0.600,0
4.794,-8.92,-20.57,-0.600,0
4.794,-8.92,-20.54,-0.600,0
4.795,-8.92,-20.54,-0.600,0
4.795,-8.92,-20.54,-0.600,0
4.795,-8.92,-20.50,-0.600,0
4.796,-8.92,-20.50,-0.600,0
4.796,-8.92,-20.50,-0.600,0
4.796,-8.92,-20.47,-0.600,0
4.796,-8.92,-20.47,-0.600,0
4.797,-8.92,-20.47,-0.600,0
4.797,-8.92,-20.47,-0.600,0
4.797,-8.92,-20.44,-0.600,0
4.797,-8.92,-20.44,-0.600,0
4.798,-8.92,-20.44,-0.600,0
4.798,-8.92,-20.44,-0.600,0
4.798,-8.92,-20.41,-0.600,0
4.799,-8.92,-20.41,-0.600,0
4.799,-8.92,-20.41,-0.600,0
4.799,-8.92,-20.37,-0.600,0
4.799,-8.92,-20.37,-0.600,0
4.800,-8.92,-20.37,-0.600,0
4.800,-8.92,-20.37,-0.600,0
4.800,-8.92,-20.34,-0.600,0
4.800,-8.92,-20.34,-0.600,0
4.801,-8.92,-20.34,-0.600,0
4.801,-8.92,-20.34,-0.600,0
4.801,-8.92,-20.31,-0.600,0
4.801,-8.92,-20.31,-0.600,0
4.801,-8.92,-20.31,-0.600,0
4.802,-8.92,-20.31,-0.600,0
4.802,-8.92,-20.31,-0.600,0
4.802,-8.92,-20.27,-0.600,0
4.803,-8.92,-20.27,-0.600,0
4.803,-8.92,-20.27,-0.600,0
4.803,-8.92,-20.24,-0.600,0
4.803,-8.92,-20.24,-0.600,0
4.804,-8.92,-20.24,-0.600,0
4.804,-8.92,-20.21,-0.600,0
4.804,-8.92,-20.21,-0.600,0
4.804,-8.92,-20.21,-0.600,0
4.805,-8.92,-20.21,-0.600,0
4.805,-8.92,-20.21,-0.600,0
4.805,-8.92,-20.18,-0.600,0
4.805,-8.92,-20.18,-0.600,0
4.806,-8.92,-20.18,-0.600,0
4.806,-8.92,-20.18,-0.600,0
4.806,-8.92,-20.14,-0.600,0
4.806,-8.92,-20.14,-0.600,0
4.807,-8.92,-20.14,-0.600,0
4.807,-8.92,-20.14,-0.600,0
4.807,-8.92,-20.11,-0.600,0
4.807,-8.92,-20.11,-0.600,0
4.807,-8.92,-20.11,-0.600,0
4.808,-8.92,-20.11,-0.600,0
4.808,-8.92,-20.11,-0.600,0
4.808,-8.92,-20.08,-0.600,0
4.808,-8.92,-20.08,-0.600,0
4.809,-8.92,-20.08,-0.600,0
4.809,-8.92,-20.05,-0.600,0
4.809,-8.92,-20.05,-0.600,0
4.810,-8.92,-20.05,-0.600,0
4.810,-8.92,-20.05,-0.600,0
4.810,-8.92,-20.01,-0.600,0
4.810,-8.92,-20.01,-0.600,0
4.811,-8.92,-20.01,-0.600,0
4.811,-8.92,-19.98,-0.600,0
4.811,-8.92,-19.98,-0.600,0
4.811,-8.92,-19.98,-0.600,0
4.812,-8.92,-19.98,-0.600,0
4.812,-8.92,-19.98,-0.600,0
4.812,-8.92,-19.95,-0.600,0
4.812,-8.92,-19.95,-0.600,0
4.813,-8.92,-19.95,-0.600,0
4.813,-8.92,-19.95,-0.600,0
4.813,-8.92,-19.92,-0.600,0
4.813,-8.92,-19.92,-0.600,0
4.814,-8.92,-19.92,-0.600,0
4.814,-8.92,-19.92,-0.600,0
4.814,-8.92,-19.88,-0.600,0
4.814,-8.92,-19.88,-0.600,0
4.815,-8.92,-19.88,-0.600,0
4.815,-8.92,-19.85,-0.600,0
4.815,-8.92,-19.85,-0.600,0
4.815,-8.92,-19.85,-0.600,0
4.816,-8.92,-19.85,-0.600,0
4.816,-8.92,-19.82,-0.600,0
4.816,-8.92,-19.82,-0.600,0
4.817,-8.92,-19.82,-0.600,0
4.817,-8.92,-19.82,-0.600,0
4.817,-8.92,-19.78,-0.600,0
4.817,-8.92,-19.78,-0.600,0
4.818,-8.92,-19.78,-0.600,0
4.818,-8.92,-19.75,-0.600,0
4.818,-8.92,-19.75,-0.600,0
4.818,-8.92,-19.75,-0.600,0
4.819,-8.92,-19.75,-0.600,0
4.819,-8.92,-19.72,-0.600,0
4.819,-8.92,-19.72,-0.600,0
4.819,-8.92,-19.72,-0.600,0
4.820,-8.92,-19.72,-0.600,0
4.820,-8.92,-19.69,-0.600,0
4.820,-8.92,-19.69,-0.600,0
4.820,-8.92,-19.69,-0.600,0
4.821,-8.92,-19.69,-0.600,0
4.821,-8.92,-19.69,-0.600,0
4.821,-8.92,-19.66,-0.600,0
4.821,-8.92,-19.66,-0.600,0
4.822,-8.92,-19.66,-0.600,0
4.822,-8.92,-19.66,-0.600,0
4.822,-8.92,-19.62,-0.600,0
4.822,-8.92,-19.62,-0.600,0
4.823,-8.92,-19.62,-0.600,0
4.823,-8.92,-19.62,-0.600,0
4.823,-8.92,-19.59,-0.600,0
4.823,-8.92,-19.59,-0.600,0
4.824,-8.92,-19.59,-0.600,0
4.824,-8.92,-19.56,-0.600,0
4.824,-8.92,-19.56,-0.600,0
4.825,-8.92,-19.56,-0.600,0
4.825,-8.92,-19.56,-0.600,0
4.825,-8.92,-19.52,-0.600,0
4.825,-8.92,-19.52,-0.600,0
4.825,-8.92,-19.52,-0.600,0
4.826,-8.92,-19.52,-0.600,0
4.826,-8.92,-19.52,-0.600,0
4.826,-8.92,-19.49,-0.600,0
4.826,-8.92,-19.49,-0.600,0
4.827,-8.92,-19.49,-0.600,0
4.827,-8.92,-19.49,-0.600,0
4.827,-8.92,-19.46,-0.600,0
4.827,-8.92,-19.46,-0.600,0
4.828,-8.92,-19.46,-0.600,0
4.828,-8.92,-19.46,-0.600,0
4.828,-8.92,-19.43,-0.600,0
4.828,-8.92,-19.43,-0.600,0
4.829,-8.92,-19.43,-0.600,0
4.829,-8.92,-19.43,-0.600,0
4.829,-8.92,-19.39,-0.600,0
4.829,-8.92,-19.39,-0.600,0
4.830,-8.92,-19.39,-0.600,0
4.830,-8.92,-19.39,-0.600,0
4.830,-8.92,-19.36,-0.600,0
4.831,-8.92,-19.36,-0.600,0
4.831,-8.92,-19.36,-0.600,0
4.831,-8.92,-19.33,-0.600,0
4.831,-8.92,-19.33,-0.600,0
4.832,-8.92,-19.33,-0.600,0
4.832,-8.92,-19.33,-0.600,0
4.832,-8.92,-19.30,-0.600,0
4.833,-8.92,-19.30,-0.600,0
4.833,-8.92,-19.30,-0.600,0
4.833,-8.92,-19.26,-0.600,1
4.833,-12.71,-19.26,-0.600,0
4.834,-12.71,-19.26,-0.600,0
4.834,-12.71,-19.23,-0.600,0
4.834,-12.71,-19.23,-0.600,0
4.835,-12.71,-19.23,-0.600,0
4.835,-12.71,-19.23,-0.600,0
4.835,-12.71,-19.20,-0.600,0
4.835,-12.71,-19.20,-0.600,0
4.836,-12.71,-19.20,-0.600,0
4.836,-12.71,-19.20,-0.600,0
4.836,-12.71,-19.17,-0.600,0
4.836,-12.71,-19.17,-0.600,0
4.837,-12.71,-19.17,-0.600,0
4.837,-12.71,-19.17,-0.600,0
4.837,-12.71,-19.13,-0.600,0
4.837,-12.71,-19.13,-0.600,0
4.838,-12.71,-19.13,-0.600,0
4.838,-12.71,-19.13,-0.600,0
4.838,-12.71,-19.10,-0.600,0
4.838,-12.71,-19.10,-0.600,0
4.839,-12.71,-19.10,-0.600,0
4.839,-12.71,-19.10,-0.600,0
4.839,-12.71,-19.07,-0.600,0
4.839,-12.71,-19.07,-0.600,0
4.840,-12.71,-19.07,-0.600,0
4.840,-12.71,-19.07,-0.600,0
4.840,-12.71,-19.04,-0.600,0
4.840,-12.71,-19.04,-0.600,0
4.841,-12.71,-19.04,-0.600,0
4.841,-12.71,-19.04,-0.600,0
4.841,-12.71,-19.00,-0.600,0
4.841,-12.71,-19.00,-0.600,0
4.842,-12.71,-19.00,-0.600,0
4.842,-12.71,-19.00,-0.600,0
4.842,-12.71,-18.97,-0.600,0
4.842,-12.71,-18.97,-0.600,0
4.843,-12.71,-18.97,-0.600,0
4.843,-12.71,-18.97,-0.600,0
4.843,-12.71,-18.94,-0.600,0
4.843,-12.71,-18.94,-0.600,0
4.844,-12.71,-18.94,-0.600,0
4.844,-12.71,-18.94,-0.600,0
4.844,-12.71,-18.91,-0.600,0
4.845,-12.71,-18.91,-0.600,0
4.845,-12.71,-18.91,-0.600,0
4.845,-12.71,-18.87,-0.600,0
4.845,-12.71,-18.87,-0.600,0
4.846,-12.71,-18.87,-0.600,0
4.846,-12.71,-18.87,-0.600,0
4.846,-12.71,-18.84,-0.600,0
4.846,-12.71,-18.84,-0.600,0
4.847,-12.71,-18.84,-0.600,0
4.847,-12.71,-18.84,-0.600,0
4.847,-12.71,-18.81,-0.600,0
4.847,-12.71,-18.81,-0.600,0
4.847,-12.71,-18.81,-0.600,0
4.848,-12.71,-18.81,-0.600,0
4.848,-12.71,-18.81,-0.600,0
4.848,-12.71,-18.77,-0.600,0
4.848,-12.71,-18.77,-0.600,0
4.849,-12.71,-18.77,-0.600,0
4.849,-12.71,-18.77,-0.600,0
4.849,-12.71,-18.74,-0.600,0
4.849,-12.71,-18.74,-0.600,0
4.850,-12.71,-18.74,-0.600,0
4.850,-12.71,-18.74,-0.600,0
4.850,-12.71,-18.71,-0.600,0
4.850,-12.71,-18.71,-0.600,0
4.851,-12.71,-18.71,-0.600,0
4.851,-12.71,-18.68,-0.600,0
4.851,-12.71,-18.68,-0.600,0
4.852,-12.71,-18.68,-0.600,0
4.852,-12.71,-18.68,-0.600,0
4.852,-12.71,-18.64,-0.600,0
4.852,-12.71,-18.64,-0.600,0
4.853,-12.71,-18.64,-0.600,0
4.853,-12.71,-18.64,-0.600,0
4.853,-12.71,-18.61,-0.600,0
4.853,-12.71,-18.61,-0.600,0
4.854,-12.71,-18.61,-0.600,0
4.854,-12.71,-18.61,-0.600,0
4.854,-12.71,-18.61,-0.600,0
4.854,-12.71,-18.58,-0.600,0
4.854,-12.71,-18.58,-0.600,0
4.855,-12.71,-18.58,-0.600,0
4.855,-12.71,-18.55,-0.600,0
4.855,-12.71,-18.55,-0.600,0
4.855,-12.71,-18.55,-0.600,0
4.856,-12.71,-18.55,-0.600,0
4.856,-12.71,-18.51,-0.600,0
4.856,-12.71,-18.51,-0.600,0
4.856,-12.71,-18.51,-0.600,0
4.857,-12.71,-18.51,-0.600,0
4.857,-12.71,-18.48,-0.600,0
4.857,-12.71,-18.48,-0.600,0
4.857,-12.71,-18.48,-0.600,0
4.858,-12.71,-18.48,-0.600,0
4.858,-12.71,-18.45,-0.600,0
4.858,-12.71,-18.45,-0.600,0
4.859,-12.71,-18.45,-0.600,0
4.859,-12.71,-18.45,-0.600,0
4.859,-12.71,-18.42,-0.600,0
4.860,-12.71,-18.42,-0.600,0
4.860,-12.71,-18.42,-0.600,0
4.860,-12.71,-18.38,-0.600,0
4.860,-12.71,-18.38,-0.600,0
4.861,-12.71,-18.38,-0.600,0
4.861,-12.71,-18.38,-0.600,0
4.861,-12.71,-18.35,-0.600,0
4.861,-12.71,-18.35,-0.600,0
4.862,-12.71,-18.35,-0.600,0
4.862,-12.71,-18.32,-0.600,0
4.862,-12.71,-18.32,-0.600,0
4.863,-12.71,-18.32,-0.600,0
4.863,-12.71,-18.32,-0.600,0
4.863,-12.71,-18.28,-0.600,0
4.863,-12.71,-18.28,-0.600,0
4.864,-12.71,-18.28,-0.600,0
4.864,-12.71,-18.28,-0.600,0
4.864,-12.71,-18.25,-0.600,0
4.865,-12.71,-18.25,-0.600,0
4.865,-12.71,-18.25,-0.600,0
4.865,-12.71,-18.22,-0.600,0
4.866,-12.71,-18.22,-0.600,0
4.866,-12.71,-18.22,-0.600,0
4.866,-12.71,-18.19,-0.600,0
4.866,-12.71,-18.19,-0.600,0
4.867,-12.71,-18.19,-0.600,0
4.867,-12.71,-18.19,-0.600,0
4.867,-12.71,-18.15,-0.600,0
4.867,-12.71,-18.15,-0.600,0
4.868,-12.71,-18.15,-0.600,0
4.868,-12.71,-18.15,-0.600,0
4.868,-12.71,-18.15,-0.600,0
4.868,-12.71,-18.12,-0.600,0
4.869,-12.71,-18.12,-0.600,0
4.869,-12.71,-18.12,-0.600,0
4.869,-12.71,-18.09,-0.600,0
4.869,-12.71,-18.09,-0.600,0
4.870,-12.71,-18.09,-0.600,0
4.870,-12.71,-18.09,-0.600,0
4.870,-12.71,-18.09,-0.600,0
4.870,-12.71,-18.06,-0.600,0
4.871,-12.71,-18.06,-0.600,0
4.871,-12.71,-18.06,-0.600,0
4.871,-12.71,-18.02,-0.600,0
4.871,-12.71,-18.02,-0.600,0
4.872,-12.71,-18.02,-0.600,0
4.872,-12.71,-17.99,-0.600,0
4.872,-12.71,-17.99,-0.600,0
4.873,-12.71,-17.99,-0.600,0
4.873,-12.71,-17.99,-0.600,0
4.873,-12.71,-17.96,-0.600,0
4.873,-12.71,-17.96,-0.600,0
4.874,-12.71,-17.96,-0.600,0
4.874,-12.71,-17.96,-0.600,0
4.874,-12.71,-17.93,-0.600,0
4.874,-12.71,-17.93,-0.600,0
4.875,-12.71,-17.93,-0.600,0
4.875,-12.71,-17.93,-0.600,0
4.875,-12.71,-17.89,-0.600,0
4.875,-12.71,-17.89,-0.600,0
4.876,-12.71,-17.89,-0.600,0
4.876,-12.71,-17.89,-0.600,0
4.876,-12.71,-17.86,-0.600,0
4.876,-12.71,-17.86,-0.600,0
4.876,-12.71,-17.86,-0.600,0
4.877,-12.71,-17.86,-0.600,0
4.877,-12.71,-17.83,-0.600,0
4.877,-12.71,-17.83,-0.600,0
4.877,-12.71,-17.83,-0.600,0
4.878,-12.71,-17.83,-0.600,0
4.878,-12.71,-17.83,-0.600,0
4.878,-12.71,-17.80,-0.600,0
4.878,-12.71,-17.80,-0.600,0
4.879,-12.71,-17.80,-0.600,0
4.879,-12.71,-17.80,-0.600,0
4.879,-12.71,-17.76,-0.600,0
4.879,-12.71,-17.76,-0.600,0
4.880,-12.71,-17.76,-0.600,0
4.880,-12.71,-17.73,-0.600,0
4.880,-12.71,-17.73,-0.600,0
4.880,-12.71,-17.73,-0.600,0
4.881,-12.71,-17.73,-0.600,0
4.881,-12.71,-17.70,-0.600,0
4.881,-12.71,-17.70,-0.600,0
4.881,-12.71,-17.70,-0.600,0
4.882,-12.71,-17.70,-0.600,0
4.882,-12.71,-17.70,-0.600,0
4.882,-12.71,-17.66,-0.600,0
4.882,-12.71,-17.66,-0.600,0
4.883,-12.71,-17.66,-0.600,0
4.883,-12.71,-17.66,-0.600,0
4.883,-12.71,-17.63,-0.600,0
4.883,-12.71,-17.63,-0.600,0
4.884,-12.71,-17.63,-0.600,0
4.884,-12.71,-17.63,-0.600,0
4.884,-12.71,-17.60,-0.600,0
4.884,-12.71,-17.60,-0.600,0
4.885,-12.71,-17.60,-0.600,0
4.885,-12.71,-17.57,-0.600,0
4.885,-12.71,-17.57,-0.600,0
4.885,-12.71,-17.57,-0.600,0
4.886,-12.71,-17.57,-0.600,0
4.886,-12.71,-17.53,-0.600,0
4.886,-12.71,-17.53,-0.600,0
4.887,-12.71,-17.53,-0.600,0
4.887,-12.71,-17.53,-0.600,0
4.887,-12.71,-17.50,-0.600,0
4.887,-12.71,-17.50,-0.600,0
4.888,-12.71,-17.50,-0.600,0
4.888,-12.71,-17.50,-0.600,0
4.888,-12.71,-17.47,-0.600,0
4.888,-12.71,-17.47,-0.600,0
4.889,-12.71,-17.47,-0.600,0
4.889,-12.71,-17.47,-0.600,0
4.889,-12.71,-17.44,-0.600,0
4.889,-12.71,-17.44,-0.600,0
4.890,-12.71,-17.44,-0.600,0
4.890,-12.71,-17.44,-0.600,0
4.890,-12.71,-17.40,-0.600,0
4.890,-12.71,-17.40,-0.600,0
4.891,-12.71,-17.40,-0.600,0
4.891,-12.71,-17.40,-0.600,0
4.891,-12.71,-17.37,-0.600,0
4.891,-12.71,-17.37,-0.600,0
4.892,-12.71,-17.37,-0.600,0
4.892,-12.71,-17.34,-0.600,0
4.893,-12.71,-17.34,-0.600,0
4.893,-12.71,-17.31,-0.600,0
4.893,-12.71,-17.31,-0.600,0
4.894,-12.71,-17.31,-0.600,0
4.894,-12.71,-17.31,-0.600,0
4.894,-12.71,-17.27,-0.600,0
4.894,-12.71,-17.27,-0.600,0
4.895,-12.71,-17.27,-0.600,0
4.895,-12.71,-17.27,-0.600,0
4.895,-12.71,-17.24,-0.600,0
4.895,-12.71,-17.24,-0.600,0
4.896,-12.71,-17.24,-0.600,0
4.896,-12.71,-17.24,-0.600,0
4.896,-12.71,-17.21,-0.600,0
4.896,-12.71,-17.21,-0.600,0
4.897,-12.71,-17.21,-0.600,0
4.897,-12.71,-17.21,-0.600,0
4.897,-12.71,-17.18,-0.600,0
4.897,-12.71,-17.18,-0.600,0
4.898,-12.71,-17.18,-0.600,0
4.898,-12.71,-17.18,-0.600,0
4.898,-12.71,-17.14,-0.600,0
4.898,-12.71,-17.14,-0.600,0
4.899,-12.71,-17.14,-0.600,0
4.899,-12.71,-17.11,-0.600,0
4.899,-12.71,-17.11,-0.600,0
4.899,-12.71,-17.11,-0.600,0
4.900,-12.71,-17.11,-0.600,0
4.900,-12.71,-17.11,-0.600,0
4.900,-12.71,-17.08,-0.600,0
4.900,-12.71,-17.08,-0.600,0
4.901,-12.71,-17.08,-0.600,0
4.901,-12.71,-17.08,-0.600,0
4.901,-12.71,-17.04,-0.600,0
4.901,-12.71,-17.04,-0.600,0
4.902,-12.71,-17.04,-0.600,0
4.902,-12.71,-17.04,-0.600,0
4.902,-12.71,-17.01,-0.600,0
4.902,-12.71,-17.01,-0.600,0
4.903,-12.71,-17.01,-0.600,0
4.903,-12.71,-17.01,-0.600,0
4.903,-12.71,-16.98,-0.600,0
4.903,-12.71,-16.98,-0.600,0
4.903,-12.71,-16.98,-0.600,0
4.904,-12.71,-16.98,-0.600,0
4.904,-12.71,-16.95,-0.600,0
4.904,-12.71,-16.95,-0.600,0
4.904,-12.71,-16.95,-0.600,0
4.905,-12.71,-16.95,-0.600,0
4.905,-12.71,-16.95,-0.600,0
4.905,-12.71,-16.91,-0.600,0
4.906,-12.71,-16.91,-0.600,0
4.906,-12.71,-16.91,-0.600,0
4.906,-12.71,-16.88,-0.600,0
4.906,-12.71,-16.88,-0.600,0
4.907,-12.71,-16.88,-0.600,0
4.907,-12.71,-16.88,-0.600,0
4.907,-12.71,-16.85,-0.600,0
4.907,-12.71,-16.85,-0.600,0
4.908,-12.71,-16.85,-0.600,0
4.908,-12.71,-16.85,-0.600,0
4.908,-12.71,-16.82,-0.600,0
4.908,-12.71,-16.82,-0.600,0
4.909,-12.71,-16.82,-0.600,0
4.909,-12.71,-16.82,-0.600,0
4.909,-12.71,-16.78,-0.600,0
4.909,-12.71,-16.78,-0.600,0
4.909,-12.71,-16.78,-0.600,0
4.910,-12.71,-16.78,-0.600,0
4.910,-12.71,-16.78,-0.600,0
4.910,-12.71,-16.75,-0.600,0
4.910,-12.71,-16.75,-0.600,0
4.911,-12.71,-16.75,-0.600,0
4.911,-12.71,-16.75,-0.600,0
4.911,-12.71,-16.72,-0.600,0
4.911,-12.71,-16.72,-0.600,0
4.912,-12.71,-16.72,-0.600,0
4.912,-12.71,-16.72,-0.600,0
4.912,-12.71,-16.69,-0.600,0
4.912,-12.71,-16.69,-0.600,0
4.913,-12.71,-16.69,-0.600,0
4.913,-12.71,-16.69,-0.600,0
4.913,-12.71,-16.65,-0.600,0
4.913,-12.71,-16.65,-0.600,0
4.914,-12.71,-16.65,-0.600,0
4.914,-12.71,-16.65,-0.600,0
4.914,-12.71,-16.62,-0.600,0
4.914,-12.71,-16.62,-0.600,0
4.915,-12.71,-16.62,-0.600,0
4.915,-12.71,-16.62,-0.600,0
4.915,-12.71,-16.59,-0.600,0
4.915,-12.71,-16.59,-0.600,0
4.915,-12.71,-16.59,-0.600,0
4.916,-12.71,-16.59,-0.600,0
4.916,-12.71,-16.59,-0.600,0
4.916,-12.71,-16.56,-0.600,0
4.916,-12.71,-16.56,-0.600,0
4.917,-12.71,-16.56,-0.600,0
4.917,-12.71,-16.56,-0.600,0
4.917,-12.71,-16.52,-0.600,0
4.917,-12.71,-16.52,-0.600,0
4.918,-12.71,-16.52,-0.600,0
4.918,-12.71,-16.52,-0.600,0
4.918,-12.71,-16.49,-0.600,0
4.918,-12.71,-16.49,-0.600,0
4.919,-12.71,-16.49,-0.600,0
4.919,-12.71,-16.46,-0.600,0
4.919,-12.71,-16.46,-0.600,0
4.920,-12.71,-16.46,-0.600,0
4.920,-12.71,-16.46,-0.600,0
4.920,-12.71,-16.43,-0.600,0
4.920,-12.71,-16.43,-0.600,0
4.921,-12.71,-16.43,-0.600,0
4.921,-12.71,-16.43,-0.600,0
4.921,-12.71,-16.39,-0.600,0
4.921,-12.71,-16.39,-0.600,0
4.922,-12.71,-16.39,-0.600,0
4.922,-12.71,-16.39,-0.600,0
4.922,-12.71,-16.36,-0.600,0
4.922,-12.71,-16.36,-0.600,0
4.922,-12.71,-16.36,-0.600,0
4.923,-12.71,-16.36,-0.600,0
4.923,-12.71,-16.36,-0.600,0
4.923,-12.71,-16.33,-0.600,0
4.923,-12.71,-16.33,-0.600,0
4.924,-12.71,-16.33,-0.600,0
4.924,-12.71,-16.33,-0.600,0
4.924,-12.71,-16.29,-0.600,0
4.924,-12.71,-16.29,-0.600,0
4.925,-12.71,-16.29,-0.600,0
4.925,-12.71,-16.29,-0.600,0
4.925,-12.71,-16.26,-0.600,0
4.925,-12.71,-16.26,-0.600,0
4.925,-12.71,-16.26,-0.600,0
4.926,-12.71,-16.26,-0.600,0
4.926,-12.71,-16.26,-0.600,0
4.926,-12.71,-16.23,-0.600,0
4.927,-12.71,-16.23,-0.600,0
4.927,-12.71,-16.23,-0.600,0
4.927,-12.71,-16.20,-0.600,0
4.927,-12.71,-16.20,-0.600,0
4.928,-12.71,-16.20,-0.600,0
4.928,-12.71,-16.20,-0.600,0
4.928,-12.71,-16.16,-0.600,0
4.928,-12.71,-16.16,-0.600,0
4.929,-12.71,-16.16,-0.600,0
4.929,-12.71,-16.16,-0.600,0
4.929,-12.71,-16.13,-0.600,0
4.929,-12.71,-16.13,-0.600,0
4.930,-12.71,-16.13,-0.600,0
4.930,-12.71,-16.13,-0.600,0
4.930,-12.71,-16.10,-0.600,0
4.930,-12.71,-16.10,-0.600,0
4.931,-12.71,-16.10,-0.600,0
4.931,-12.71,-16.10,-0.600,0
4.931,-12.71,-16.07,-0.600,0
4.931,-12.71,-16.07,-0.600,0
4.932,-12.71,-16.07,-0.600,0
4.932,-12.71,-16.07,-0.600,0
4.932,-12.71,-16.03,-0.600,0
4.932,-12.71,-16.03,-0.600,0
4.933,-12.71,-16.03,-0.600,0
4.933,-12.71,-16.03,-0.600,0
4.933,-12.71,-16.03,-0.600,0
4.933,-12.71,-16.00,-0.600,0
4.934,-12.71,-16.00,-0.600,0
4.934,-12.71,-16.00,-0.600,0
4.934,-12.71,-15.97,-0.600,0
4.935,-12.71,-15.97,-0.600,0
4.935,-12.71,-15.97,-0.600,0
4.935,-12.71,-15.94,-0.600,0
4.935,-12.71,-15.94,-0.600,0
4.936,-12.71,-15.94,-0.600,0
4.936,-12.71,-15.94,-0.600,0
4.936,-12.71,-15.90,-0.600,0
4.936,-12.71,-15.90,-0.600,0
4.937,-12.71,-15.90,-0.600,0
4.937,-12.71,-15.90,-0.600,0
4.937,-12.71,-15.90,-0.600,0
4.937,-12.71,-15.87,-0.600,0
4.937,-12.71,-15.87,-0.600,0
4.938,-12.71,-15.87,-0.600,0
4.938,-12.71,-15.87,-0.600,0
4.938,-12.71,-15.84,-0.600,0
4.939,-12.71,-15.84,-0.600,0
4.939,-12.71,-15.84,-0.600,0
4.939,-12.71,-15.81,-0.600,0
4.939,-12.71,-15.81,-0.600,0
4.940,-12.71,-15.81,-0.600,0
4.940,-12.71,-15.81,-0.600,0
4.940,-12.71,-15.77,-0.600,0
4.940,-12.71,-15.77,-0.600,0
4.941,-12.71,-15.77,-0.600,0
4.941,-12.71,-15.77,-0.600,0
4.941,-12.71,-15.74,-0.600,0
4.941,-12.71,-15.74,-0.600,0
4.942,-12.71,-15.74,-0.600,0
4.942,-12.71,-15.74,-0.600,0
4.942,-12.71,-15.71,-0.600,0
4.942,-12.71,-15.71,-0.600,0
4.943,-12.71,-15.71,-0.600,0
4.943,-12.71,-15.71,-0.600,0
4.943,-12.71,-15.68,-0.600,0
4.943,-12.71,-15.68,-0.600,0
4.944,-12.71,-15.68,-0.600,0
4.944,-12.71,-15.68,-0.600,0
4.944,-12.71,-15.64,-0.600,0
4.944,-12.71,-15.64,-0.600,0
4.945,-12.71,-15.64,-0.600,0
4.945,-12.71,-15.64,-0.600,0
4.945,-12.71,-15.61,-0.600,0
4.946,-12.71,-15.61,-0.600,0
4.946,-12.71,-15.61,-0.600,0
4.946,-12.71,-15.58,-0.600,0
4.947,-12.71,-15.58,-0.600,0
4.947,-12.71,-15.58,-0.600,0
4.947,-12.71,-15.55,-0.600,0
4.947,-12.71,-15.55,-0.600,0
4.948,-12.71,-15.55,-0.600,0
4.948,-12.71,-15.55,-0.600,0
4.948,-12.71,-15.51,-0.600,0
4.948,-12.71,-15.51,-0.600,0
4.949,-12.71,-15.51,-0.600,0
4.949,-12.71,-15.51,-0.600,0
4.949,-12.71,-15.48,-0.600,0
4.949,-12.71,-15.48,-0.600,0
4.950,-12.71,-15.48,-0.600,0
4.950,-12.71,-15.48,-0.600,0
4.950,-12.71,-15.45,-0.600,0
4.950,-12.71,-15.45,-0.600,0
4.951,-12.71,-15.45,-0.600,0
4.951,-12.71,-15.45,-0.600,0
4.951,-12.71,-15.41,-0.600,0
4.951,-12.71,-15.41,-0.600,0
4.952,-12.71,-15.41,-0.600,0
4.952,-12.71,-15.41,-0.600,0
4.952,-12.71,-15.38,-0.600,0
4.952,-12.71,-15.38,-0.600,0
4.953,-12.71,-15.38,-0.600,0
4.953,-12.71,-15.38,-0.600,0
4.953,-12.71,-15.35,-0.600,0
4.953,-12.71,-15.35,-0.600,0
4.954,-12.71,-15.35,-0.600,0
4.954,-12.71,-15.35,-0.600,0
4.954,-12.71,-15.32,-0.600,0
4.954,-12.71,-15.32,-0.600,0
4.955,-12.71,-15.32,-0.600,0
4.955,-12.71,-15.32,-0.600,0
4.955,-12.71,-15.28,-0.600,0
4.955,-12.71,-15.28,-0.600,0
4.956,-12.71,-15.28,-0.600,0
4.956,-12.71,-15.28,-0.600,0
4.956,-12.71,-15.25,-0.600,0
4.956,-12.71,-15.25,-0.600,0
4.957,-12.71,-15.25,-0.600,0
4.957,-12.71,-15.25,-0.600,0
4.957,-12.71,-15.22,-0.600,0
4.957,-12.71,-15.22,-0.600,0
4.958,-12.71,-15.22,-0.600,0
4.958,-12.71,-15.22,-0.600,0
4.958,-12.71,-15.19,-0.600,0
4.958,-12.71,-15.19,-0.600,0
4.958,-12.71,-15.19,-0.600,0
4.959,-12.71,-15.19,-0.600,0
4.959,-12.71,-15.19,-0.600,0
4.959,-12.71,-15.15,-0.600,0
4.959,-12.71,-15.15,-0.600,0
4.960,-12.71,-15.15,-0.600,0
4.960,-12.71,-15.15,-0.600,0
4.960,-12.71,-15.12,-0.600,0
4.960,-12.71,-15.12,-0.600,0
4.961,-12.71,-15.12,-0.600,0
4.961,-12.71,-15.12,-0.600,0
4.961,-12.71,-15.09,-0.600,0
4.961,-12.71,-15.09,-0.600,0
4.962,-12.71,-15.09,-0.600,0
4.962,-12.71,-15.06,-0.600,0
4.962,-12.71,-15.06,-0.600,0
4.963,-12.71,-15.06,-0.600,0
4.963,-12.71,-15.06,-0.600,0
4.963,-12.71,-15.02,-0.600,0
4.963,-12.71,-15.02,-0.600,0
4.964,-12.71,-15.02,-0.600,0
4.964,-12.71,-15.02,-0.600,0
4.964,-12.71,-14.99,-0.600,0
4.965,-12.71,-14.99,-0.600,0
4.965,-12.71,-14.99,-0.600,0
4.965,-12.71,-14.96,-0.600,0
4.965,-12.71,-14.96,-0.600,0
4.966,-12.71,-14.96,-0.600,0
4.966,-12.71,-14.96,-0.600,0
4.966,-12.71,-14.93,-0.600,0
4.966,-12.71,-14.93,-0.600,0
4.967,-12.71,-14.93,-0.600,0
4.967,-12.71,-14.93,-0.600,0
4.967,-12.71,-14.93,-0.600,0
4.967,-12.71,-14.89,-0.600,0
4.968,-12.71,-14.89,-0.600,0
4.968,-12.71,-14.89,-0.600,0
4.968,-12.71,-14.89,-0.600,0
4.968,-12.71,-14.86,-0.600,0
4.969,-12.71,-14.86,-0.600,0
4.969,-12.71,-14.86,-0.600,0
4.969,-12.71,-14.83,-0.600,0
4.970,-12.71,-14.83,-0.600,0
4.970,-12.71,-14.83,-0.600,0
4.970,-12.71,-14.83,-0.600,0
4.970,-12.71,-14.80,-0.600,0
4.970,-12.71,-14.80,-0.600,0
4.971,-12.71,-14.80,-0.600,0
4.971,-12.71,-14.80,-0.600,0
4.971,-12.71,-14.76,-0.600,0
4.971,-12.71,-14.76,-0.600,0
4.972,-12.71,-14.76,-0.600,0
4.972,-12.71,-14.76,-0.600,0
4.972,-12.71,-14.73,-0.600,0
4.972,-12.71,-14.73,-0.600,0
4.973,-12.71,-14.73,-0.600,0
4.973,-12.71,-14.73,-0.600,0
4.973,-12.71,-14.73,-0.600,0
4.973,-12.71,-14.70,-0.600,0
4.973,-12.71,-14.70,-0.600,0
4.974,-12.71,-14.70,-0.600,0
4.974,-12.71,-14.70,-0.600,0
4.974,-12.71,-14.66,-0.600,0
4.975,-12.71,-14.66,-0.600,0
4.975,-12.71,-14.66,-0.600,0
4.975,-12.71,-14.63,-0.600,0
4.975,-12.71,-14.63,-0.600,0
4.976,-12.71,-14.63,-0.600,0
4.976,-12.71,-14.63,-0.600,0
4.976,-12.71,-14.60,-0.600,0
4.976,-12.71,-14.60,-0.600,0
4.977,-12.71,-14.60,-0.600,0
4.977,-12.71,-14.60,-0.600,0
4.977,-12.71,-14.57,-0.600,0
4.977,-12.71,-14.57,-0.600,0
4.978,-12.71,-14.57,-0.600,0
4.978,-12.71,-14.57,-0.600,0
4.978,-12.71,-14.53,-0.600,0
4.978,-12.71,-14.53,-0.600,0
4.979,-12.71,-14.53,-0.600,0
4.979,-12.71,-14.53,-0.600,0
4.979,-12.71,-14.50,-0.600,0
4.979,-12.71,-14.50,-0.600,0
4.980,-12.71,-14.50,-0.600,0
4.980,-12.71,-14.50,-0.600,0
4.980,-12.71,-14.47,-0.600,0
4.980,-12.71,-14.47,-0.600,0
4.981,-12.71,-14.47,-0.600,0
4.981,-12.71,-14.47,-0.600,0
4.981,-12.71,-14.47,-0.600,0
4.981,-12.71,-14.44,-0.600,0
4.982,-12.71,-14.44,-0.600,0
4.982,-12.71,-14.44,-0.600,0
4.982,-12.71,-14.40,-0.600,0
4.982,-12.71,-14.40,-0.600,0
4.983,-12.71,-14.40,-0.600,0
4.983,-12.71,-14.40,-0.600,0
4.983,-12.71,-14.37,-0.600,0
4.984,-12.71,-14.37,-0.600,0
4.984,-12.71,-14.37,-0.600,0
4.984,-12.71,-14.37,-0.600,0
4.984,-12.71,-14.34,-0.600,0
4.984,-12.71,-14.34,-0.600,0
4.985,-12.71,-14.34,-0.600,0
4.985,-12.71,-14.34,-0.600,0
4.985,-12.71,-14.31,-0.600,0
4.985,-12.71,-14.31,-0.600,0
4.986,-12.71,-14.31,-0.600,0
4.986,-12.71,-14.31,-0.600,0
4.986,-12.71,-14.27,-0.600,0
4.986,-12.71,-14.27,-0.600,0
4.986,-12.71,-14.27,-0.600,0
4.987,-12.71,-14.27,-0.600,0
4.987,-12.71,-14.27,-0.600,0
4.987,-12.71,-14.24,-0.600,0
4.987,-12.71,-14.24,-0.600,0
4.988,-12.71,-14.24,-0.600,0
4.988,-12.71,-14.24,-0.600,0
4.988,-12.71,-14.24,-0.600,0
4.988,-12.71,-14.21,-0.600,0
4.989,-12.71,-14.21,-0.600,0
4.989,-12.71,-14.18,-0.600,0
4.989,-12.71,-14.18,-0.600,0
4.990,-12.71,-14.18,-0.600,0
4.990,-12.71,-14.18,-0.600,0
4.990,-12.71,-14.14,-0.600,0
4.991,-12.71,-14.14,-0.600,0
4.991,-12.71,-14.14,-0.600,0
4.991,-12.71,-14.11,-0.600,0
4.991,-12.71,-14.11,-0.600,0
4.992,-12.71,-14.11,-0.600,0
4.992,-12.71,-14.11,-0.600,0
4.992,-12.71,-14.08,-0.600,0
4.992,-12.71,-14.08,-0.600,0
4.993,-12.71,-14.08,-0.600,0
4.993,-12.71,-14.08,-0.600,0
4.993,-12.71,-14.05,-0.600,0
4.993,-12.71,-14.05,-0.600,0
4.994,-12.71,-14.05,-0.600,0
4.994,-12.71,-14.05,-0.600,0
4.994,-12.71,-14.01,-0.600,0
4.994,-12.71,-14.01,-0.600,0
4.995,-12.71,-14.01,-0.600,0
4.995,-12.71,-14.01,-0.600,0
4.995,-12.71,-13.98,-0.600,0
4.996,-12.71,-13.98,-0.600,0
4.996,-12.71,-13.98,-0.600,0
4.996,-12.71,-13.95,-0.600,0
4.996,-12.71,-13.95,-0.600,0
4.997,-12.71,-13.95,-0.600,0
4.997,-12.71,-13.95,-0.600,0
4.997,-12.71,-13.91,-0.600,0
4.998,-12.71,-13.91,-0.600,0
4.998,-12.71,-13.91,-0.600,0
4.998,-12.71,-13.91,-0.600,0
4.998,-12.71,-13.88,-0.600,0
4.999,-12.71,-13.88,-0.600,0
4.999,-12.71,-13.88,-0.600,0
4.999,-12.71,-13.85,-0.600,0
4.999,-12.71,-13.85,-0.600,0
5.000,-12.71,-13.85,-0.600,0
5.000,-12.71,-13.85,-0.600,0
5.000,-12.71,-13.85,-0.600,0
5.000,-12.71,-13.82,-0.600,0
5.000,-12.71,-13.82,-0.600,0
5.001,-12.71,-13.82,-0.600,0
5.001,-12.71,-13.82,-0.600,0
5.001,-12.71,-13.78,-0.600,0
5.001,-12.71,-13.78,-0.600,0
5.002,-12.71,-13.78,-0.600,0
5.002,-12.71,-13.78,-0.600,0
5.002,-12.71,-13.75,-0.600,0
5.002,-12.71,-13.75,-0.600,0
5.003,-12.71,-13.75,-0.600,0
5.003,-12.71,-13.75,-0.600,0
5.003,-12.71,-13.72,-0.600,0
5.004,-12.71,-13.72,-0.600,0
5.004,-12.71,-13.72,-0.600,0
5.004,-12.71,-13.69,-0.600,0
5.005,-12.71,-13.69,-0.600,0
5.005,-12.71,-13.69,-0.600,0
5.005,-12.71,-13.65,-0.600,0
5.006,-12.71,-13.65,-0.600,0
5.006,-12.71,-13.65,-0.600,0
5.006,-12.71,-13.65,-0.600,0
5.006,-12.71,-13.62,-0.600,0
5.007,-12.71,-13.62,-0.600,0
5.007,-12.71,-13.62,-0.600,0
5.007,-12.71,-13.62,-0.600,0
5.007,-12.71,-13.59,-0.600,0
5.008,-12.71,-13.59,-0.600,0
5.008,-12.71,-13.59,-0.600,0
5.008,-12.71,-13.59,-0.600,0
5.008,-12.71,-13.56,-0.600,0
5.009,-12.71,-13.56,-0.600,0
5.009,-12.71,-13.56,-0.600,0
5.009,-12.71,-13.56,-0.600,0
5.009,-12.71,-13.52,-0.600,0
5.010,-12.71,-13.52,-0.600,0
5.010,-12.71,-13.52,-0.600,0
5.010,-12.71,-13.52,-0.600,0
5.010,-12.71,-13.49,-0.600,0
5.011,-12.71,-13.49,-0.600,0
5.011,-12.71,-13.49,-0.600,0
5.011,-12.71,-13.46,-0.600,0
5.011,-12.71,-13.46,-0.600,0
5.012,-12.71,-13.46,-0.600,0
5.012,-12.71,-13.46,-0.600,0
5.012,-12.71,-13.43,-0.600,0
5.012,-12.71,-13.43,-0.600,0
5.013,-12.71,-13.43,-0.600,0
5.013,-12.71,-13.43,-0.600,0
5.013,-12.71,-13.39,-0.600,0
5.013,-12.71,-13.39,-0.600,0
5.014,-12.71,-13.39,-0.600,0
5.014,-12.71,-13.39,-0.600,0
5.014,-12.71,-13.36,-0.600,0
5.015,-12.71,-13.36,-0.600,0
5.015,-12.71,-13.36,-0.600,0
5.015,-12.71,-13.36,-0.600,0
5.015,-12.71,-13.33,-0.600,0
5.016,-12.71,-13.33,-0.600,0
5.016,-12.71,-13.33,-0.600,0
5.016,-12.71,-13.33,-0.600,0
5.016,-12.71,-13.29,-0.600,0
5.017,-12.71,-13.29,-0.600,0
5.017,-12.71,-13.29,-0.600,0
5.017,-12.71,-13.29,-0.600,0
5.017,-12.71,-13.26,-0.600,0
5.018,-12.71,-13.26,-0.600,0
5.018,-12.71,-13.26,-0.600,0
5.018,-12.71,-13.23,-0.600,0
5.019,-12.71,-13.23,-0.600,0
5.019,-12.71,-13.23,-0.600,0
5.019,-12.71,-13.23,-0.600,0
5.019,-12.71,-13.20,-0.600,0
5.020,-12.71,-13.20,-0.600,0
5.020,-12.71,-13.20,-0.600,0
5.020,-12.71,-13.20,-0.600,0
5.020,-12.71,-13.16,-0.600,0
5.021,-12.71,-13.16,-0.600,0
5.021,-12.71,-13.16,-0.600,0
5.021,-12.71,-13.16,-0.600,0
5.021,-12.71,-13.13,-0.600,0
5.021,-12.71,-13.13,-0.600,0
5.022,-12.71,-13.13,-0.600,0
5.022,-12.71,-13.13,-0.600,0
5.022,-12.71,-13.10,-0.600,0
5.022,-12.71,-13.10,-0.600,0
5.023,-12.71,-13.10,-0.600,0
5.023,-12.71,-13.10,-0.600,0
5.023,-12.71,-13.07,-0.600,0
5.024,-12.71,-13.07,-0.600,0
5.024,-12.71,-13.07,-0.600,0
5.024,-12.71,-13.03,-0.600,0
5.025,-12.71,-13.03,-0.600,0
5.025,-12.71,-13.03,-0.600,0
5.025,-12.71,-13.03,-0.600,0
5.025,-12.71,-13.00,-0.600,0
5.026,-12.71,-13.00,-0.600,0
5.026,-12.71,-13.00,-0.600,0
5.026,-12.71,-13.00,-0.600,0
5.026,-12.71,-12.97,-0.600,0
5.027,-12.71,-12.97,-0.600,0
5.027,-12.71,-12.97,-0.600,0
5.027,-12.71,-12.97,-0.600,0
5.027,-12.71,-12.94,-0.600,0
5.028,-12.71,-12.94,-0.600,0
5.028,-12.71,-12.94,-0.600,0
5.028,-12.71,-12.94,-0.600,0
5.028,-12.71,-12.90,-0.600,0
5.029,-12.71,-12.90,-0.600,0
5.029,-12.71,-12.90,-0.600,0
5.029,-12.71,-12.90,-0.600,0
5.029,-12.71,-12.87,-0.600,0
5.030,-12.71,-12.87,-0.600,0
5.030,-12.71,-12.87,-0.600,0
5.030,-12.71,-12.87,-0.600,0
5.030,-12.71,-12.84,-0.600,0
5.031,-12.71,-12.84,-0.600,0
5.031,-12.71,-12.84,-0.600,0
5.031,-12.71,-12.81,-0.600,0
5.032,-12.71,-12.81,-0.600,0
5.032,-12.71,-12.81,-0.600,0
5.032,-12.71,-12.77,-0.600,0
5.033,-12.71,-12.77,-0.600,0
5.033,-12.71,-12.77,-0.600,0
5.033,-12.71,-12.77,-0.600,0
5.033,-12.71,-12.74,-0.600,0
5.033,-12.71,-12.74,-0.600,0
5.034,-12.71,-12.74,-0.600,0
5.034,-12.71,-12.74,-0.600,0
5.034,-12.71,-12.71,-0.600,0
5.034,-12.71,-12.71,-0.600,0
5.035,-12.71,-12.71,-0.600,0
5.035,-12.71,-12.71,-0.600,0
5.035,-12.71,-12.68,-0.600,0
5.035,-12.71,-12.68,-0.600,0
5.036,-12.71,-12.68,-0.600,0
5.036,-12.71,-12.68,-0.600,0
5.036,-12.71,-12.68,-0.600,0
5.036,-12.71,-12.64,-0.600,0
5.037,-12.71,-12.64,-0.600,0
5.037,-12.71,-12.64,-0.600,0
5.037,-12.71,-12.64,-0.600,0
5.037,-12.71,-12.61,-0.600,0
5.038,-12.71,-12.61,-0.600,0
5.038,-12.71,-12.61,-0.600,0
5.038,-12.71,-12.61,-0.600,0
5.038,-12.71,-12.58,-0.600,0
5.039,-12.71,-12.58,-0.600,0
5.039,-12.71,-12.58,-0.600,0
5.039,-12.71,-12.58,-0.600,0
5.039,-12.71,-12.54,-0.600,0
5.040,-12.71,-12.54,-0.600,0
5.040,-12.71,-12.54,-0.600,0
5.040,-12.71,-12.54,-0.600,0
5.040,-12.71,-12.51,-0.600,0
5.040,-12.71,-12.51,-0.600,0
5.041,-12.71,-12.51,-0.600,0
5.041,-12.71,-12.51,-0.600,0
5.041,-12.71,-12.51,-0.600,0
5.041,-12.71,-12.48,-0.600,0
5.042,-12.71,-12.48,-0.600,0
5.042,-12.71,-12.48,-0.600,0
5.042,-12.71,-12.48,-0.600,0
5.042,-12.71,-12.45,-0.600,0
5.042,-12.71,-12.45,-0.600,0
5.043,-12.71,-12.45,-0.600,0
5.043,-12.71,-12.45,-0.600,0
5.043,-12.71,-12.45,-0.600,0
5.043,-12.71,-12.41,-0.600,0
5.044,-12.71,-12.41,-0.600,0
5.044,-12.71,-12.41,-0.600,0
5.044,-12.71,-12.38,-0.600,0
5.044,-12.71,-12.38,-0.600,0
5.045,-12.71,-12.38,-0.600,0
5.045,-12.71,-12.38,-0.600,0
5.045,-12.71,-12.38,-0.600,0
5.045,-12.71,-12.35,-0.600,0
5.046,-12.71,-12.35,-0.600,0
5.046,-12.71,-12.35,-0.600,0
5.046,-12.71,-12.35,-0.600,0
5.046,-12.71,-12.32,-0.600,0
5.046,-12.71,-12.32,-0.600,0
5.047,-12.71,-12.32,-0.600,0
5.047,-12.71,-12.32,-0.600,0
5.047,-12.71,-12.28,-0.600,0
5.047,-12.71,-12.28,-0.600,0
5.048,-12.71,-12.28,-0.600,0
5.048,-12.71,-12.28,-0.600,0
5.048,-12.71,-12.28,-0.600,0
5.048,-12.71,-12.25,-0.600,0
5.049,-12.71,-12.25,-0.600,0
5.049,-12.71,-12.25,-0.600,0
5.049,-12.71,-12.25,-0.600,0
5.049,-12.71,-12.22,-0.600,0
5.049,-12.71,-12.22,-0.600,0
5.050,-12.71,-12.22,-0.600,0
5.050,-12.71,-12.22,-0.600,0
5.050,-12.71,-12.22,-0.600,0
5.050,-12.71,-12.19,-0.600,0
5.051,-12.71,-12.19,-0.600,0
5.051,-12.71,-12.19,-0.600,0
5.051,-12.71,-12.19,-0.600,0
5.051,-12.71,-12.15,-0.600,0
5.052,-12.71,-12.15,-0.600,0
5.052,-12.71,-12.15,-0.600,0
5.052,-12.71,-12.15,-0.600,0
5.052,-12.71,-12.12,-0.600,0
5.052,-12.71,-12.12,-0.600,0
5.053,-12.71,-12.12,-0.600,0
5.053,-12.71,-12.12,-0.600,0
5.053,-12.71,-12.09,-0.600,0
5.053,-12.71,-12.09,-0.600,0
5.054,-12.71,-12.09,-0.600,0
5.054,-12.71,-12.09,-0.600,0
5.054,-12.71,-12.06,-0.600,0
5.054,-12.71,-12.06,-0.600,0
5.055,-12.71,-12.06,-0.600,0
5.055,-12.71,-12.06,-0.600,0
5.055,-12.71,-12.06,-0.600,0
5.055,-12.71,-12.02,-0.600,0
5.055,-12.71,-12.02,-0.600,0
5.056,-12.71,-12.02,-0.600,0
5.056,-12.71,-12.02,-0.600,0
5.056,-12.71,-11.99,-0.600,0
5.056,-12.71,-11.99,-0.600,0
5.057,-12.71,-11.99,-0.600,0
5.057,-12.71,-11.99,-0.600,0
5.057,-12.71,-11.96,-0.600,0
5.057,-12.71,-11.96,-0.600,0
5.058,-12.71,-11.96,-0.600,0
5.058,-12.71,-11.96,-0.600,0
5.058,-12.71,-11.96,-0.600,0
5.058,-12.71,-11.92,-0.600,0
5.059,-12.71,-11.92,-0.600,0
5.059,-12.71,-11.92,-0.600,0
5.059,-12.71,-11.92,-0.600,0
5.059,-12.71,-11.89,-0.600,0
5.059,-12.71,-11.89,-0.600,0
5.060,-12.71,-11.89,-0.600,0
5.060,-12.71,-11.89,-0.600,0
5.060,-12.71,-11.89,-0.600,0
5.060,-12.71,-11.86,-0.600,0
5.061,-12.71,-11.86,-0.600,0
5.061,-12.71,-11.86,-0.600,0
5.061,-12.71,-11.86,-0.600,0
5.061,-12.71,-11.83,-0.600,0
5.062,-12.71,-11.83,-0.600,0
5.062,-12.71,-11.83,-0.600,0
5.062,-12.71,-11.83,-0.600,0
5.062,-12.71,-11.79,-0.600,0
5.063,-12.71,-11.79,-0.600,0
5.063,-12.71,-11.79,-0.600,0
5.063,-12.71,-11.79,-0.600,0
5.063,-12.71,-11.76,-0.600,0
5.064,-12.71,-11.76,-0.600,0
5.064,-12.71,-11.76,-0.600,0
5.064,-12.71,-11.73,-0.600,0
5.064,-12.71,-11.73,-0.600,0
5.065,-12.71,-11.73,-0.600,0
5.065,-12.71,-11.73,-0.600,0
5.065,-12.71,-11.70,-0.600,0
5.066,-12.71,-11.70,-0.600,0
5.066,-12.71,-11.70,-0.600,0
5.066,-12.71,-11.70,-0.600,0
5.066,-12.71,-11.66,-0.600,0
5.067,-12.71,-11.66,-0.600,0
5.067,-12.71,-11.66,-0.600,0
5.067,-12.71,-11.66,-0.600,0
5.067,-12.71,-11.63,-0.600,0
5.067,-12.71,-11.63,-0.600,0
5.068,-12.71,-11.63,-0.600,0
5.068,-12.71,-11.63,-0.600,0
5.068,-12.71,-11.60,-0.600,0
5.068,-12.71,-11.60,-0.600,0
5.069,-12.71,-11.60,-0.600,0
5.069,-12.71,-11.60,-0.600,0
5.069,-12.71,-11.60,-0.600,0
5.069,-12.71,-11.57,-0.600,0
5.069,-12.71,-11.57,-0.600,0
5.070,-12.71,-11.57,-0.600,0
5.070,-12.71,-11.57,-0.600,0
5.070,-12.71,-11.53,-0.600,0
5.071,-12.71,-11.53,-0.600,0
5.071,-12.71,-11.53,-0.600,0
5.071,-12.71,-11.53,-0.600,0
5.071,-12.71,-11.50,-0.600,0
5.071,-12.71,-11.50,-0.600,0
5.072,-12.71,-11.50,-0.600,0
5.072,-12.71,-11.50,-0.600,0
5.072,-12.71,-11.47,-0.600,0
5.072,-12.71,-11.47,-0.600,0
5.073,-12.71,-11.47,-0.600,0
5.073,-12.71,-11.47,-0.600,0
5.073,-12.71,-11.47,-0.600,0
5.073,-12.71,-11.44,-0.600,0
5.074,-12.71,-11.44,-0.600,0
5.074,-12.71,-11.44,-0.600,0
5.074,-12.71,-11.44,-0.600,0
5.074,-12.71,-11.40,-0.600,0
5.075,-12.71,-11.40,-0.600,0
5.075,-12.71,-11.40,-0.600,0
5.075,-12.71,-11.40,-0.600,0
5.075,-12.71,-11.37,-0.600,0
5.075,-12.71,-11.37,-0.600,0
5.076,-12.71,-11.37,-0.600,0
5.076,-12.71,-11.37,-0.600,0
5.076,-12.71,-11.34,-0.600,0
5.076,-12.71,-11.34,-0.600,0
5.077,-12.71,-11.34,-0.600,0
5.077,-12.71,-11.34,-0.600,0
5.077,-12.71,-11.34,-0.600,0
5.077,-12.71,-11.31,-0.600,0
5.077,-12.71,-11.31,-0.600,0
5.078,-12.71,-11.31,-0.600,0
5.078,-12.71,-11.31,-0.600,0
5.078,-12.71,-11.27,-0.600,0
5.078,-12.71,-11.27,-0.600,0
5.079,-12.71,-11.27,-0.600,0
5.079,-12.71,-11.27,-0.600,0
5.079,-12.71,-11.27,-0.600,0
5.079,-12.71,-11.24,-0.600,0
5.079,-12.71,-11.24,-0.600,0
5.080,-12.71,-11.24,-0.600,0
5.080,-12.71,-11.24,-0.600,0
5.080,-12.71,-11.21,-0.600,0
5.080,-12.71,-11.21,-0.600,0
5.081,-12.71,-11.21,-0.600,0
5.081,-12.71,-11.21,-0.600,0
5.081,-12.71,-11.21,-0.600,0
5.081,-12.71,-11.18,-0.600,0
5.081,-12.71,-11.18,-0.600,0
5.082,-12.71,-11.18,-0.600,0
5.082,-12.71,-11.18,-0.600,0
5.082,-12.71,-11.14,-0.600,0
5.082,-12.71,-11.14,-0.600,0
5.083,-12.71,-11.14,-0.600,0
5.083,-12.71,-11.14,-0.600,0
5.083,-12.71,-11.14,-0.600,0
5.083,-12.71,-11.11,-0.600,0
5.084,-12.71,-11.11,-0.600,0
5.084,-12.71,-11.11,-0.600,0
5.084,-12.71,-11.11,-0.600,0
5.084,-12.71,-11.08,-0.600,0
5.084,-12.71,-11.08,-0.600,0
5.085,-12.71,-11.08,-0.600,0
5.085,-12.71,-11.08,-0.600,0
5.085,-12.71,-11.04,-0.600,0
5.085,-12.71,-11.04,-0.600,0
5.086,-12.71,-11.04,-0.600,0
5.086,-12.71,-11.04,-0.600,0
5.086,-12.71,-11.04,-0.600,0
5.087,-12.71,-11.01,-0.600,0
5.087,-12.71,-11.01,-0.600,0
5.087,-12.71,-10.98,-0.600,0
5.088,-12.71,-10.98,-0.600,0
5.088,-12.71,-10.98,-0.600,0
5.088,-12.71,-10.95,-0.600,0
5.088,-12.71,-10.95,-0.600,0
5.089,-12.71,-10.95,-0.600,0
5.089,-12.71,-10.95,-0.600,0
5.089,-12.71,-10.91,-0.600,0
5.090,-12.71,-10.91,-0.600,0
5.090,-12.71,-10.91,-0.600,0
5.090,-12.71,-10.88,-0.600,0
5.091,-12.71,-10.88,-0.600,0
5.091,-12.71,-10.88,-0.600,0
5.092,-12.71,-10.85,-0.600,0
5.092,-12.71,-10.85,-0.600,0
5.092,-12.71,-10.82,-0.600,0
5.093,-12.71,-10.82,-0.600,0
5.093,-12.71,-10.78,-0.600,0
5.094,-12.71,-10.78,-0.600,0
5.094,-12.71,-10.78,-0.600,0
5.094,-12.71,-10.75,-0.600,0
5.095,-12.71,-10.75,-0.600,0
5.095,-12.71,-10.75,-0.600,0
5.095,-12.71,-10.72,-0.600,0
5.096,-12.71,-10.72,-0.600,0
5.096,-12.71,-10.72,-0.600,0
5.096,-12.71,-10.69,-0.600,0
5.097,-12.71,-10.69,-0.600,0
5.097,-12.71,-10.69,-0.600,0
5.097,-12.71,-10.65,-0.600,0
5.098,-12.71,-10.65,-0.600,0
5.098,-12.71,-10.65,-0.600,0
5.098,-12.71,-10.62,-0.600,0
5.099,-12.71,-10.62,-0.600,0
5.099,-12.71,-10.62,-0.600,0
5.099,-12.71,-10.62,-0.600,0
5.099,-12.71,-10.59,-0.600,0
5.100,-12.71,-10.59,-0.600,0
5.100,-12.71,-10.59,-0.600,0
5.100,-12.71,-10.56,-0.600,0
5.101,-12.71,-10.56,-0.600,0
5.101,-12.71,-10.56,-0.600,0
5.101,-12.71,-10.52,-0.600,0
5.102,-12.71,-10.52,-0.600,0
5.102,-12.71,-10.52,-0.600,0
5.102,-12.71,-10.52,-0.600,0
5.102,-12.71,-10.49,-0.600,0
5.103,-12.71,-10.49,-0.600,0
5.103,-12.71,-10.49,-0.600,0
5.103,-12.71,-10.49,-0.600,0
5.104,-12.71,-10.46,-0.600,0
5.104,-12.71,-10.46,-0.600,0
5.104,-12.71,-10.43,-0.600,0
5.105,-12.71,-10.43,-0.600,0
5.105,-12.71,-10.43,-0.600,0
5.105,-12.71,-10.43,-0.600,0
5.105,-12.71,-10.39,-0.600,0
5.106,-12.71,-10.39,-0.600,0
5.106,-12.71,-10.39,-0.600,0
5.106,-12.71,-10.39,-0.600,0
5.106,-12.71,-10.36,-0.600,0
5.107,-12.71,-10.36,-0.600,0
5.107,-12.71,-10.36,-0.600,0
5.107,-12.71,-10.33,-0.600,0
5.107,-12.71,-10.33,-0.600,0
5.108,-12.71,-10.33,-0.600,0
5.108,-12.71,-10.33,-0.600,0
5.108,-12.71,-10.33,-0.600,0
5.109,-12.71,-10.29,-0.600,0
5.109,-12.71,-10.29,-0.600,0
5.109,-12.71,-10.26,-0.600,0
5.109,-12.71,-10.26,-0.600,0
5.110,-12.71,-10.26,-0.600,0
5.110,-12.71,-10.26,-0.600,0
5.110,-12.71,-10.26,-0.600,0
5.110,-12.71,-10.23,-0.600,0
5.111,-12.71,-10.23,-0.600,0
5.111,-12.71,-10.23,-0.600,0
5.111,-12.71,-10.20,-0.600,0
5.111,-12.71,-10.20,-0.600,0
5.112,-12.71,-10.20,-0.600,0
5.112,-12.71,-10.20,-0.600,0
5.112,-12.71,-10.16,-0.600,0
5.112,-12.71,-10.16,-0.600,0
5.113,-12.71,-10.16,-0.600,0
5.113,-12.71,-10.16,-0.600,0
5.113,-12.71,-10.13,-0.600,0
5.114,-12.71,-10.13,-0.600,0
5.114,-12.71,-10.13,-0.600,0
5.114,-12.71,-10.13,-0.600,0
5.114,-12.71,-10.10,-0.600,0
5.115,-12.71,-10.10,-0.600,0
5.115,-12.71,-10.10,-0.600,0
5.115,-12.71,-10.10,-0.600,0
5.115,-12.71,-10.07,-0.600,0
5.116,-12.71,-10.07,-0.600,0
5.116,-12.71,-10.07,-0.600,0
5.116,-12.71,-10.07,-0.600,0
5.116,-12.71,-10.03,-0.600,0
5.117,-12.71,-10.03,-0.600,0
5.117,-12.71,-10.03,-0.600,0
5.117,-12.71,-10.03,-0.600,0
5.117,-12.71,-10.00,-0.600,0
5.118,-12.71,-10.00,-0.600,0
5.118,-12.71,-10.00,-0.600,0
5.118,-12.71,-10.00,-0.600,0
5.118,-12.71,-9.97,-0.600,0
5.118,-12.71,-9.97,-0.600,0
5.119,-12.71,-9.97,-0.600,0
5.119,-12.71,-9.97,-0.600,0
5.119,-12.71,-9.94,-0.600,0
5.119,-12.71,-9.94,-0.600,0
5.120,-12.71,-9.94,-0.600,0
5.120,-12.71,-9.94,-0.600,0
5.120,-12.71,-9.90,-0.600,0
5.120,-12.71,-9.90,-0.600,0
5.121,-12.71,-9.90,-0.600,0
5.121,-12.71,-9.90,-0.600,0
5.121,-12.71,-9.87,-0.600,0
5.122,-12.71,-9.87,-0.600,0
5.122,-12.71,-9.87,-0.600,0
5.122,-12.71,-9.84,-0.600,0
5.122,-12.71,-9.84,-0.600,0
5.123,-12.71,-9.84,-0.600,0
5.123,-12.71,-9.84,-0.600,0
5.123,-12.71,-9.81,-0.600,0
5.123,-12.71,-9.81,-0.600,0
5.124,-12.71,-9.81,-0.600,0
5.124,-12.71,-9.81,-0.600,0
5.124,-12.71,-9.77,-0.600,0
5.124,-12.71,-9.77,-0.600,0
5.125,-12.71,-9.77,-0.600,0
5.125,-12.71,-9.77,-0.600,0
5.125,-12.71,-9.77,-0.600,0
5.125,-12.71,-9.74,-0.600,0
5.126,-12.71,-9.74,-0.600,0
5.126,-12.71,-9.74,-0.600,0
5.126,-12.71,-9.74,-0.600,0
5.126,-12.71,-9.71,-0.600,0
5.127,-12.71,-9.71,-0.600,0
5.127,-12.71,-9.71,-0.600,0
5.127,-12.71,-9.71,-0.600,0
5.127,-12.71,-9.68,-0.600,0
5.128,-12.71,-9.68,-0.600,0
5.128,-12.71,-9.68,-0.600,0
5.128,-12.71,-9.68,-0.600,0
5.128,-12.71,-9.64,-0.600,0
5.129,-12.71,-9.64,-0.600,0
5.129,-12.71,-9.64,-0.600,0
5.129,-12.71,-9.61,-0.600,0
5.129,-12.71,-9.61,-0.600,0
5.130,-12.71,-9.61,-0.600,0
5.130,-12.71,-9.61,-0.600,0
5.130,-12.71,-9.58,-0.600,0
5.130,-12.71,-9.58,-0.600,0
5.131,-12.71,-9.58,-0.600,0
5.131,-12.71,-9.58,-0.600,0
5.131,-12.71,-9.55,-0.600,0
5.131,-12.71,-9.55,-0.600,0
5.132,-12.71,-9.55,-0.600,0
5.132,-12.71,-9.55,-0.600,0
5.132,-12.71,-9.51,-0.600,0
5.133,-12.71,-9.51,-0.600,0
5.133,-12.71,-9.51,-0.600,0
5.133,-12.71,-9.51,-0.600,0
5.133,-12.71,-9.48,-0.600,0
5.134,-12.71,-9.48,-0.600,0
5.134,-12.71,-9.48,-0.600,0
5.134,-12.71,-9.48,-0.600,0
5.134,-12.71,-9.45,-0.600,0
5.135,-12.71,-9.45,-0.600,0
5.135,-12.71,-9.45,-0.600,0
5.135,-12.71,-9.45,-0.600,0
5.135,-12.71,-9.41,-0.600,0
5.136,-12.71,-9.41,-0.600,0
5.136,-12.71,-9.41,-0.600,0
5.136,-12.71,-9.38,-0.600,0
5.137,-12.71,-9.38,-0.600,0
5.137,-12.71,-9.38,-0.600,0
5.137,-12.71,-9.38,-0.600,0
5.137,-12.71,-9.35,-0.600,0
5.138,-12.71,-9.35,-0.600,0
5.138,-12.71,-9.35,-0.600,0
5.138,-12.71,-9.35,-0.600,0
5.138,-12.71,-9.32,-0.600,0
5.138,-12.71,-9.32,-0.600,0
5.139,-12.71,-9.32,-0.600,0
5.139,-12.71,-9.32,-0.600,0
5.139,-12.71,-9.28,-0.600,0
5.139,-12.71,-9.28,-0.600,0
5.140,-12.71,-9.28,-0.600,0
5.140,-12.71,-9.28,-0.600,0
5.140,-12.71,-9.25,-0.600,0
5.140,-12.71,-9.25,-0.600,0
5.141,-12.71,-9.25,-0.600,0
5.141,-12.71,-9.25,-0.600,0
5.141,-12.71,-9.25,-0.600,0
5.141,-12.71,-9.22,-0.600,0
5.142,-12.71,-9.22,-0.600,0
5.142,-12.71,-9.22,-0.600,0
5.142,-12.71,-9.19,-0.600,0
5.142,-12.71,-9.19,-0.600,0
5.143,-12.71,-9.19,-0.600,0
5.143,-12.71,-9.19,-0.600,0
5.143,-12.71,-9.15,-0.600,0
5.143,-12.71,-9.15,-0.600,0
5.144,-12.71,-9.15,-0.600,0
5.144,-12.71,-9.15,-0.600,0
5.144,-12.71,-9.15,-0.600,0
5.144,-12.71,-9.12,-0.600,0
5.145,-12.71,-9.12,-0.600,0
5.145,-12.71,-9.12,-0.600,0
5.145,-12.71,-9.12,-0.600,0
5.145,-12.71,-9.09,-0.600,0
5.145,-12.71,-9.09,-0.600,0
5.146,-12.71,-9.09,-0.600,0
5.146,-12.71,-9.09,-0.600,0
5.146,-12.71,-9.06,-0.600,0
5.147,-12.71,-9.06,-0.600,0
5.147,-12.71,-9.06,-0.600,0
5.147,-12.71,-9.06,-0.600,0
5.147,-12.71,-9.02,-0.600,0
5.148,-12.71,-9.02,-0.600,0
5.148,-12.71,-9.02,-0.600,0
5.148,-12.71,-9.02,-0.600,0
5.148,-12.71,-8.99,-0.600,0
5.149,-12.71,-8.99,-0.600,0
5.149,-12.71,-8.99,-0.600,0
5.149,-12.71,-8.99,-0.600,0
5.149,-12.71,-8.96,-0.600,0
5.150,-12.71,-8.96,-0.600,0
5.150,-12.71,-8.96,-0.600,0
5.150,-12.71,-8.96,-0.600,0
5.150,-12.71,-8.93,-0.600,0
5.151,-12.71,-8.93,-0.600,0
5.151,-12.71,-8.93,-0.600,0
5.151,-12.71,-8.93,-0.600,0
5.151,-12.71,-8.89,-0.600,0
5.151,-12.71,-8.89,-0.600,0
5.152,-12.71,-8.89,-0.600,0
5.152,-12.71,-8.89,-0.600,0
5.152,-12.71,-8.86,-0.600,0
5.152,-12.71,-8.86,-0.600,0
5.153,-12.71,-8.86,-0.600,0
5.153,-12.71,-8.86,-0.600,0
5.153,-12.71,-8.86,-0.600,0
5.153,-12.71,-8.83,-0.600,0
5.154,-12.71,-8.83,-0.600,0
5.154,-12.71,-8.83,-0.600,0
5.154,-12.71,-8.83,-0.600,0
5.154,-12.71,-8.80,-0.600,0
5.154,-12.71,-8.80,-0.600,0
5.155,-12.71,-8.80,-0.600,0
5.155,-12.71,-8.80,-0.600,0
5.155,-12.71,-8.76,-0.600,0
5.155,-12.71,-8.76,-0.600,0
5.156,-12.71,-8.76,-0.600,0
5.156,-12.71,-8.76,-0.600,0
5.156,-12.71,-8.73,-0.600,0
5.156,-12.71,-8.73,-0.600,0
5.157,-12.71,-8.73,-0.600,0
5.157,-12.71,-8.73,-0.600,0
5.157,-12.71,-8.70,-0.600,0
5.157,-12.71,-8.70,-0.600,0
5.158,-12.71,-8.70,-0.600,0
5.158,-12.71,-8.70,-0.600,0
5.158,-12.71,-8.70,-0.600,0
5.158,-12.71,-8.66,-0.600,0
5.159,-12.71,-8.66,-0.600,0
5.159,-12.71,-8.66,-0.600,0
5.159,-12.71,-8.66,-0.600,0
5.159,-12.71,-8.63,-0.600,0
5.160,-12.71,-8.63,-0.600,0
5.160,-12.71,-8.63,-0.600,0
5.160,-12.71,-8.63,-0.600,0
5.160,-12.71,-8.60,-0.600,0
5.161,-12.71,-8.60,-0.600,0
5.161,-12.71,-8.60,-0.600,0
5.161,-12.71,-8.60,-0.600,0
5.161,-12.71,-8.57,-0.600,0
5.162,-12.71,-8.57,-0.600,0
5.162,-12.71,-8.57,-0.600,0
5.162,-12.71,-8.53,-0.600,0
5.163,-12.71,-8.53,-0.600,0
5.163,-12.71,-8.53,-0.600,0
5.163,-12.71,-8.53,-0.600,0
5.163,-12.71,-8.50,-0.600,0
5.164,-12.71,-8.50,-0.600,0
5.164,-12.71,-8.50,-0.600,0
5.164,-12.71,-8.47,-0.600,0
5.165,-12.71,-8.47,-0.600,0
5.165,-12.71,-8.47,-0.600,0
5.165,-12.71,-8.47,-0.600,0
5.165,-12.71,-8.44,-0.600,0
5.166,-12.71,-8.44,-0.600,0
5.166,-12.71,-8.44,-0.600,0
5.166,-12.71,-8.44,-0.600,0
5.166,-12.71,-8.40,-0.600,0
5.166,-12.71,-8.40,-0.600,0
5.167,-12.71,-8.40,-0.600,0
5.167,-12.71,-8.40,-0.600,0
5.167,-12.71,-8.37,-0.600,0
5.167,-12.71,-8.37,-0.600,0
5.168,-12.71,-8.37,-0.600,0
5.168,-12.71,-8.37,-0.600,0
5.168,-12.71,-8.37,-0.600,0
5.168,-12.71,-8.34,-0.600,0
5.169,-12.71,-8.34,-0.600,0
5.169,-12.71,-8.34,-0.600,0
5.169,-12.71,-8.34,-0.600,0
5.169,-12.71,-8.31,-0.600,0
5.170,-12.71,-8.31,-0.600,0
5.170,-12.71,-8.31,-0.600,0
5.170,-12.71,-8.31,-0.600,0
5.170,-12.71,-8.27,-0.600,0
5.171,-12.71,-8.27,-0.600,0
5.171,-12.71,-8.27,-0.600,0
5.171,-12.71,-8.24,-0.600,0
5.171,-12.71,-8.24,-0.600,0
5.172,-12.71,-8.24,-0.600,0
5.172,-12.71,-8.24,-0.600,0
5.172,-12.71,-8.21,-0.600,0
5.172,-12.71,-8.21,-0.600,0
5.173,-12.71,-8.21,-0.600,0
5.173,-12.71,-8.21,-0.600,0
5.173,-12.71,-8.18,-0.600,0
5.173,-12.71,-8.18,-0.600,0
5.174,-12.71,-8.18,-0.600,0
5.174,-12.71,-8.18,-0.600,0
5.174,-12.71,-8.18,-0.600,0
5.174,-12.71,-8.14,-0.600,0
5.175,-12.71,-8.14,-0.600,0
5.175,-12.71,-8.14,-0.600,0
5.175,-12.71,-8.14,-0.600,0
5.175,-12.71,-8.11,-0.600,0
5.175,-12.71,-8.11,-0.600,0
5.176,-12.71,-8.11,-0.600,0
5.176,-12.71,-8.11,-0.600,0
5.176,-12.71,-8.08,-0.600,0
5.177,-12.71,-8.08,-0.600,0
5.177,-12.71,-8.08,-0.600,0
5.177,-12.71,-8.08,-0.600,0
5.177,-12.71,-8.04,-0.600,0
5.178,-12.71,-8.04,-0.600,0
5.178,-12.71,-8.04,-0.600,0
5.178,-12.71,-8.04,-0.600,0
5.178,-12.71,-8.01,-0.600,0
5.179,-12.71,-8.01,-0.600,0
5.179,-12.71,-8.01,-0.600,0
5.179,-12.71,-8.01,-0.600,0
5.179,-12.71,-7.98,-0.600,0
5.180,-12.71,-7.98,-0.600,0
5.180,-12.71,-7.98,-0.600,0
5.180,-12.71,-7.98,-0.600,0
5.180,-12.71,-7.95,-0.600,0
5.181,-12.71,-7.95,-0.600,0
5.181,-12.71,-7.95,-0.600,0
5.181,-12.71,-7.92,-0.600,0
5.181,-12.71,-7.92,-0.600,0
5.182,-12.71,-7.92,-0.600,0
5.182,-12.71,-7.92,-0.600,0
5.182,-12.71,-7.92,-0.600,0
5.182,-12.71,-7.88,-0.600,0
5.183,-12.71,-7.88,-0.600,0
5.183,-12.71,-7.88,-0.600,0
5.183,-12.71,-7.85,-0.600,0
5.183,-12.71,-7.85,-0.600,0
5.184,-12.71,-7.85,-0.600,0
5.184,-12.71,-7.85,-0.600,0
5.184,-12.71,-7.82,-0.600,0
5.184,-12.71,-7.82,-0.600,0
5.185,-12.71,-7.82,-0.600,0
5.185,-12.71,-7.82,-0.600,0
5.185,-12.71,-7.79,-0.600,0
5.185,-12.71,-7.79,-0.600,0
5.186,-12.71,-7.79,-0.600,0
5.186,-12.71,-7.79,-0.600,0
5.186,-12.71,-7.75,-0.600,0
5.186,-12.71,-7.75,-0.600,0
5.187,-12.71,-7.75,-0.600,0
5.187,-12.71,-7.75,-0.600,0
5.187,-12.71,-7.72,-0.600,0
5.187,-12.71,-7.72,-0.600,0
5.188,-12.71,-7.72,-0.600,0
5.188,-12.71,-7.72,-0.600,0
5.188,-12.71,-7.69,-0.600,0
5.188,-12.71,-7.69,-0.600,0
5.189,-12.71,-7.69,-0.600,0
5.189,-12.71,-7.69,-0.600,0
5.189,-12.71,-7.69,-0.600,0
5.189,-12.71,-7.65,-0.600,0
5.190,-12.71,-7.65,-0.600,0
5.190,-12.71,-7.65,-0.600,0
5.190,-12.71,-7.62,-0.600,0
5.190,-12.71,-7.62,-0.600,0
5.191,-12.71,-7.62,-0.600,0
5.191,-12.71,-7.62,-0.600,0
5.191,-12.71,-7.62,-0.600,0
5.191,-12.71,-7.59,-0.600,0
5.192,-12.71,-7.59,-0.600,0
5.192,-12.71,-7.59,-0.600,0
5.192,-12.71,-7.56,-0.600,0
5.193,-12.71,-7.56,-0.600,0
5.193,-12.71,-7.56,-0.600,0
5.193,-12.71,-7.56,-0.600,0
5.193,-12.71,-7.52,-0.600,0
5.194,-12.71,-7.52,-0.600,0
5.194,-12.71,-7.52,-0.600,0
5.194,-12.71,-7.52,-0.600,0
5.194,-12.71,-7.49,-0.600,0
5.195,-12.71,-7.49,-0.600,0
5.195,-12.71,-7.49,-0.600,0
5.195,-12.71,-7.49,-0.600,0
5.195,-12.71,-7.46,-0.600,0
5.196,-12.71,-7.46,-0.600,0
5.196,-12.71,-7.46,-0.600,0
5.196,-12.71,-7.43,-0.600,0
5.196,-12.71,-7.43,-0.600,0
5.197,-12.71,-7.43,-0.600,0
5.197,-12.71,-7.43,-0.600,0
5.197,-12.71,-7.39,-0.600,0
5.198,-12.71,-7.39,-0.600,0
5.198,-12.71,-7.39,-0.600,0
5.198,-12.71,-7.36,-0.600,0
5.199,-12.71,-7.36,-0.600,0
5.199,-12.71,-7.36,-0.600,0
5.199,-12.71,-7.33,-0.600,0
5.200,-12.71,-7.33,-0.600,0
5.200,-12.71,-7.33,-0.600,0
5.200,-12.71,-7.33,-0.600,0
5.200,-12.71,-7.30,-0.600,0
5.201,-12.71,-7.30,-0.600,0
5.202,-12.71,-7.26,-0.600,0
5.202,-12.71,-7.26,-0.600,0
5.202,-12.71,-7.26,-0.600,0
5.202,-12.71,-7.23,-0.600,0
5.203,-12.71,-7.23,-0.600,0
5.203,-12.71,-7.23,-0.600,0
5.203,-12.71,-7.23,-0.600,0
5.203,-12.71,-7.20,-0.600,0
5.204,-12.71,-7.20,-0.600,0
5.204,-12.71,-7.20,-0.600,0
5.204,-12.71,-7.17,-0.600,0
5.205,-12.71,-7.17,-0.600,0
5.205,-12.71,-7.17,-0.600,0
5.205,-12.71,-7.17,-0.600,0
5.205,-12.71,-7.13,-0.600,0
5.206,-12.71,-7.13,-0.600,0
5.206,-12.71,-7.13,-0.600,0
5.206,-12.71,-7.10,-0.600,0
5.207,-12.71,-7.10,-0.600,0
5.207,-12.71,-7.10,-0.600,0
5.207,-12.71,-7.07,-0.600,0
5.208,-12.71,-7.07,-0.600,0
5.208,-12.71,-7.07,-0.600,0
5.208,-12.71,-7.07,-0.600,0
5.208,-12.71,-7.04,-0.600,0
5.209,-12.71,-7.04,-0.600,0
5.209,-12.71,-7.04,-0.600,0
5.209,-12.71,-7.04,-0.600,0
5.209,-12.71,-7.00,-0.600,0
5.210,-12.71,-7.00,-0.600,0
5.210,-12.71,-7.00,-0.600,0
5.210,-12.71,-7.00,-0.600,0
5.210,-12.71,-6.97,-0.600,0
5.211,-12.71,-6.97,-0.600,0
5.211,-12.71,-6.97,-0.600,0
5.211,-12.71,-6.94,-0.600,0
5.212,-12.71,-6.94,-0.600,0
5.212,-12.71,-6.94,-0.600,0
5.212,-12.71,-6.94,-0.600,0
5.212,-12.71,-6.90,-0.600,0
5.213,-12.71,-6.90,-0.600,0
5.213,-12.71,-6.90,-0.600,0
5.213,-12.71,-6.90,-0.600,0
5.213,-12.71,-6.87,-0.600,0
5.214,-12.71,-6.87,-0.600,0
5.214,-12.71,-6.87,-0.600,0
5.214,-12.71,-6.87,-0.600,0
5.214,-12.71,-6.84,-0.600,0
5.215,-12.71,-6.84,-0.600,0
5.215,-12.71,-6.84,-0.600,0
5.215,-12.71,-6.81,-0.600,0
5.215,-12.71,-6.81,-0.600,0
5.216,-12.71,-6.81,-0.600,0
5.216,-12.71,-6.81,-0.600,0
5.216,-12.71,-6.81,-0.600,0
5.216,-12.71,-6.78,-0.600,0
5.217,-12.71,-6.78,-0.600,0
5.217,-12.71,-6.78,-0.600,0
5.217,-12.71,-6.78,-0.600,0
5.217,-12.71,-6.74,-0.600,0
5.217,-12.71,-6.74,-0.600,0
5.218,-12.71,-6.74,-0.600,0
5.218,-12.71,-6.74,-0.600,0
5.218,-12.71,-6.74,-0.600,0
5.218,-12.71,-6.71,-0.600,0
5.219,-12.71,-6.71,-0.600,0
5.219,-12.71,-6.71,-0.600,0
5.219,-12.71,-6.68,-0.600,0
5.219,-12.71,-6.68,-0.600,0
5.220,-12.71,-6.68,-0.600,0
5.220,-12.71,-6.68,-0.600,0
5.220,-12.71,-6.64,-0.600,0
5.220,-12.71,-6.64,-0.600,0
5.221,-12.71,-6.64,-0.600,0
5.221,-12.71,-6.64,-0.600,0
5.221,-12.71,-6.64,-0.600,0
5.221,-12.71,-6.61,-0.600,0
5.222,-12.71,-6.61,-0.600,0
5.222,-12.71,-6.61,-0.600,0
5.222,-12.71,-6.61,-0.600,0
5.222,-12.71,-6.58,-0.600,0
5.223,-12.71,-6.58,-0.600,0
5.223,-12.71,-6.58,-0.600,0
5.223,-12.71,-6.58,-0.600,0
5.223,-12.71,-6.55,-0.600,0
5.224,-12.71,-6.55,-0.600,0
5.224,-12.71,-6.55,-0.600,0
5.224,-12.71,-6.55,-0.600,0
5.224,-12.71,-6.51,-0.600,0
5.224,-12.71,-6.51,-0.600,0
5.225,-12.71,-6.51,-0.600,0
5.225,-12.71,-6.51,-0.600,0
5.225,-12.71,-6.51,-0.600,0
5.225,-12.71,-6.48,-0.600,0
5.226,-12.71,-6.48,-0.600,0
5.226,-12.71,-6.48,-0.600,0
5.226,-12.71,-6.45,-0.600,0
5.226,-12.71,-6.45,-0.600,0
5.227,-12.71,-6.45,-0.600,0
5.227,-12.71,-6.45,-0.600,0
5.227,-12.71,-6.42,-0.600,0
5.228,-12.71,-6.42,-0.600,0
5.228,-12.71,-6.42,-0.600,0
5.228,-12.71,-6.42,-0.600,0
5.228,-12.71,-6.38,-0.600,0
5.229,-12.71,-6.38,-0.600,0
5.229,-12.71,-6.38,-0.600,0
5.229,-12.71,-6.38,-0.600,0
5.229,-12.71,-6.35,-0.600,0
5.230,-12.71,-6.35,-0.600,0
5.230,-12.71,-6.35,-0.600,0
5.230,-12.71,-6.35,-0.600,0
5.230,-12.71,-6.32,-0.600,0
5.231,-12.71,-6.32,-0.600,0
5.231,-12.71,-6.32,-0.600,0
5.231,-12.71,-6.32,-0.600,0
5.231,-12.71,-6.29,-0.600,0
5.232,-12.71,-6.29,-0.600,0
5.232,-12.71,-6.29,-0.600,0
5.232,-12.71,-6.29,-0.600,0
5.232,-12.71,-6.25,-0.600,0
5.233,-12.71,-6.25,-0.600,0
5.233,-12.71,-6.25,-0.600,0
5.233,-12.71,-6.25,-0.600,0
5.233,-12.71,-6.22,-0.600,0
5.234,-12.71,-6.22,-0.600,0
5.234,-12.71,-6.22,-0.600,0
5.234,-12.71,-6.22,-0.600,0
5.234,-12.71,-6.19,-0.600,0
5.235,-12.71,-6.19,-0.600,0
5.235,-12.71,-6.19,-0.600,0
5.235,-12.71,-6.19,-0.600,0
5.235,-12.71,-6.16,-0.600,0
5.236,-12.71,-6.16,-0.600,0
5.236,-12.71,-6.16,-0.600,0
5.236,-12.71,-6.16,-0.600,0
5.236,-12.71,-6.12,-0.600,0
5.237,-12.71,-6.12,-0.600,0
5.237,-12.71,-6.12,-0.600,0
5.237,-12.71,-6.12,-0.600,0
5.237,-12.71,-6.09,-0.600,0
5.237,-12.71,-6.09,-0.600,0
5.238,-12.71,-6.09,-0.600,0
5.238,-12.71,-6.09,-0.600,0
5.238,-12.71,-6.09,-0.600,0
5.238,-12.71,-6.06,-0.600,0
5.239,-12.71,-6.06,-0.600,0
5.239,-12.71,-6.06,-0.600,0
5.239,-12.71,-6.03,-0.600,0
5.240,-12.71,-6.03,-0.600,0
5.240,-12.71,-6.03,-0.600,0
5.240,-12.71,-6.03,-0.600,0
5.240,-12.71,-5.99,-0.600,0
5.241,-12.71,-5.99,-0.600,0
5.241,-12.71,-5.99,-0.600,0
5.241,-12.71,-5.99,-0.600,0
5.241,-12.71,-5.96,-0.600,0
5.242,-12.71,-5.96,-0.600,0
5.242,-12.71,-5.96,-0.600,0
5.242,-12.71,-5.96,-0.600,0
5.242,-12.71,-5.93,-0.600,0
5.243,-12.71,-5.93,-0.600,0
5.243,-12.71,-5.93,-0.600,0
5.243,-12.71,-5.93,-0.600,0
5.243,-12.71,-5.89,-0.600,0
5.244,-12.71,-5.89,-0.600,0
5.244,-12.71,-5.89,-0.600,0
5.244,-12.71,-5.89,-0.600,0
5.244,-12.71,-5.86,-0.600,0
5.244,-12.71,-5.86,-0.600,0
5.245,-12.71,-5.86,-0.600,0
5.245,-12.71,-5.86,-0.600,0
5.245,-12.71,-5.83,-0.600,0
5.246,-12.71,-5.83,-0.600,0
5.246,-12.71,-5.83,-0.600,0
5.246,-12.71,-5.83,-0.600,0
5.246,-12.71,-5.80,-0.600,0
5.247,-12.71,-5.80,-0.600,0
5.247,-12.71,-5.80,-0.600,0
5.247,-12.71,-5.76,-0.600,0
5.248,-12.71,-5.76,-0.600,0
5.248,-12.71,-5.76,-0.600,0
5.248,-12.71,-5.76,-0.600,0
5.248,-12.71,-5.73,-0.600,0
5.249,-12.71,-5.73,-0.600,0
5.249,-12.71,-5.73,-0.600,0
5.249,-12.71,-5.73,-0.600,0
5.249,-12.71,-5.70,-0.600,0
5.249,-12.71,-5.70,-0.600,0
5.250,-12.71,-5.70,-0.600,0
5.250,-12.71,-5.70,-0.600,0
5.250,-12.71,-5.70,-0.600,0
5.250,-12.71,-5.67,-0.600,0
5.251,-12.71,-5.67,-0.600,0
5.251,-12.71,-5.67,-0.600,0
5.251,-12.71,-5.63,-0.600,0
5.252,-12.71,-5.63,-0.600,0
5.252,-12.71,-5.63,-0.600,0
5.252,-12.71,-5.63,-0.600,0
5.252,-12.71,-5.60,-0.600,0
5.253,-12.71,-5.60,-0.600,0
5.253,-12.71,-5.60,-0.600,0
5.253,-12.71,-5.60,-0.600,0
5.254,-12.71,-5.57,-0.600,0
5.254,-12.71,-5.57,-0.600,0
5.254,-12.71,-5.57,-0.600,0
5.255,-12.71,-5.54,-0.600,0
5.255,-12.71,-5.54,-0.600,0
5.255,-12.71,-5.50,-0.600,0
5.256,-12.71,-5.50,-0.600,0
5.256,-12.71,-5.50,-0.600,0
5.256,-12.71,-5.50,-0.600,0
5.256,-12.71,-5.47,-0.600,0
5.257,-12.71,-5.47,-0.600,0
5.257,-12.71,-5.47,-0.600,0
5.257,-12.71,-5.47,-0.600,0
5.257,-12.71,-5.44,-0.600,0
5.258,-12.71,-5.44,-0.600,0
5.258,-12.71,-5.44,-0.600,0
5.258,-12.71,-5.44,-0.600,0
5.258,-12.71,-5.41,-0.600,0
5.259,-12.71,-5.41,-0.600,0
5.259,-12.71,-5.41,-0.600,0
5.259,-12.71,-5.41,-0.600,0
5.259,-12.71,-5.37,-0.600,0
5.260,-12.71,-5.37,-0.600,0
5.260,-12.71,-5.37,-0.600,0
5.260,-12.71,-5.37,-0.600,0
5.261,-12.71,-5.34,-0.600,0
5.261,-12.71,-5.34,-0.600,0
5.262,-12.71,-5.31,-0.600,0
5.262,-12.71,-5.31,-0.600,0
5.262,-12.71,-5.31,-0.600,0
5.262,-12.71,-5.28,-0.600,0
5.263,-12.71,-5.28,-0.600,0
5.263,-12.71,-5.28,-0.600,0
5.263,-12.71,-5.28,-0.600,0
5.263,-12.71,-5.24,-0.600,0
5.264,-12.71,-5.24,-0.600,0
5.264,-12.71,-5.24,-0.600,0
5.264,-12.71,-5.21,-0.600,0
5.264,-12.71,-5.21,-0.600,0
5.265,-12.71,-5.21,-0.600,0
5.265,-12.71,-5.21,-0.600,0
5.265,-12.71,-5.18,-0.600,0
5.266,-12.71,-5.18,-0.600,0
5.266,-12.71,-5.18,-0.600,0
5.266,-12.71,-5.18,-0.600,0
5.266,-12.71,-5.14,-0.600,0
5.267,-12.71,-5.14,-0.600,0
5.267,-12.71,-5.14,-0.600,0
5.267,-12.71,-5.11,-0.600,0
5.268,-12.71,-5.11,-0.600,0
5.268,-12.71,-5.11,-0.600,0
5.268,-12.71,-5.08,-0.600,0
5.269,-12.71,-5.08,-0.600,0
5.269,-12.71,-5.08,-0.600,0
5.269,-12.71,-5.08,-0.600,0
5.269,-12.71,-5.05,-0.600,0
5.270,-12.71,-5.05,-0.600,0
5.270,-12.71,-5.05,-0.600,0
5.270,-12.71,-5.05,-0.600,0
5.270,-12.71,-5.05,-0.600,0
5.271,-12.71,-5.02,-0.600,0
5.271,-12.71,-5.02,-0.600,0
5.271,-12.71,-5.02,-0.600,0
5.271,-12.71,-4.98,-0.600,0
5.272,-12.71,-4.98,-0.600,0
5.272,-12.71,-4.98,-0.600,0
5.272,-12.71,-4.98,-0.600,0
5.272,-12.71,-4.95,-0.600,0
5.273,-12.71,-4.95,-0.600,0
5.273,-12.71,-4.95,-0.600,0
5.273,-12.71,-4.95,-0.600,0
5.273,-12.71,-4.92,-0.600,0
5.274,-12.71,-4.92,-0.600,0
5.274,-12.71,-4.92,-0.600,0
5.274,-12.71,-4.89,-0.600,0
5.275,-12.71,-4.89,-0.600,0
5.275,-12.71,-4.89,-0.600,0
5.275,-12.71,-4.85,-0.600,0
5.276,-12.71,-4.85,-0.600,0
5.276,-12.71,-4.85,-0.600,0
5.276,-12.71,-4.85,-0.600,0
5.276,-12.71,-4.82,-0.600,0
5.277,-12.71,-4.82,-0.600,0
5.277,-12.71,-4.82,-0.600,0
5.277,-12.71,-4.79,-0.600,0
5.277,-12.71,-4.79,-0.600,0
5.278,-12.71,-4.79,-0.600,0
5.278,-12.71,-4.79,-0.600,0
5.278,-12.71,-4.75,-0.600,0
5.279,-12.71,-4.75,-0.600,0
5.279,-12.71,-4.75,-0.600,0
5.279,-12.71,-4.75,-0.600,0
5.279,-12.71,-4.72,-0.600,0
5.280,-12.71,-4.72,-0.600,0
5.280,-12.71,-4.72,-0.600,0
5.280,-12.71,-4.69,-0.600,0
5.281,-12.71,-4.69,-0.600,0
5.281,-12.71,-4.69,-0.600,0
5.281,-12.71,-4.69,-0.600,0
5.281,-12.71,-4.66,-0.600,0
5.282,-12.71,-4.66,-0.600,0
5.282,-12.71,-4.66,-0.600,0
5.282,-12.71,-4.66,-0.600,0
5.282,-12.71,-4.62,-0.600,0
5.283,-12.71,-4.62,-0.600,0
5.283,-12.71,-4.62,-0.600,0
5.283,-12.71,-4.62,-0.600,0
5.283,-12.71,-4.59,-0.600,0
5.284,-12.71,-4.59,-0.600,0
5.284,-12.71,-4.59,-0.600,0
5.284,-12.71,-4.59,-0.600,0
5.284,-12.71,-4.56,-0.600,0
5.285,-12.71,-4.56,-0.600,0
5.285,-12.71,-4.56,-0.600,0
5.285,-12.71,-4.56,-0.600,0
5.285,-12.71,-4.53,-0.600,0
5.286,-12.71,-4.53,-0.600,0
5.286,-12.71,-4.53,-0.600,0
5.286,-12.71,-4.53,-0.600,0
5.286,-12.71,-4.49,-0.600,0
5.287,-12.71,-4.49,-0.600,0
5.287,-12.71,-4.49,-0.600,0
5.287,-12.71,-4.49,-0.600,0
5.287,-12.71,-4.46,-0.600,0
5.288,-12.71,-4.46,-0.600,0
5.288,-12.71,-4.46,-0.600,0
5.288,-12.71,-4.46,-0.600,0
5.289,-12.71,-4.43,-0.600,0
5.289,-12.71,-4.43,-0.600,0
5.289,-12.71,-4.43,-0.600,0
5.289,-12.71,-4.40,-0.600,0
5.290,-12.71,-4.40,-0.600,0
5.290,-12.71,-4.40,-0.600,0
5.290,-12.71,-4.40,-0.600,0
5.290,-12.71,-4.36,-0.600,0
5.291,-12.71,-4.36,-0.600,0
5.291,-12.71,-4.36,-0.600,0
5.291,-12.71,-4.36,-0.600,0
5.291,-12.71,-4.33,-0.600,0
5.292,-12.71,-4.33,-0.600,0
5.292,-12.71,-4.33,-0.600,0
5.292,-12.71,-4.33,-0.600,0
5.292,-12.71,-4.30,-0.600,0
5.293,-12.71,-4.30,-0.600,0
5.293,-12.71,-4.30,-0.600,0
5.293,-12.71,-4.30,-0.600,0
5.293,-12.71,-4.27,-0.600,0
5.294,-12.71,-4.27,-0.600,0
5.294,-12.71,-4.27,-0.600,0
5.294,-12.71,-4.27,-0.600,0
5.294,-12.71,-4.23,-0.600,0
5.295,-12.71,-4.23,-0.600,0
5.295,-12.71,-4.23,-0.600,0
5.295,-12.71,-4.23,-0.600,0
5.296,-12.71,-4.20,-0.600,0
5.296,-12.71,-4.20,-0.600,0
5.296,-12.71,-4.17,-0.600,0
5.297,-12.71,-4.17,-0.600,0
5.297,-12.71,-4.17,-0.600,0
5.297,-12.71,-4.14,-0.600,0
5.298,-12.71,-4.14,-0.600,0
5.298,-12.71,-4.14,-0.600,0
5.299,-12.71,-4.10,-0.600,0
5.299,-12.71,-4.10,-0.600,1
5.299,-18.94,-4.07,-0.600,0
5.300,-18.94,-4.07,-0.600,0
5.300,-18.94,-4.07,-0.600,0
5.300,-18.94,-4.07,-0.600,0
5.300,-18.94,-4.04,-0.600,0
5.301,-18.94,-4.04,-0.600,0
5.301,-18.94,-4.04,-0.600,0
5.301,-18.94,-4.04,-0.600,0
5.302,-18.94,-4.01,-0.600,0
5.302,-18.94,-4.01,-0.600,0
5.302,-18.94,-4.01,-0.600,0
5.302,-18.94,-3.97,-0.600,0
5.303,-18.94,-3.97,-0.600,0
5.303,-18.94,-3.97,-0.600,0
5.303,-18.94,-3.94,-0.600,0
5.304,-18.94,-3.94,-0.600,0
5.304,-18.94,-3.94,-0.600,0
5.304,-18.94,-3.94,-0.600,0
5.304,-18.94,-3.94,-0.600,0
5.304,-18.94,-3.91,-0.600,0
5.305,-18.94,-3.91,-0.600,0
5.305,-18.94,-3.91,-0.600,0
5.305,-18.94,-3.91,-0.600,0
5.305,-18.94,-3.87,-0.600,0
5.306,-18.94,-3.87,-0.600,0
5.306,-18.94,-3.87,-0.600,0
5.306,-18.94,-3.87,-0.600,0
5.306,-18.94,-3.84,-0.600,0
5.307,-18.94,-3.84,-0.600,0
5.307,-18.94,-3.84,-0.600,0
5.307,-18.94,-3.84,-0.600,0
5.307,-18.94,-3.81,-0.600,0
5.308,-18.94,-3.81,-0.600,0
5.308,-18.94,-3.81,-0.600,0
5.308,-18.94,-3.81,-0.600,0
5.309,-18.94,-3.78,-0.600,0
5.309,-18.94,-3.78,-0.600,0
5.309,-18.94,-3.78,-0.600,0
5.309,-18.94,-3.74,-0.600,0
5.310,-18.94,-3.74,-0.600,0
5.310,-18.94,-3.74,-0.600,0
5.310,-18.94,-3.74,-0.600,0
5.310,-18.94,-3.71,-0.600,0
5.311,-18.94,-3.71,-0.600,0
5.311,-18.94,-3.71,-0.600,0
5.311,-18.94,-3.71,-0.600,0
5.311,-18.94,-3.68,-0.600,0
5.312,-18.94,-3.68,-0.600,0
5.312,-18.94,-3.68,-0.600,0
5.312,-18.94,-3.68,-0.600,0
5.312,-18.94,-3.65,-0.600,0
5.313,-18.94,-3.65,-0.600,0
5.313,-18.94,-3.65,-0.600,0
5.313,-18.94,-3.65,-0.600,0
5.313,-18.94,-3.61,-0.600,0
5.314,-18.94,-3.61,-0.600,0
5.314,-18.94,-3.61,-0.600,0
5.314,-18.94,-3.58,-0.600,0
5.315,-18.94,-3.58,-0.600,0
5.315,-18.94,-3.58,-0.600,0
5.315,-18.94,-3.58,-0.600,0
5.315,-18.94,-3.55,-0.600,0
5.316,-18.94,-3.55,-0.600,0
5.316,-18.94,-3.55,-0.600,0
5.316,-18.94,-3.55,-0.600,0
5.317,-18.94,-3.52,-0.600,0
5.317,-18.94,-3.52,-0.600,0
5.317,-18.94,-3.52,-0.600,0
5.317,-18.94,-3.48,-0.600,0
5.317,-18.94,-3.48,-0.600,0
5.318,-18.94,-3.48,-0.600,0
5.318,-18.94,-3.48,-0.600,0
5.318,-18.94,-3.45,-0.600,0
5.319,-18.94,-3.45,-0.600,0
5.319,-18.94,-3.45,-0.600,0
5.319,-18.94,-3.42,-0.600,0
5.320,-18.94,-3.42,-0.600,0
5.320,-18.94,-3.42,-0.600,0
5.320,-18.94,-3.42,-0.600,0
5.320,-18.94,-3.39,-0.600,0
5.321,-18.94,-3.39,-0.600,0
5.321,-18.94,-3.39,-0.600,0
5.321,-18.94,-3.39,-0.600,0
5.321,-18.94,-3.35,-0.600,0
5.322,-18.94,-3.35,-0.600,0
5.322,-18.94,-3.35,-0.600,0
5.322,-18.94,-3.32,-0.600,0
5.323,-18.94,-3.32,-0.600,0
5.323,-18.94,-3.32,-0.600,0
5.323,-18.94,-3.32,-0.600,0
5.324,-18.94,-3.29,-0.600,0
5.324,-18.94,-3.29,-0.600,0
5.324,-18.94,-3.29,-0.600,0
5.324,-18.94,-3.26,-0.600,0
5.325,-18.94,-3.26,-0.600,0
5.325,-18.94,-3.26,-0.600,0
5.325,-18.94,-3.26,-0.600,0
5.325,-18.94,-3.22,-0.600,0
5.326,-18.94,-3.22,-0.600,0
5.326,-18.94,-3.22,-0.600,0
5.326,-18.94,-3.22,-0.600,0
5.326,-18.94,-3.22,-0.600,0
5.327,-18.94,-3.19,-0.600,0
5.327,-18.94,-3.19,-0.600,0
5.327,-18.94,-3.19,-0.600,0
5.328,-18.94,-3.16,-0.600,0
5.328,-18.94,-3.16,-0.600,0
5.328,-18.94,-3.16,-0.600,0
5.328,-18.94,-3.13,-0.600,0
5.329,-18.94,-3.13,-0.600,0
5.329,-18.94,-3.13,-0.600,0
5.329,-18.94,-3.13,-0.600,0
5.330,-18.94,-3.09,-0.600,0
5.330,-18.94,-3.09,-0.600,0
5.330,-18.94,-3.09,-0.600,0
5.331,-18.94,-3.06,-0.600,0
5.331,-18.94,-3.06,-0.600,0
5.331,-18.94,-3.06,-0.600,0
5.331,-18.94,-3.03,-0.600,0
5.332,-18.94,-3.03,-0.600,0
5.332,-18.94,-3.03,-0.600,0
5.332,-18.94,-3.00,-0.600,0
5.333,-18.94,-3.00,-0.600,0
5.333,-18.94,-3.00,-0.600,0
5.333,-18.94,-3.00,-0.600,0
5.333,-18.94,-2.96,-0.600,0
5.334,-18.94,-2.96,-0.600,0
5.334,-18.94,-2.96,-0.600,0
5.334,-18.94,-2.96,-0.600,0
5.334,-18.94,-2.96,-0.600,0
5.334,-18.94,-2.93,-0.600,0
5.335,-18.94,-2.93,-0.600,0
5.335,-18.94,-2.93,-0.600,0
5.335,-18.94,-2.90,-0.600,0
5.336,-18.94,-2.90,-0.600,0
5.336,-18.94,-2.90,-0.600,0
5.336,-18.94,-2.90,-0.600,0
5.336,-18.94,-2.87,-0.600,0
5.337,-18.94,-2.87,-0.600,0
5.337,-18.94,-2.87,-0.600,0
5.337,-18.94,-2.87,-0.600,0
5.337,-18.94,-2.83,-0.600,0
5.338,-18.94,-2.83,-0.600,0
5.338,-18.94,-2.83,-0.600,0
5.338,-18.94,-2.83,-0.600,0
5.338,-18.94,-2.80,-0.600,0
5.339,-18.94,-2.80,-0.600,0
5.339,-18.94,-2.80,-0.600,0
5.339,-18.94,-2.80,-0.600,0
5.339,-18.94,-2.77,-0.600,0
5.340,-18.94,-2.77,-0.600,0
5.340,-18.94,-2.77,-0.600,0
5.340,-18.94,-2.77,-0.600,0
5.340,-18.94,-2.74,-0.600,0
5.341,-18.94,-2.74,-0.600,0
5.341,-18.94,-2.74,-0.600,0
5.341,-18.94,-2.74,-0.600,0
5.341,-18.94,-2.70,-0.600,0
5.342,-18.94,-2.70,-0.600,0
5.342,-18.94,-2.70,-0.600,0
5.342,-18.94,-2.70,-0.600,0
5.342,-18.94,-2.67,-0.600,0
5.342,-18.94,-2.67,-0.600,0
5.343,-18.94,-2.67,-0.600,0
5.343,-18.94,-2.67,-0.600,0
5.343,-18.94,-2.64,-0.600,0
5.343,-18.94,-2.64,-0.600,0
5.344,-18.94,-2.64,-0.600,0
5.344,-18.94,-2.64,-0.600,0
5.344,-18.94,-2.64,-0.600,0
5.344,-18.94,-2.60,-0.600,0
5.345,-18.94,-2.60,-0.600,0
5.345,-18.94,-2.60,-0.600,0
5.345,-18.94,-2.60,-0.600,0
5.345,-18.94,-2.57,-0.600,0
5.346,-18.94,-2.57,-0.600,0
5.346,-18.94,-2.57,-0.600,0
5.346,-18.94,-2.57,-0.600,0
5.346,-18.94,-2.54,-0.600,0
5.346,-18.94,-2.54,-0.600,0
5.347,-18.94,-2.54,-0.600,0
5.347,-18.94,-2.54,-0.600,0
5.347,-18.94,-2.54,-0.600,0
5.347,-18.94,-2.51,-0.600,0
5.348,-18.94,-2.51,-0.600,0
5.348,-18.94,-2.51,-0.600,0
5.348,-18.94,-2.51,-0.600,0
5.348,-18.94,-2.48,-0.600,0
5.349,-18.94,-2.48,-0.600,0
5.349,-18.94,-2.48,-0.600,0
5.349,-18.94,-2.48,-0.600,0
5.349,-18.94,-2.48,-0.600,0
5.349,-18.94,-2.44,-0.600,0
5.350,-18.94,-2.44,-0.600,0
5.350,-18.94,-2.44,-0.600,0
5.350,-18.94,-2.44,-0.600,0
5.350,-18.94,-2.41,-0.600,0
5.351,-18.94,-2.41,-0.600,0
5.351,-18.94,-2.41,-0.600,0
5.351,-18.94,-2.41,-0.600,0
5.351,-18.94,-2.38,-0.600,0
5.352,-18.94,-2.38,-0.600,0
5.352,-18.94,-2.38,-0.600,0
5.352,-18.94,-2.38,-0.600,0
5.352,-18.94,-2.34,-0.600,0
5.353,-18.94,-2.34,-0.600,0
5.353,-18.94,-2.34,-0.600,0
5.353,-18.94,-2.34,-0.600,0
5.353,-18.94,-2.31,-0.600,0
5.354,-18.94,-2.31,-0.600,0
5.354,-18.94,-2.31,-0.600,0
5.354,-18.94,-2.31,-0.600,0
5.354,-18.94,-2.28,-0.600,0
5.354,-18.94,-2.28,-0.600,0
5.355,-18.94,-2.28,-0.600,0
5.355,-18.94,-2.28,-0.600,0
5.355,-18.94,-2.28,-0.600,0
5.355,-18.94,-2.25,-0.600,0
5.356,-18.94,-2.25,-0.600,0
5.356,-18.94,-2.25,-0.600,0
5.356,-18.94,-2.25,-0.600,0
5.356,-18.94,-2.21,-0.600,0
5.357,-18.94,-2.21,-0.600,0
5.357,-18.94,-2.21,-0.600,0
5.357,-18.94,-2.21,-0.600,0
5.357,-18.94,-2.21,-0.600,0
5.357,-18.94,-2.18,-0.600,0
5.358,-18.94,-2.18,-0.600,0
5.358,-18.94,-2.18,-0.600,0
5.358,-18.94,-2.18,-0.600,0
5.358,-18.94,-2.15,-0.600,0
5.359,-18.94,-2.15,-0.600,0
5.359,-18.94,-2.15,-0.600,0
5.359,-18.94,-2.15,-0.600,0
5.359,-18.94,-2.12,-0.600,0
5.360,-18.94,-2.12,-0.600,0
5.360,-18.94,-2.12,-0.600,0
5.360,-18.94,-2.12,-0.600,0
5.360,-18.94,-2.12,-0.600,0
5.360,-18.94,-2.08,-0.600,0
5.361,-18.94,-2.08,-0.600,0
5.361,-18.94,-2.08,-0.600,0
5.361,-18.94,-2.08,-0.600,0
5.361,-18.94,-2.05,-0.600,0
5.362,-18.94,-2.05,-0.600,0
5.362,-18.94,-2.05,-0.600,0
5.362,-18.94,-2.05,-0.600,0
5.362,-18.94,-2.05,-0.600,0
5.362,-18.94,-2.02,-0.600,0
5.363,-18.94,-2.02,-0.600,0
5.363,-18.94,-2.02,-0.600,0
5.363,-18.94,-2.02,-0.600,0
5.363,-18.94,-1.99,-0.600,0
5.364,-18.94,-1.99,-0.600,0
5.364,-18.94,-1.99,-0.600,0
5.364,-18.94,-1.99,-0.600,0
5.364,-18.94,-1.95,-0.600,0
5.365,-18.94,-1.95,-0.600,0
5.365,-18.94,-1.95,-0.600,0
5.365,-18.94,-1.92,-0.600,0
5.366,-18.94,-1.92,-0.600,0
5.366,-18.94,-1.92,-0.600,0
5.366,-18.94,-1.92,-0.600,0
5.366,-18.94,-1.89,-0.600,0
5.367,-18.94,-1.89,-0.600,0
5.367,-18.94,-1.89,-0.600,0
5.367,-18.94,-1.89,-0.600,0
5.367,-18.94,-1.86,-0.600,0
5.367,-18.94,-1.86,-0.600,0
5.368,-18.94,-1.86,-0.600,0
5.368,-18.94,-1.86,-0.600,0
5.368,-18.94,-1.86,-0.600,0
5.368,-18.94,-1.82,-0.600,0
5.369,-18.94,-1.82,-0.600,0
5.369,-18.94,-1.82,-0.600,0
5.369,-18.94,-1.82,-0.600,0
5.369,-18.94,-1.79,-0.600,0
5.370,-18.94,-1.79,-0.600,0
5.370,-18.94,-1.79,-0.600,0
5.370,-18.94,-1.79,-0.600,0
5.370,-18.94,-1.79,-0.600,0
5.371,-18.94,-1.76,-0.600,0
5.371,-18.94,-1.76,-0.600,0
5.371,-18.94,-1.73,-0.600,0
5.372,-18.94,-1.73,-0.600,0
5.372,-18.94,-1.73,-0.600,0
5.372,-18.94,-1.73,-0.600,0
5.373,-18.94,-1.69,-0.600,0
5.373,-18.94,-1.69,-0.600,0
5.373,-18.94,-1.69,-0.600,0
5.373,-18.94,-1.69,-0.600,0
5.373,-18.94,-1.66,-0.600,0
5.374,-18.94,-1.66,-0.600,0
5.374,-18.94,-1.66,-0.600,0
5.374,-18.94,-1.66,-0.600,0
5.374,-18.94,-1.63,-0.600,0
5.374,-18.94,-1.63,-0.600,0
5.375,-18.94,-1.63,-0.600,0
5.375,-18.94,-1.63,-0.600,0
5.375,-18.94,-1.63,-0.600,0
5.376,-18.94,-1.60,-0.600,0
5.376,-18.94,-1.60,-0.600,0
5.376,-18.94,-1.60,-0.600,0
5.377,-18.94,-1.56,-0.600,0
5.377,-18.94,-1.56,-0.600,0
5.377,-18.94,-1.56,-0.600,0
5.377,-18.94,-1.53,-0.600,0
5.378,-18.94,-1.53,-0.600,0
5.378,-18.94,-1.53,-0.600,0
5.378,-18.94,-1.53,-0.600,0
5.378,-18.94,-1.50,-0.600,0
5.379,-18.94,-1.50,-0.600,0
5.379,-18.94,-1.50,-0.600,0
5.379,-18.94,-1.50,-0.600,0
5.379,-18.94,-1.47,-0.600,0
5.380,-18.94,-1.47,-0.600,0
5.380,-18.94,-1.47,-0.600,0
5.380,-18.94,-1.43,-0.600,0
5.381,-18.94,-1.43,-0.600,0
5.381,-18.94,-1.43,-0.600,0
5.381,-18.94,-1.43,-0.600,0
5.381,-18.94,-1.40,-0.600,0
5.382,-18.94,-1.40,-0.600,0
5.382,-18.94,-1.40,-0.600,0
5.382,-18.94,-1.40,-0.600,0
5.382,-18.94,-1.37,-0.600,0
5.383,-18.94,-1.37,-0.600,0
5.383,-18.94,-1.37,-0.600,0
5.383,-18.94,-1.37,-0.600,0
5.383,-18.94,-1.34,-0.600,0
5.384,-18.94,-1.34,-0.600,0
5.384,-18.94,-1.34,-0.600,0
5.384,-18.94,-1.34,-0.600,0
5.385,-18.94,-1.30,-0.600,0
5.385,-18.94,-1.30,-0.600,0
5.385,-18.94,-1.30,-0.600,0
5.385,-18.94,-1.30,-0.600,0
5.386,-18.94,-1.27,-0.600,0
5.386,-18.94,-1.27,-0.600,0
5.386,-18.94,-1.27,-0.600,0
5.386,-18.94,-1.24,-0.600,0
5.387,-18.94,-1.24,-0.600,0
5.387,-18.94,-1.24,-0.600,0
5.387,-18.94,-1.24,-0.600,0
5.387,-18.94,-1.21,-0.600,0
5.388,-18.94,-1.21,-0.600,0
5.388,-18.94,-1.21,-0.600,0
5.388,-18.94,-1.21,-0.600,0
5.388,-18.94,-1.17,-0.600,0
5.389,-18.94,-1.17,-0.600,0
5.389,-18.94,-1.17,-0.600,0
5.389,-18.94,-1.17,-0.600,0
5.389,-18.94,-1.14,-0.600,0
5.390,-18.94,-1.14,-0.600,0
5.390,-18.94,-1.14,-0.600,0
5.390,-18.94,-1.14,-0.600,0
5.390,-18.94,-1.14,-0.600,0
5.391,-18.94,-1.11,-0.600,0
5.391,-18.94,-1.11,-0.600,0
5.391,-18.94,-1.11,-0.600,0
5.391,-18.94,-1.11,-0.600,0
5.392,-18.94,-1.07,-0.600,0
5.392,-18.94,-1.07,-0.600,0
5.392,-18.94,-1.07,-0.600,0
5.392,-18.94,-1.04,-0.600,0
5.393,-18.94,-1.04,-0.600,0
5.393,-18.94,-1.04,-0.600,0
5.393,-18.94,-1.01,-0.600,0
5.394,-18.94,-1.01,-0.600,0
5.394,-18.94,-1.01,-0.600,0
5.394,-18.94,-1.01,-0.600,0
5.394,-18.94,-0.98,-0.600,0
5.395,-18.94,-0.98,-0.600,0
5.395,-18.94,-0.98,-0.600,0
5.395,-18.94,-0.98,-0.600,0
5.395,-18.94,-0.94,-0.600,0
5.396,-18.94,-0.94,-0.600,0
5.396,-18.94,-0.94,-0.600,0
5.396,-18.94,-0.94,-0.600,0
5.396,-18.94,-0.91,-0.600,0
5.397,-18.94,-0.91,-0.600,0
5.397,-18.94,-0.91,-0.600,0
5.397,-18.94,-0.91,-0.600,0
5.397,-18.94,-0.88,-0.600,0
5.397,-18.94,-0.88,-0.600,0
5.398,-18.94,-0.88,-0.600,0
5.398,-18.94,-0.88,-0.600,0
5.398,-18.94,-0.88,-0.600,0
5.399,-18.94,-0.85,-0.600,0
5.399,-18.94,-0.85,-0.600,0
5.399,-18.94,-0.82,-0.600,0
5.400,-18.94,-0.82,-0.600,0
5.400,-18.94,-0.82,-0.600,0
5.400,-18.94,-0.82,-0.600,0
5.403,-18.94,-0.78,-0.600,0
5.403,-18.94,-0.78,-0.600,0
5.404,-18.94,-0.75,-0.600,0
5.404,-18.94,-0.75,-0.600,0
5.404,-18.94,-0.75,-0.600,0
5.405,-18.94,-0.72,-0.600,0
5.405,-18.94,-0.72,-0.600,0
5.405,-18.94,-0.72,-0.600,0
5.405,-18.94,-0.68,-0.600,0
5.406,-18.94,-0.68,-0.600,0
5.406,-18.94,-0.68,-0.600,0
5.406,-18.94,-0.68,-0.600,0
5.407,-18.94,-0.65,-0.600,0
5.407,-18.94,-0.65,-0.600,0
5.407,-18.94,-0.62,-0.600,0
5.408,-18.94,-0.62,-0.600,0
5.408,-18.94,-0.62,-0.600,0
5.408,-18.94,-0.62,-0.600,0
5.408,-18.94,-0.59,-0.600,0
5.409,-18.94,-0.59,-0.600,0
5.409,-18.94,-0.59,-0.600,0
5.409,-18.94,-0.59,-0.600,0
5.409,-18.94,-0.55,-0.600,0
5.410,-18.94,-0.55,-0.600,0
5.410,-18.94,-0.55,-0.600,0
5.410,-18.94,-0.55,-0.600,0
5.410,-18.94,-0.52,-0.600,0
5.411,-18.94,-0.52,-0.600,0
5.411,-18.94,-0.52,-0.600,0
5.411,-18.94,-0.52,-0.600,0
5.411,-18.94,-0.49,-0.600,0
5.412,-18.94,-0.49,-0.600,0
5.412,-18.94,-0.49,-0.600,0
5.413,-18.94,-0.49,-0.600,0
5.413,-18.94,-0.46,-0.600,0
5.413,-18.94,-0.42,-0.600,0
5.414,-18.94,-0.42,-0.600,0
5.414,-18.94,-0.42,-0.600,0
5.414,-18.94,-0.39,-0.600,0
5.415,-18.94,-0.39,-0.600,0
5.415,-18.94,-0.39,-0.600,0
5.415,-18.94,-0.36,-0.600,0
5.416,-18.94,-0.36,-0.600,0
5.416,-18.94,-0.36,-0.600,0
5.416,-18.94,-0.36,-0.600,0
5.416,-18.94,-0.33,-0.600,0
5.417,-18.94,-0.33,-0.600,0
5.417,-18.94,-0.33,-0.600,0
5.417,-18.94,-0.33,-0.600,0
5.417,-18.94,-0.29,-0.600,0
5.418,-18.94,-0.29,-0.600,0
5.418,-18.94,-0.29,-0.600,0
5.418,-18.94,-0.26,-0.600,0
5.418,-18.94,-0.26,-0.600,0
5.419,-18.94,-0.26,-0.600,0
5.419,-18.94,-0.26,-0.600,0
5.419,-18.94,-0.23,-0.600,0
5.420,-18.94,-0.23,-0.600,0
5.420,-18.94,-0.23,-0.600,0
5.420,-18.94,-0.20,-0.600,0
5.421,-18.94,-0.20,-0.600,0
5.421,-18.94,-0.20,-0.600,0
5.421,-18.94,-0.16,-0.600,0
5.421,-18.94,-0.16,-0.600,0
5.422,-18.94,-0.16,-0.600,0
5.422,-18.94,-0.16,-0.600,0
5.422,-18.94,-0.13,-0.600,0
5.422,-18.94,-0.13,-0.600,0
5.423,-18.94,-0.13,-0.600,0
5.423,-18.94,-0.13,-0.600,0
5.423,-18.94,-0.10,-0.600,0
5.423,-18.94,-0.10,-0.600,0
5.424,-18.94,-0.10,-0.600,0
5.424,-18.94,-0.10,-0.600,0
5.424,-18.94,-0.07,-0.600,0
5.424,-18.94,-0.07,-0.600,0
5.425,-18.94,-0.07,-0.600,0
5.425,-18.94,-0.07,-0.600,0
5.425,-18.94,-0.03,-0.600,0
5.425,-18.94,-0.03,-0.600,0
5.425,-18.94,-0.03,-0.600,0
5.426,-18.94,-0.03,-0.600,0
5.426,-18.94,-0.00,-0.600,0
5.426,-18.94,-0.00,-0.600,0
5.427,-18.94,-0.00,-0.600,0
5.427,-18.94,-0.00,-0.600,0
5.427,-18.94,0.03,-0.600,0
5.427,-18.94,0.03,-0.600,0
5.428,-18.94,0.03,-0.600,0
5.428,-18.94,0.03,-0.600,0
5.428,-18.94,0.07,-0.600,0
5.428,-18.94,0.07,-0.600,0
5.429,-18.94,0.07,-0.600,0
5.429,-18.94,0.10,-0.600,0
5.429,-18.94,0.10,-0.600,0
5.429,-18.94,0.10,-0.600,0
5.430,-18.94,0.10,-0.600,0
5.430,-18.94,0.10,-0.600,0
5.430,-18.94,0.13,-0.600,0
5.430,-18.94,0.13,-0.600,0
5.431,-18.94,0.13,-0.600,0
5.431,-18.94,0.16,-0.600,0
5.431,-18.94,0.16,-0.600,0
5.431,-18.94,0.16,-0.600,0
5.432,-18.94,0.16,-0.600,0
5.432,-18.94,0.19,-0.600,0
5.432,-18.94,0.19,-0.600,0
5.433,-18.94,0.19,-0.600,0
5.433,-18.94,0.19,-0.600,0
5.433,-18.94,0.23,-0.600,0
5.433,-18.94,0.23,-0.600,0
5.434,-18.94,0.23,-0.600,0
5.434,-18.94,0.26,-0.600,0
5.435,-18.94,0.26,-0.600,0
5.435,-18.94,0.29,-0.600,0
5.435,-18.94,0.29,-0.600,1
5.436,-14.87,0.29,-0.600,0
5.436,-14.87,0.32,-0.600,0
5.436,-14.87,0.32,-0.600,0
5.437,-14.87,0.32,-0.600,0
5.437,-14.87,0.36,-0.600,0
5.437,-14.87,0.36,-0.600,0
5.437,-14.87,0.36,-0.600,0
5.438,-14.87,0.36,-0.600,0
5.438,-14.87,0.39,-0.600,0
5.438,-14.87,0.39,-0.600,0
5.438,-14.87,0.39,-0.600,0
5.439,-14.87,0.39,-0.600,0
5.439,-14.87,0.42,-0.600,0
5.439,-14.87,0.42,-0.600,0
5.440,-14.87,0.42,-0.600,0
5.440,-14.87,0.46,-0.600,0
5.440,-14.87,0.46,-0.600,0
5.440,-14.87,0.46,-0.600,0
5.441,-14.87,0.46,-0.600,0
5.441,-14.87,0.49,-0.600,0
5.441,-14.87,0.49,-0.600,0
5.442,-14.87,0.49,-0.600,0
5.442,-14.87,0.52,-0.600,0
5.442,-14.87,0.52,-0.600,0
5.442,-14.87,0.52,-0.600,0
5.443,-14.87,0.52,-0.600,0
5.443,-14.87,0.55,-0.600,0
5.443,-14.87,0.55,-0.600,0
5.443,-14.87,0.55,-0.600,0
5.444,-14.87,0.55,-0.600,0
5.444,-14.87,0.59,-0.600,0
5.444,-14.87,0.59,-0.600,0
5.444,-14.87,0.59,-0.600,0
5.444,-14.87,0.59,-0.600,0
5.445,-14.87,0.62,-0.600,0
5.445,-14.87,0.62,-0.600,0
5.445,-14.87,0.62,-0.600,0
5.445,-14.87,0.62,-0.600,0
5.446,-14.87,0.62,-0.600,0
5.446,-14.87,0.65,-0.600,0
5.446,-14.87,0.65,-0.600,0
5.446,-14.87,0.65,-0.600,0
5.447,-14.87,0.68,-0.600,0
5.447,-14.87,0.68,-0.600,0
5.448,-14.87,0.72,-0.600,0
5.448,-14.87,0.72,-0.600,0
5.448,-14.87,0.72,-0.600,0
5.449,-14.87,0.72,-0.600,0
5.449,-14.87,0.75,-0.600,0
5.449,-14.87,0.75,-0.600,0
5.449,-14.87,0.75,-0.600,0
5.450,-14.87,0.78,-0.600,0
5.450,-14.87,0.78,-0.600,0
5.450,-14.87,0.78,-0.600,0
5.451,-14.87,0.81,-0.600,0
5.451,-14.87,0.81,-0.600,0
5.451,-14.87,0.81,-0.600,0
5.452,-14.87,0.85,-0.600,0
5.452,-14.87,0.85,-0.600,0
5.452,-14.87,0.85,-0.600,0
5.453,-14.87,0.85,-0.600,0
5.453,-14.87,0.88,-0.600,0
5.453,-14.87,0.88,-0.600,0
5.453,-14.87,0.88,-0.600,0
5.454,-14.87,0.91,-0.600,0
5.454,-14.87,0.91,-0.600,0
5.454,-14.87,0.91,-0.600,0
5.455,-14.87,0.94,-0.600,0
5.455,-14.87,0.94,-0.600,0
5.455,-14.87,0.94,-0.600,0
5.456,-14.87,0.94,-0.600,0
5.456,-14.87,0.98,-0.600,0
5.456,-14.87,0.98,-0.600,0
5.456,-14.87,0.98,-0.600,0
5.457,-14.87,1.01,-0.600,0
5.457,-14.87,1.01,-0.600,0
5.457,-14.87,1.01,-0.600,0
5.457,-14.87,1.01,-0.600,0
5.458,-14.87,1.04,-0.600,0
5.458,-14.87,1.04,-0.600,0
5.458,-14.87,1.04,-0.600,0
5.458,-14.87,1.04,-0.600,0
5.459,-14.87,1.07,-0.600,0
5.459,-14.87,1.07,-0.600,0
5.459,-14.87,1.07,-0.600,0
5.459,-14.87,1.07,-0.600,0
5.460,-14.87,1.11,-0.600,0
5.460,-14.87,1.11,-0.600,0
5.460,-14.87,1.11,-0.600,0
5.461,-14.87,1.11,-0.600,0
5.461,-14.87,1.14,-0.600,0
5.461,-14.87,1.14,-0.600,0
5.462,-14.87,1.17,-0.600,0
5.462,-14.87,1.17,-0.600,0
5.462,-14.87,1.17,-0.600,0
5.463,-14.87,1.20,-0.600,0
5.463,-14.87,1.20,-0.600,0
5.463,-14.87,1.20,-0.600,0
5.464,-14.87,1.24,-0.600,0
5.464,-14.87,1.24,-0.600,0
5.464,-14.87,1.24,-0.600,0
5.464,-14.87,1.24,-0.600,0
5.465,-14.87,1.27,-0.600,0
5.465,-14.87,1.27,-0.600,0
5.465,-14.87,1.27,-0.600,0
5.465,-14.87,1.30,-0.600,0
5.466,-14.87,1.30,-0.600,0
5.466,-14.87,1.30,-0.600,0
5.466,-14.87,1.30,-0.600,0
5.467,-14.87,1.33,-0.600,0
5.467,-14.87,1.33,-0.600,0
5.467,-14.87,1.33,-0.600,0
5.467,-14.87,1.37,-0.600,0
5.468,-14.87,1.37,-0.600,0
5.468,-14.87,1.37,-0.600,0
5.468,-14.87,1.37,-0.600,0
5.469,-14.87,1.40,-0.600,0
5.469,-14.87,1.40,-0.600,0
5.469,-14.87,1.40,-0.600,0
5.469,-14.87,1.40,-0.600,0
5.470,-14.87,1.43,-0.600,0
5.470,-14.87,1.43,-0.600,0
5.470,-14.87,1.43,-0.600,0
5.470,-14.87,1.43,-0.600,0
5.471,-14.87,1.46,-0.600,0
5.471,-14.87,1.46,-0.600,0
5.471,-14.87,1.46,-0.600,0
5.471,-14.87,1.46,-0.600,0
5.472,-14.87,1.50,-0.600,0
5.472,-14.87,1.50,-0.600,0
5.472,-14.87,1.50,-0.600,0
5.472,-14.87,1.53,-0.600,0
5.473,-14.87,1.53,-0.600,0
5.473,-14.87,1.53,-0.600,0
5.473,-14.87,1.53,-0.600,0
5.473,-14.87,1.56,-0.600,0
5.474,-14.87,1.56,-0.600,0
5.474,-14.87,1.56,-0.600,0
5.474,-14.87,1.56,-0.600,0
5.474,-14.87,1.59,-0.600,0
5.475,-14.87,1.59,-0.600,0
5.475,-14.87,1.59,-0.600,0
5.475,-14.87,1.59,-0.600,0
5.475,-14.87,1.63,-0.600,0
5.476,-14.87,1.63,-0.600,0
5.476,-14.87,1.63,-0.600,0
5.476,-14.87,1.66,-0.600,0
5.477,-14.87,1.66,-0.600,0
5.477,-14.87,1.66,-0.600,0
5.477,-14.87,1.66,-0.600,0
5.477,-14.87,1.69,-0.600,0
5.478,-14.87,1.69,-0.600,0
5.478,-14.87,1.69,-0.600,0
5.478,-14.87,1.69,-0.600,0
5.478,-14.87,1.69,-0.600,0
5.479,-14.87,1.72,-0.600,0
5.479,-14.87,1.72,-0.600,0
5.479,-14.87,1.72,-0.600,0
5.479,-14.87,1.72,-0.600,0
5.480,-14.87,1.76,-0.600,0
5.480,-14.87,1.76,-0.600,0
5.480,-14.87,1.76,-0.600,0
5.480,-14.87,1.79,-0.600,0
5.481,-14.87,1.79,-0.600,0
5.481,-14.87,1.79,-0.600,0
5.481,-14.87,1.79,-0.600,0
5.482,-14.87,1.82,-0.600,0
5.482,-14.87,1.82,-0.600,0
5.482,-14.87,1.82,-0.600,0
5.482,-14.87,1.85,-0.600,0
5.483,-14.87,1.85,-0.600,0
5.483,-14.87,1.85,-0.600,0
5.483,-14.87,1.89,-0.600,0
5.484,-14.87,1.89,-0.600,0
5.484,-14.87,1.89,-0.600,0
5.484,-14.87,1.89,-0.600,0
5.484,-14.87,1.92,-0.600,0
5.485,-14.87,1.92,-0.600,0
5.485,-14.87,1.92,-0.600,0
5.485,-14.87,1.92,-0.600,0
5.485,-14.87,1.95,-0.600,0
5.486,-14.87,1.95,-0.600,0
5.486,-14.87,1.95,-0.600,0
5.486,-14.87,1.95,-0.600,0
5.486,-14.87,1.99,-0.600,0
5.487,-14.87,1.99,-0.600,0
5.487,-14.87,1.99,-0.600,0
5.487,-14.87,2.02,-0.600,0
5.488,-14.87,2.02,-0.600,0
5.488,-14.87,2.02,-0.600,0
5.488,-14.87,2.05,-0.600,0
5.489,-14.87,2.05,-0.600,0
5.489,-14.87,2.05,-0.600,0
5.489,-14.87,2.05,-0.600,0
5.490,-14.87,2.08,-0.600,0
5.490,-14.87,2.08,-0.600,0
5.490,-14.87,2.12,-0.600,0
5.491,-14.87,2.12,-0.600,0
5.491,-14.87,2.12,-0.600,0
5.491,-14.87,2.12,-0.600,0
5.491,-14.87,2.15,-0.600,0
5.492,-14.87,2.15,-0.600,0
5.492,-14.87,2.15,-0.600,0
5.492,-14.87,2.18,-0.600,0
5.493,-14.87,2.18,-0.600,0
5.493,-14.87,2.18,-0.600,0
5.493,-14.87,2.18,-0.600,0
5.493,-14.87,2.21,-0.600,0
5.494,-14.87,2.21,-0.600,0
5.494,-14.87,2.21,-0.600,0
5.494,-14.87,2.25,-0.600,0
5.495,-14.87,2.25,-0.600,0
5.495,-14.87,2.25,-0.600,0
5.495,-14.87,2.25,-0.600,0
5.496,-14.87,2.28,-0.600,0
5.496,-14.87,2.28,-0.600,0
5.496,-14.87,2.31,-0.600,0
5.497,-14.87,2.31,-0.600,0
5.497,-14.87,2.31,-0.600,0
5.498,-14.87,2.34,-0.600,0
5.498,-14.87,2.34,-0.600,0
5.498,-14.87,2.38,-0.600,0
5.499,-14.87,2.38,-0.600,0
5.499,-14.87,2.38,-0.600,0
5.499,-14.87,2.41,-0.600,0
5.500,-14.87,2.41,-0.600,0
5.500,-14.87,2.41,-0.600,0
5.500,-14.87,2.41,-0.600,0
5.501,-14.87,2.44,-0.600,0
5.501,-14.87,2.44,-0.600,0
5.502,-14.87,2.47,-0.600,0
5.502,-14.87,2.47,-0.600,0
5.503,-14.87,2.51,-0.600,0
5.503,-14.87,2.51,-0.600,0
5.503,-14.87,2.54,-0.600,0
5.504,-14.87,2.54,-0.600,0
5.504,-14.87,2.54,-0.600,0
5.504,-14.87,2.57,-0.600,0
5.504,-14.87,2.57,-0.600,0
5.505,-14.87,2.57,-0.600,0
5.505,-14.87,2.57,-0.600,0
5.505,-14.87,2.60,-0.600,0
5.505,-14.87,2.60,-0.600,0
5.506,-14.87,2.60,-0.600,0
5.506,-14.87,2.60,-0.600,0
5.506,-14.87,2.64,-0.600,0
5.506,-14.87,2.64,-0.600,0
5.507,-14.87,2.64,-0.600,0
5.507,-14.87,2.64,-0.600,0
5.507,-14.87,2.64,-0.600,0
5.507,-14.87,2.67,-0.600,0
5.507,-14.87,2.67,-0.600,0
5.508,-14.87,2.67,-0.600,0
5.508,-14.87,2.67,-0.600,0
5.508,-14.87,2.70,-0.600,0
5.508,-14.87,2.70,-0.600,0
5.509,-14.87,2.70,-0.600,0
5.509,-14.87,2.70,-0.600,0
5.509,-14.87,2.73,-0.600,0
5.510,-14.87,2.73,-0.600,0
5.510,-14.87,2.77,-0.600,0
5.510,-14.87,2.77,-0.600,0
5.511,-14.87,2.77,-0.600,0
5.511,-14.87,2.77,-0.600,0
5.511,-14.87,2.80,-0.600,0
5.511,-14.87,2.80,-0.600,0
5.512,-14.87,2.80,-0.600,0
5.512,-14.87,2.83,-0.600,0
5.512,-14.87,2.83,-0.600,0
5.513,-14.87,2.83,-0.600,0
5.513,-14.87,2.83,-0.600,0
5.513,-14.87,2.86,-0.600,0
5.513,-14.87,2.86,-0.600,0
5.514,-14.87,2.86,-0.600,0
5.514,-14.87,2.86,-0.600,0
5.514,-14.87,2.90,-0.600,0
5.514,-14.87,2.90,-0.600,0
5.515,-14.87,2.90,-0.600,0
5.515,-14.87,2.90,-0.600,0
5.515,-14.87,2.93,-0.600,0
5.515,-14.87,2.93,-0.600,0
5.516,-14.87,2.93,-0.600,0
5.516,-14.87,2.93,-0.600,0
5.516,-14.87,2.96,-0.600,0
5.516,-14.87,2.96,-0.600,0
5.517,-14.87,2.96,-0.600,0
5.517,-14.87,2.96,-0.600,0
5.517,-14.87,2.99,-0.600,0
5.518,-14.87,2.99,-0.600,0
5.518,-14.87,3.03,-0.600,0
5.519,-14.87,3.03,-0.600,0
5.519,-14.87,3.03,-0.600,0
5.519,-14.87,3.06,-0.600,0
5.519,-14.87,3.06,-0.600,0
5.520,-14.87,3.06,-0.600,0
5.520,-14.87,3.06,-0.600,0
5.520,-14.87,3.09,-0.600,0
5.520,-14.87,3.09,-0.600,0
5.521,-14.87,3.09,-0.600,0
5.521,-14.87,3.09,-0.600,0
5.521,-14.87,3.12,-0.600,0
5.521,-14.87,3.12,-0.600,0
5.522,-14.87,3.12,-0.600,0
5.522,-14.87,3.12,-0.600,0
5.522,-14.87,3.16,-0.600,0
5.522,-14.87,3.16,-0.600,0
5.523,-14.87,3.16,-0.600,0
5.523,-14.87,3.16,-0.600,0
5.523,-14.87,3.19,-0.600,0
5.523,-14.87,3.19,-0.600,0
5.524,-14.87,3.19,-0.600,0
5.524,-14.87,3.22,-0.600,0
5.524,-14.87,3.22,-0.600,0
5.524,-14.87,3.22,-0.600,0
5.525,-14.87,3.22,-0.600,0
5.525,-14.87,3.25,-0.600,0
5.525,-14.87,3.25,-0.600,0
5.526,-14.87,3.25,-0.600,0
5.526,-14.87,3.25,-0.600,0
5.526,-14.87,3.29,-0.600,0
5.526,-14.87,3.29,-0.600,0
5.526,-14.87,3.29,-0.600,0
5.527,-14.87,3.29,-0.600,0
5.527,-14.87,3.32,-0.600,0
5.527,-14.87,3.32,-0.600,0
5.528,-14.87,3.32,-0.600,0
5.528,-14.87,3.32,-0.600,0
5.528,-14.87,3.32,-0.600,0
5.528,-14.87,3.35,-0.600,0
5.528,-14.87,3.35,-0.600,0
5.529,-14.87,3.35,-0.600,0
5.529,-14.87,3.35,-0.600,0
5.529,-14.87,3.38,-0.600,0
5.529,-14.87,3.38,-0.600,0
5.530,-14.87,3.38,-0.600,0
5.530,-14.87,3.38,-0.600,0
5.530,-14.87,3.42,-0.600,0
5.530,-14.87,3.42,-0.600,0
5.531,-14.87,3.42,-0.600,0
5.531,-14.87,3.42,-0.600,0
5.531,-14.87,3.45,-0.600,0
5.531,-14.87,3.45,-0.600,0
5.532,-14.87,3.45,-0.600,0
5.532,-14.87,3.48,-0.600,0
5.532,-14.87,3.48,-0.600,0
5.533,-14.87,3.48,-0.600,0
5.533,-14.87,3.48,-0.600,0
5.533,-14.87,3.51,-0.600,0
5.533,-14.87,3.51,-0.600,0
5.534,-14.87,3.51,-0.600,0
5.534,-14.87,3.51,-0.600,0
5.534,-14.87,3.55,-0.600,0
5.534,-14.87,3.55,-0.600,0
5.535,-14.87,3.55,-0.600,0
5.535,-14.87,3.55,-0.600,0
5.535,-14.87,3.58,-0.600,0
5.535,-14.87,3.58,-0.600,0
5.536,-14.87,3.58,-0.600,0
5.536,-14.87,3.58,-0.600,0
5.536,-14.87,3.61,-0.600,0
5.536,-14.87,3.61,-0.600,0
5.537,-14.87,3.61,-0.600,0
5.537,-14.87,3.64,-0.600,0
5.537,-14.87,3.64,-0.600,0
5.537,-14.87,3.64,-0.600,0
5.538,-14.87,3.64,-0.600,0
5.538,-14.87,3.68,-0.600,0
5.538,-14.87,3.68,-0.600,0
5.539,-14.87,3.68,-0.600,0
5.539,-14.87,3.68,-0.600,0
5.539,-14.87,3.71,-0.600,0
5.539,-14.87,3.71,-0.600,0
5.540,-14.87,3.71,-0.600,0
5.540,-14.87,3.74,-0.600,0
5.540,-14.87,3.74,-0.600,0
5.540,-14.87,3.74,-0.600,0
5.541,-14.87,3.74,-0.600,0
5.541,-14.87,3.74,-0.600,0
5.541,-14.87,3.78,-0.600,0
5.541,-14.87,3.78,-0.600,0
5.542,-14.87,3.78,-0.600,0
5.542,-14.87,3.78,-0.600,0
5.542,-14.87,3.81,-0.600,0
5.542,-14.87,3.81,-0.600,0
5.542,-14.87,3.81,-0.600,0
5.543,-14.87,3.81,-0.600,0
5.543,-14.87,3.84,-0.600,0
5.543,-14.87,3.84,-0.600,0
5.543,-14.87,3.84,-0.600,0
5.544,-14.87,3.84,-0.600,0
5.544,-14.87,3.84,-0.600,0
5.544,-14.87,3.87,-0.600,0
5.544,-14.87,3.87,-0.600,0
5.545,-14.87,3.87,-0.600,0
5.545,-14.87,3.90,-0.600,0
5.545,-14.87,3.90,-0.600,0
5.545,-14.87,3.90,-0.600,0
5.546,-14.87,3.90,-0.600,0
5.546,-14.87,3.94,-0.600,0
5.546,-14.87,3.94,-0.600,0
5.546,-14.87,3.94,-0.600,0
5.547,-14.87,3.94,-0.600,0
5.547,-14.87,3.94,-0.600,0
5.547,-14.87,3.97,-0.600,0
5.547,-14.87,3.97,-0.600,0
5.547,-14.87,3.97,-0.600,0
5.548,-14.87,3.97,-0.600,0
5.548,-14.87,4.00,-0.600,0
5.548,-14.87,4.00,-0.600,0
5.548,-14.87,4.00,-0.600,0
5.549,-14.87,4.00,-0.600,0
5.549,-14.87,4.00,-0.600,0
5.549,-14.87,4.04,-0.600,0
5.549,-14.87,4.04,-0.600,0
5.550,-14.87,4.04,-0.600,0
5.550,-14.87,4.04,-0.600,0
5.550,-14.87,4.07,-0.600,0
5.550,-14.87,4.07,-0.600,0
5.550,-14.87,4.07,-0.600,0
5.551,-14.87,4.07,-0.600,0
5.551,-14.87,4.10,-0.600,0
5.551,-14.87,4.10,-0.600,0
5.552,-14.87,4.10,-0.600,0
5.552,-14.87,4.13,-0.600,0
5.552,-14.87,4.13,-0.600,0
5.553,-14.87,4.13,-0.600,0
5.553,-14.87,4.17,-0.600,0
5.553,-14.87,4.17,-0.600,0
5.553,-14.87,4.17,-0.600,0
5.554,-14.87,4.17,-0.600,0
5.554,-14.87,4.20,-0.600,0
5.554,-14.87,4.20,-0.600,0
5.554,-14.87,4.20,-0.600,0
5.555,-14.87,4.20,-0.600,0
5.555,-14.87,4.20,-0.600,0
5.555,-14.87,4.23,-0.600,0
5.555,-14.87,4.23,-0.600,0
5.556,-14.87,4.23,-0.600,0
5.556,-14.87,4.23,-0.600,0
5.556,-14.87,4.26,-0.600,0
5.556,-14.87,4.26,-0.600,0
5.556,-14.87,4.26,-0.600,0
5.557,-14.87,4.26,-0.600,0
5.557,-14.87,4.26,-0.600,0
5.557,-14.87,4.30,-0.600,0
5.557,-14.87,4.30,-0.600,0
5.558,-14.87,4.30,-0.600,0
5.558,-14.87,4.33,-0.600,0
5.558,-14.87,4.33,-0.600,0
5.558,-14.87,4.33,-0.600,0
5.559,-14.87,4.33,-0.600,0
5.559,-14.87,4.36,-0.600,0
5.559,-14.87,4.36,-0.600,0
5.559,-14.87,4.36,-0.600,0
5.560,-14.87,4.36,-0.600,0
5.560,-14.87,4.39,-0.600,0
5.560,-14.87,4.39,-0.600,0
5.560,-14.87,4.39,-0.600,0
5.561,-14.87,4.39,-0.600,0
5.561,-14.87,4.43,-0.600,0
5.561,-14.87,4.43,-0.600,0
5.561,-14.87,4.43,-0.600,0
5.562,-14.87,4.43,-0.600,0
5.562,-14.87,4.46,-0.600,0
5.562,-14.87,4.46,-0.600,0
5.562,-14.87,4.46,-0.600,0
5.562,-14.87,4.46,-0.600,0
5.563,-14.87,4.46,-0.600,0
5.563,-14.87,4.49,-0.600,0
5.563,-14.87,4.49,-0.600,0
5.563,-14.87,4.49,-0.600,0
5.564,-14.87,4.49,-0.600,0
5.564,-14.87,4.52,-0.600,0
5.564,-14.87,4.52,-0.600,0
5.564,-14.87,4.52,-0.600,0
5.565,-14.87,4.52,-0.600,0
5.565,-14.87,4.56,-0.600,0
5.565,-14.87,4.56,-0.600,0
5.565,-14.87,4.56,-0.600,0
5.566,-14.87,4.56,-0.600,0
5.566,-14.87,4.59,-0.600,0
5.566,-14.87,4.59,-0.600,0
5.566,-14.87,4.59,-0.600,0
5.567,-14.87,4.59,-0.600,0
5.567,-14.87,4.59,-0.600,0
5.567,-14.87,4.62,-0.600,0
5.567,-14.87,4.62,-0.600,0
5.568,-14.87,4.62,-0.600,0
5.568,-14.87,4.65,-0.600,0
5.568,-14.87,4.65,-0.600,0
5.569,-14.87,4.65,-0.600,0
5.569,-14.87,4.69,-0.600,0
5.569,-14.87,4.69,-0.600,1
5.569,-10.02,4.69,-0.600,0
5.570,-10.02,4.69,-0.600,0
5.570,-10.02,4.72,-0.600,0
5.570,-10.02,4.72,-0.600,0
5.570,-10.02,4.72,-0.600,0
5.571,-10.02,4.72,-0.600,0
5.571,-10.02,4.75,-0.600,0
5.571,-10.02,4.75,-0.600,0
5.571,-10.02,4.75,-0.600,0
5.572,-10.02,4.75,-0.600,0
5.572,-10.02,4.78,-0.600,0
5.572,-10.02,4.78,-0.600,0
5.573,-10.02,4.78,-0.600,0
5.573,-10.02,4.78,-0.600,0
5.573,-10.02,4.82,-0.600,0
5.573,-10.02,4.82,-0.600,0
5.573,-10.02,4.82,-0.600,0
5.574,-10.02,4.85,-0.600,0
5.574,-10.02,4.85,-0.600,0
5.574,-10.02,4.85,-0.600,0
5.574,-10.02,4.85,-0.600,0
5.575,-10.02,4.85,-0.600,0
5.575,-10.02,4.88,-0.600,0
5.575,-10.02,4.88,-0.600,0
5.575,-10.02,4.88,-0.600,0
5.576,-10.02,4.88,-0.600,0
5.576,-10.02,4.91,-0.600,0
5.576,-10.02,4.91,-0.600,0
5.576,-10.02,4.91,-0.600,0
5.577,-10.02,4.91,-0.600,0
5.577,-10.02,4.95,-0.600,0
5.577,-10.02,4.95,-0.600,0
5.577,-10.02,4.95,-0.600,0
5.578,-10.02,4.95,-0.600,0
5.578,-10.02,4.98,-0.600,0
5.578,-10.02,4.98,-0.600,0
5.578,-10.02,4.98,-0.600,0
5.579,-10.02,4.98,-0.600,0
5.579,-10.02,4.98,-0.600,0
5.579,-10.02,5.01,-0.600,0
5.579,-10.02,5.01,-0.600,0
5.580,-10.02,5.01,-0.600,0
5.580,-10.02,5.04,-0.600,0
5.580,-10.02,5.04,-0.600,0
5.580,-10.02,5.04,-0.600,0
5.581,-10.02,5.04,-0.600,0
5.581,-10.02,5.08,-0.600,0
5.581,-10.02,5.08,-0.600,0
5.581,-10.02,5.08,-0.600,0
5.582,-10.02,5.08,-0.600,0
5.582,-10.02,5.11,-0.600,0
5.582,-10.02,5.11,-0.600,0
5.582,-10.02,5.11,-0.600,0
5.582,-10.02,5.11,-0.600,0
5.583,-10.02,5.11,-0.600,0
5.583,-10.02,5.14,-0.600,0
5.583,-10.02,5.14,-0.600,0
5.583,-10.02,5.14,-0.600,0
5.584,-10.02,5.14,-0.600,0
5.584,-10.02,5.17,-0.600,0
5.584,-10.02,5.17,-0.600,0
5.584,-10.02,5.17,-0.600,0
5.584,-10.02,5.17,-0.600,0
5.585,-10.02,5.17,-0.600,0
5.585,-10.02,5.21,-0.600,0
5.585,-10.02,5.21,-0.600,0
5.585,-10.02,5.21,-0.600,0
5.586,-10.02,5.21,-0.600,0
5.586,-10.02,5.24,-0.600,0
5.586,-10.02,5.24,-0.600,0
5.586,-10.02,5.24,-0.600,0
5.587,-10.02,5.24,-0.600,0
5.587,-10.02,5.27,-0.600,0
5.587,-10.02,5.27,-0.600,0
5.587,-10.02,5.27,-0.600,0
5.588,-10.02,5.27,-0.600,0
5.588,-10.02,5.30,-0.600,0
5.588,-10.02,5.30,-0.600,0
5.588,-10.02,5.30,-0.600,0
5.588,-10.02,5.30,-0.600,0
5.589,-10.02,5.30,-0.600,0
5.589,-10.02,5.34,-0.600,0
5.589,-10.02,5.34,-0.600,0
5.589,-10.02,5.34,-0.600,0
5.590,-10.02,5.34,-0.600,0
5.590,-10.02,5.37,-0.600,0
5.590,-10.02,5.37,-0.600,0
5.590,-10.02,5.37,-0.600,0
5.590,-10.02,5.37,-0.600,0
5.591,-10.02,5.40,-0.600,0
5.591,-10.02,5.40,-0.600,0
5.591,-10.02,5.40,-0.600,0
5.591,-10.02,5.40,-0.600,0
5.592,-10.02,5.40,-0.600,0
5.592,-10.02,5.43,-0.600,0
5.592,-10.02,5.43,-0.600,0
5.592,-10.02,5.43,-0.600,0
5.593,-10.02,5.43,-0.600,0
5.593,-10.02,5.47,-0.600,0
5.593,-10.02,5.47,-0.600,0
5.593,-10.02,5.47,-0.600,0
5.594,-10.02,5.47,-0.600,0
5.594,-10.02,5.50,-0.600,0
5.594,-10.02,5.50,-0.600,0
5.594,-10.02,5.50,-0.600,0
5.595,-10.02,5.50,-0.600,0
5.595,-10.02,5.53,-0.600,0
5.595,-10.02,5.53,-0.600,0
5.595,-10.02,5.53,-0.600,0
5.595,-10.02,5.53,-0.600,0
5.596,-10.02,5.56,-0.600,0
5.596,-10.02,5.56,-0.600,0
5.596,-10.02,5.56,-0.600,0
5.596,-10.02,5.56,-0.600,0
5.597,-10.02,5.56,-0.600,0
5.597,-10.02,5.60,-0.600,0
5.597,-10.02,5.60,-0.600,0
5.597,-10.02,5.60,-0.600,0
5.598,-10.02,5.60,-0.600,0
5.598,-10.02,5.63,-0.600,0
5.598,-10.02,5.63,-0.600,0
5.598,-10.02,5.63,-0.600,0
5.599,-10.02,5.63,-0.600,0
5.599,-10.02,5.66,-0.600,0
5.599,-10.02,5.66,-0.600,0
5.599,-10.02,5.66,-0.600,0
5.600,-10.02,5.66,-0.600,0
5.600,-10.02,5.69,-0.600,0
5.600,-10.02,5.69,-0.600,0
5.601,-10.02,5.69,-0.600,0
5.601,-10.02,5.73,-0.600,0
5.601,-10.02,5.73,-0.600,0
5.602,-10.02,5.73,-0.600,0
5.602,-10.02,5.76,-0.600,0
5.602,-10.02,5.76,-0.600,0
5.602,-10.02,5.76,-0.600,0
5.603,-10.02,5.79,-0.600,0
5.603,-10.02,5.79,-0.600,0
5.603,-10.02,5.79,-0.600,0
5.603,-10.02,5.79,-0.600,0
5.604,-10.02,5.82,-0.600,0
5.604,-10.02,5.82,-0.600,0
5.604,-10.02,5.82,-0.600,0
5.604,-10.02,5.82,-0.600,0
5.605,-10.02,5.82,-0.600,0
5.605,-10.02,5.86,-0.600,0
5.605,-10.02,5.86,-0.600,0
5.605,-10.02,5.86,-0.600,0
5.606,-10.02,5.86,-0.600,0
5.606,-10.02,5.89,-0.600,0
5.606,-10.02,5.89,-0.600,0
5.606,-10.02,5.89,-0.600,0
5.607,-10.02,5.89,-0.600,0
5.607,-10.02,5.92,-0.600,0
5.607,-10.02,5.92,-0.600,0
5.608,-10.02,5.92,-0.600,0
5.608,-10.02,5.95,-0.600,0
5.608,-10.02,5.95,-0.600,0
5.608,-10.02,5.95,-0.600,0
5.609,-10.02,5.95,-0.600,0
5.609,-10.02,5.99,-0.600,0
5.609,-10.02,5.99,-0.600,0
5.609,-10.02,5.99,-0.600,0
5.609,-10.02,5.99,-0.600,0
5.610,-10.02,6.02,-0.600,0
5.610,-10.02,6.02,-0.600,0
5.610,-10.02,6.02,-0.600,0
5.610,-10.02,6.02,-0.600,0
5.611,-10.02,6.02,-0.600,0
5.611,-10.02,6.05,-0.600,0
5.611,-10.02,6.05,-0.600,0
5.611,-10.02,6.05,-0.600,0
5.612,-10.02,6.05,-0.600,0
5.612,-10.02,6.08,-0.600,0
5.612,-10.02,6.08,-0.600,0
5.612,-10.02,6.08,-0.600,0
5.612,-10.02,6.08,-0.600,0
5.613,-10.02,6.12,-0.600,0
5.613,-10.02,6.12,-0.600,0
5.613,-10.02,6.12,-0.600,0
5.613,-10.02,6.12,-0.600,0
5.614,-10.02,6.15,-0.600,0
5.614,-10.02,6.15,-0.600,0
5.614,-10.02,6.15,-0.600,0
5.614,-10.02,6.15,-0.600,0
5.615,-10.02,6.18,-0.600,0
5.615,-10.02,6.18,-0.600,0
5.615,-10.02,6.18,-0.600,0
5.616,-10.02,6.18,-0.600,0
5.616,-10.02,6.22,-0.600,0
5.616,-10.02,6.22,-0.600,0
5.616,-10.02,6.22,-0.600,0
5.616,-10.02,6.22,-0.600,0
5.617,-10.02,6.25,-0.600,0
5.617,-10.02,6.25,-0.600,0
5.617,-10.02,6.25,-0.600,0
5.617,-10.02,6.25,-0.600,0
5.618,-10.02,6.25,-0.600,0
5.618,-10.02,6.28,-0.600,0
5.618,-10.02,6.28,-0.600,0
5.618,-10.02,6.28,-0.600,0
5.618,-10.02,6.28,-0.600,0
5.619,-10.02,6.31,-0.600,0
5.619,-10.02,6.31,-0.600,0
5.619,-10.02,6.31,-0.600,0
5.619,-10.02,6.31,-0.600,0
5.620,-10.02,6.31,-0.600,0
5.620,-10.02,6.35,-0.600,0
5.620,-10.02,6.35,-0.600,0
5.620,-10.02,6.35,-0.600,0
5.621,-10.02,6.35,-0.600,0
5.621,-10.02,6.38,-0.600,0
5.621,-10.02,6.38,-0.600,0
5.621,-10.02,6.38,-0.600,0
5.622,-10.02,6.38,-0.600,0
5.622,-10.02,6.41,-0.600,0
5.622,-10.02,6.41,-0.600,0
5.622,-10.02,6.41,-0.600,0
5.623,-10.02,6.41,-0.600,0
5.623,-10.02,6.44,-0.600,0
5.623,-10.02,6.44,-0.600,0
5.623,-10.02,6.44,-0.600,0
5.624,-10.02,6.47,-0.600,0
5.624,-10.02,6.47,-0.600,0
5.624,-10.02,6.47,-0.600,0
5.624,-10.02,6.47,-0.600,0
5.625,-10.02,6.47,-0.600,0
5.625,-10.02,6.51,-0.600,0
5.625,-10.02,6.51,-0.600,0
5.625,-10.02,6.51,-0.600,0
5.626,-10.02,6.51,-0.600,0
5.626,-10.02,6.54,-0.600,0
5.626,-10.02,6.54,-0.600,0
5.626,-10.02,6.54,-0.600,0
5.627,-10.02,6.54,-0.600,0
5.627,-10.02,6.57,-0.600,0
5.627,-10.02,6.57,-0.600,0
5.627,-10.02,6.57,-0.600,0
5.628,-10.02,6.60,-0.600,0
5.628,-10.02,6.60,-0.600,0
5.629,-10.02,6.60,-0.600,0
5.629,-10.02,6.64,-0.600,0
5.629,-10.02,6.64,-0.600,0
5.629,-10.02,6.64,-0.600,0
5.630,-10.02,6.64,-0.600,0
5.630,-10.02,6.67,-0.600,0
5.630,-10.02,6.67,-0.600,0
5.630,-10.02,6.67,-0.600,0
5.630,-10.02,6.67,-0.600,0
5.631,-10.02,6.70,-0.600,0
5.631,-10.02,6.70,-0.600,0
5.631,-10.02,6.70,-0.600,0
5.631,-10.02,6.70,-0.600,0
5.632,-10.02,6.73,-0.600,0
5.632,-10.02,6.73,-0.600,0
5.632,-10.02,6.73,-0.600,0
5.632,-10.02,6.73,-0.600,0
5.633,-10.02,6.77,-0.600,0
5.633,-10.02,6.77,-0.600,0
5.633,-10.02,6.77,-0.600,0
5.633,-10.02,6.77,-0.600,0
5.634,-10.02,6.77,-0.600,0
5.634,-10.02,6.80,-0.600,0
5.634,-10.02,6.80,-0.600,0
5.635,-10.02,6.80,-0.600,0
5.635,-10.02,6.83,-0.600,0
5.635,-10.02,6.83,-0.600,0
5.635,-10.02,6.83,-0.600,0
5.636,-10.02,6.87,-0.600,0
5.636,-10.02,6.87,-0.600,0
5.636,-10.02,6.87,-0.600,0
5.636,-10.02,6.87,-0.600,0
5.637,-10.02,6.90,-0.600,0
5.637,-10.02,6.90,-0.600,0
5.637,-10.02,6.90,-0.600,0
5.637,-10.02,6.90,-0.600,0
5.638,-10.02,6.90,-0.600,0
5.638,-10.02,6.93,-0.600,0
5.638,-10.02,6.93,-0.600,0
5.638,-10.02,6.93,-0.600,0
5.639,-10.02,6.93,-0.600,0
5.639,-10.02,6.96,-0.600,0
5.639,-10.02,6.96,-0.600,0
5.639,-10.02,6.96,-0.600,0
5.640,-10.02,6.96,-0.600,0
5.640,-10.02,7.00,-0.600,0
5.640,-10.02,7.00,-0.600,0
5.640,-10.02,7.00,-0.600,0
5.640,-10.02,7.00,-0.600,0
5.641,-10.02,7.03,-0.600,0
5.641,-10.02,7.03,-0.600,0
5.641,-10.02,7.03,-0.600,0
5.642,-10.02,7.03,-0.600,0
5.642,-10.02,7.06,-0.600,0
5.642,-10.02,7.06,-0.600,0
5.642,-10.02,7.06,-0.600,0
5.643,-10.02,7.06,-0.600,0
5.643,-10.02,7.09,-0.600,0
5.643,-10.02,7.09,-0.600,0
5.643,-10.02,7.09,-0.600,0
5.644,-10.02,7.09,-0.600,0
5.644,-10.02,7.12,-0.600,0
5.644,-10.02,7.12,-0.600,0
5.644,-10.02,7.12,-0.600,0
5.644,-10.02,7.12,-0.600,0
5.645,-10.02,7.16,-0.600,0
5.645,-10.02,7.16,-0.600,0
5.645,-10.02,7.16,-0.600,0
5.645,-10.02,7.16,-0.600,0
5.646,-10.02,7.19,-0.600,0
5.646,-10.02,7.19,-0.600,0
5.646,-10.02,7.19,-0.600,0
5.646,-10.02,7.19,-0.600,0
5.647,-10.02,7.22,-0.600,0
5.647,-10.02,7.22,-0.600,0
5.647,-10.02,7.22,-0.600,0
5.647,-10.02,7.22,-0.600,0
5.648,-10.02,7.22,-0.600,0
5.648,-10.02,7.25,-0.600,0
5.648,-10.02,7.25,-0.600,0
5.648,-10.02,7.25,-0.600,0
5.649,-10.02,7.25,-0.600,0
5.649,-10.02,7.29,-0.600,0
5.649,-10.02,7.29,-0.600,0
5.650,-10.02,7.29,-0.600,0
5.650,-10.02,7.32,-0.600,0
5.650,-10.02,7.32,-0.600,0
5.651,-10.02,7.35,-0.600,0
5.651,-10.02,7.35,-0.600,0
5.651,-10.02,7.35,-0.600,0
5.652,-10.02,7.39,-0.600,0
5.652,-10.02,7.39,-0.600,0
5.652,-10.02,7.39,-0.600,0
5.652,-10.02,7.39,-0.600,0
5.653,-10.02,7.42,-0.600,0
5.653,-10.02,7.42,-0.600,0
5.653,-10.02,7.42,-0.600,0
5.653,-10.02,7.42,-0.600,0
5.654,-10.02,7.45,-0.600,0
5.654,-10.02,7.45,-0.600,0
5.654,-10.02,7.45,-0.600,0
5.654,-10.02,7.45,-0.600,0
5.655,-10.02,7.48,-0.600,0
5.655,-10.02,7.48,-0.600,0
5.655,-10.02,7.48,-0.600,0
5.655,-10.02,7.48,-0.600,0
5.656,-10.02,7.52,-0.600,0
5.656,-10.02,7.52,-0.600,0
5.656,-10.02,7.52,-0.600,0
5.657,-10.02,7.55,-0.600,0
5.657,-10.02,7.55,-0.600,0
5.657,-10.02,7.55,-0.600,0
5.658,-10.02,7.58,-0.600,0
5.658,-10.02,7.58,-0.600,0
5.658,-10.02,7.58,-0.600,0
5.658,-10.02,7.58,-0.600,0
5.659,-10.02,7.61,-0.600,0
5.659,-10.02,7.61,-0.600,0
5.660,-10.02,7.65,-0.600,0
5.660,-10.02,7.65,-0.600,0
5.661,-10.02,7.65,-0.600,0
5.661,-10.02,7.68,-0.600,0
5.661,-10.02,7.68,-0.600,0
5.661,-10.02,7.68,-0.600,0
5.662,-10.02,7.68,-0.600,0
5.662,-10.02,7.71,-0.600,0
5.662,-10.02,7.71,-0.600,0
5.662,-10.02,7.71,-0.600,0
5.663,-10.02,7.74,-0.600,0
5.663,-10.02,7.74,-0.600,0
5.663,-10.02,7.74,-0.600,0
5.664,-10.02,7.78,-0.600,0
5.664,-10.02,7.78,-0.600,0
5.664,-10.02,7.78,-0.600,0
5.664,-10.02,7.78,-0.600,0
5.665,-10.02,7.81,-0.600,0
5.665,-10.02,7.81,-0.600,0
5.665,-10.02,7.81,-0.600,0
5.665,-10.02,7.81,-0.600,0
5.666,-10.02,7.84,-0.600,0
5.666,-10.02,7.84,-0.600,0
5.666,-10.02,7.84,-0.600,0
5.666,-10.02,7.84,-0.600,0
5.667,-10.02,7.87,-0.600,0
5.667,-10.02,7.87,-0.600,0
5.667,-10.02,7.87,-0.600,0
5.667,-10.02,7.87,-0.600,0
5.668,-10.02,7.91,-0.600,0
5.668,-10.02,7.91,-0.600,0
5.668,-10.02,7.91,-0.600,0
5.668,-10.02,7.91,-0.600,0
5.669,-10.02,7.91,-0.600,0
5.669,-10.02,7.94,-0.600,0
5.669,-10.02,7.94,-0.600,0
5.669,-10.02,7.94,-0.600,0
5.670,-10.02,7.97,-0.600,0
5.670,-10.02,7.97,-0.600,0
5.670,-10.02,7.97,-0.600,0
5.671,-10.02,7.97,-0.600,0
5.671,-10.02,8.00,-0.600,0
5.671,-10.02,8.00,-0.600,0
5.671,-10.02,8.00,-0.600,0
5.672,-10.02,8.04,-0.600,0
5.672,-10.02,8.04,-0.600,0
5.672,-10.02,8.04,-0.600,0
5.672,-10.02,8.04,-0.600,0
5.673,-10.02,8.04,-0.600,0
5.673,-10.02,8.07,-0.600,0
5.673,-10.02,8.07,-0.600,0
5.673,-10.02,8.07,-0.600,0
5.673,-10.02,8.07,-0.600,0
5.674,-10.02,8.10,-0.600,0
5.674,-10.02,8.10,-0.600,0
5.674,-10.02,8.10,-0.600,0
5.675,-10.02,8.10,-0.600,0
5.675,-10.02,8.13,-0.600,0
5.675,-10.02,8.13,-0.600,0
5.675,-10.02,8.13,-0.600,0
5.675,-10.02,8.13,-0.600,0
5.676,-10.02,8.17,-0.600,0
5.676,-10.02,8.17,-0.600,0
5.676,-10.02,8.17,-0.600,0
5.676,-10.02,8.17,-0.600,0
5.677,-10.02,8.20,-0.600,0
5.677,-10.02,8.20,-0.600,0
5.677,-10.02,8.20,-0.600,0
5.678,-10.02,8.23,-0.600,0
5.678,-10.02,8.23,-0.600,0
5.678,-10.02,8.23,-0.600,0
5.678,-10.02,8.23,-0.600,0
5.679,-10.02,8.26,-0.600,0
5.679,-10.02,8.26,-0.600,0
5.679,-10.02,8.26,-0.600,0
5.679,-10.02,8.26,-0.600,0
5.680,-10.02,8.26,-0.600,0
5.680,-10.02,8.30,-0.600,0
5.680,-10.02,8.30,-0.600,0
5.680,-10.02,8.30,-0.600,0
5.681,-10.02,8.33,-0.600,0
5.681,-10.02,8.33,-0.600,0
5.681,-10.02,8.33,-0.600,0
5.681,-10.02,8.33,-0.600,0
5.682,-10.02,8.36,-0.600,0
5.682,-10.02,8.36,-0.600,0
5.682,-10.02,8.36,-0.600,0
5.682,-10.02,8.36,-0.600,0
5.683,-10.02,8.36,-0.600,0
5.683,-10.02,8.39,-0.600,0
5.683,-10.02,8.39,-0.600,0
5.683,-10.02,8.39,-0.600,0
5.684,-10.02,8.43,-0.600,0
5.684,-10.02,8.43,-0.600,0
5.684,-10.02,8.43,-0.600,0
5.684,-10.02,8.43,-0.600,0
5.685,-10.02,8.46,-0.600,0
5.685,-10.02,8.46,-0.600,0
5.685,-10.02,8.46,-0.600,0
5.685,-10.02,8.46,-0.600,0
5.686,-10.02,8.49,-0.600,0
5.686,-10.02,8.49,-0.600,0
5.686,-10.02,8.49,-0.600,0
5.686,-10.02,8.49,-0.600,0
5.687,-10.02,8.52,-0.600,0
5.687,-10.02,8.52,-0.600,0
5.687,-10.02,8.52,-0.600,0
5.687,-10.02,8.52,-0.600,0
5.688,-10.02,8.56,-0.600,0
5.688,-10.02,8.56,-0.600,0
5.688,-10.02,8.56,-0.600,0
5.689,-10.02,8.56,-0.600,0
5.689,-10.02,8.59,-0.600,0
5.689,-10.02,8.59,-0.600,0
5.689,-10.02,8.59,-0.600,0
5.690,-10.02,8.62,-0.600,0
5.690,-10.02,8.62,-0.600,0
5.690,-10.02,8.62,-0.600,0
5.690,-10.02,8.62,-0.600,0
5.691,-10.02,8.65,-0.600,0
5.691,-10.02,8.65,-0.600,0
5.691,-10.02,8.65,-0.600,0
5.691,-10.02,8.65,-0.600,0
5.692,-10.02,8.69,-0.600,0
5.692,-10.02,8.69,-0.600,0
5.692,-10.02,8.69,-0.600,0
5.692,-10.02,8.69,-0.600,0
5.693,-10.02,8.72,-0.600,0
5.693,-10.02,8.72,-0.600,0
5.693,-10.02,8.72,-0.600,0
5.694,-10.02,8.75,-0.600,0
5.694,-10.02,8.75,-0.600,0
5.694,-10.02,8.75,-0.600,0
5.694,-10.02,8.75,-0.600,0
5.695,-10.02,8.75,-0.600,0
5.695,-10.02,8.78,-0.600,0
5.695,-10.02,8.78,-0.600,0
5.695,-10.02,8.78,-0.600,0
5.696,-10.02,8.78,-0.600,0
5.696,-10.02,8.82,-0.600,0
5.696,-10.02,8.82,-0.600,0
5.696,-10.02,8.82,-0.600,0
5.697,-10.02,8.85,-0.600,0
5.697,-10.02,8.85,-0.600,0
5.697,-10.02,8.85,-0.600,0
5.697,-10.02,8.85,-0.600,0
5.698,-10.02,8.88,-0.600,0
5.698,-10.02,8.88,-0.600,0
5.698,-10.02,8.88,-0.600,0
5.699,-10.02,8.88,-0.600,0
5.699,-10.02,8.91,-0.600,0
5.699,-10.02,8.91,-0.600,0
5.699,-10.02,8.91,-0.600,0
5.700,-10.02,8.95,-0.600,0
5.700,-10.02,8.95,-0.600,0
5.700,-10.02,8.95,-0.600,0
5.700,-10.02,8.95,-0.600,0
5.700,-10.02,8.95,-0.600,0
5.701,-10.02,8.98,-0.600,0
5.701,-10.02,8.98,-0.600,0
5.701,-10.02,8.98,-0.600,0
5.701,-10.02,8.98,-0.600,0
5.702,-10.02,9.01,-0.600,0
5.702,-10.02,9.01,-0.600,0
5.702,-10.02,9.01,-0.600,0
5.702,-10.02,9.01,-0.600,0
5.703,-10.02,9.04,-0.600,0
5.703,-10.02,9.04,-0.600,0
5.703,-10.02,9.04,-0.600,0
5.703,-10.02,9.04,-0.600,0
5.704,-10.02,9.08,-0.600,0
5.704,-10.02,9.08,-0.600,0
5.704,-10.02,9.08,-0.600,0
5.704,-10.02,9.08,-0.600,0
5.705,-10.02,9.11,-0.600,0
5.705,-10.02,9.11,-0.600,0
5.705,-10.02,9.11,-0.600,0
5.706,-10.02,9.11,-0.600,0
5.706,-10.02,9.14,-0.600,0
5.706,-10.02,9.14,-0.600,0
5.706,-10.02,9.14,-0.600,0
5.707,-10.02,9.17,-0.600,0
5.707,-10.02,9.17,-0.600,0
5.707,-10.02,9.17,-0.600,0
5.707,-10.02,9.17,-0.600,0
5.708,-10.02,9.21,-0.600,0
5.708,-10.02,9.21,-0.600,0
5.708,-10.02,9.21,-0.600,0
5.708,-10.02,9.21,-0.600,0
5.709,-10.02,9.21,-0.600,0
5.709,-10.02,9.24,-0.600,0
5.709,-10.02,9.24,-0.600,0
5.709,-10.02,9.24,-0.600,0
5.710,-10.02,9.24,-0.600,0
5.710,-10.02,9.27,-0.600,0
5.710,-10.02,9.27,-0.600,0
5.710,-10.02,9.27,-0.600,0
5.711,-10.02,9.27,-0.600,0
5.711,-10.02,9.30,-0.600,0
5.711,-10.02,9.30,-0.600,0
5.711,-10.02,9.30,-0.600,0
5.712,-10.02,9.34,-0.600,0
5.712,-10.02,9.34,-0.600,0
5.712,-10.02,9.34,-0.600,0
5.712,-10.02,9.34,-0.600,0
5.713,-10.02,9.37,-0.600,0
5.713,-10.02,9.37,-0.600,0
5.713,-10.02,9.37,-0.600,0
5.713,-10.02,9.37,-0.600,0
5.714,-10.02,9.40,-0.600,0
5.714,-10.02,9.40,-0.600,0
5.714,-10.02,9.40,-0.600,0
5.714,-10.02,9.40,-0.600,0
5.715,-10.02,9.43,-0.600,0
5.715,-10.02,9.43,-0.600,0
5.715,-10.02,9.43,-0.600,0
5.715,-10.02,9.43,-0.600,0
5.716,-10.02,9.46,-0.600,0
5.716,-10.02,9.46,-0.600,0
5.716,-10.02,9.46,-0.600,0
5.716,-10.02,9.46,-0.600,0
5.717,-10.02,9.50,-0.600,0
5.717,-10.02,9.50,-0.600,0
5.717,-10.02,9.50,-0.600,0
5.717,-10.02,9.50,-0.600,0
5.718,-10.02,9.53,-0.600,0
5.718,-10.02,9.53,-0.600,0
5.718,-10.02,9.53,-0.600,0
5.718,-10.02,9.53,-0.600,0
5.719,-10.02,9.56,-0.600,0
5.719,-10.02,9.56,-0.600,0
5.719,-10.02,9.56,-0.600,0
5.719,-10.02,9.56,-0.600,0
5.720,-10.02,9.60,-0.600,0
5.720,-10.02,9.60,-0.600,0
5.720,-10.02,9.60,-0.600,0
5.720,-10.02,9.60,-0.600,0
5.721,-10.02,9.63,-0.600,0
5.721,-10.02,9.63,-0.600,0
5.721,-10.02,9.63,-0.600,0
5.721,-10.02,9.63,-0.600,0
5.722,-10.02,9.66,-0.600,0
5.722,-10.02,9.66,-0.600,0
5.722,-10.02,9.66,-0.600,0
5.722,-10.02,9.66,-0.600,0
5.723,-10.02,9.69,-0.600,0
5.723,-10.02,9.69,-0.600,0
5.723,-10.02,9.69,-0.600,0
5.724,-10.02,9.73,-0.600,0
5.724,-10.02,9.73,-0.600,0
5.724,-10.02,9.73,-0.600,0
5.724,-10.02,9.73,-0.600,0
5.725,-10.02,9.76,-0.600,0
5.725,-10.02,9.76,-0.600,0
5.725,-10.02,9.76,-0.600,0
5.725,-10.02,9.76,-0.600,0
5.726,-10.02,9.79,-0.600,0
5.726,-10.02,9.79,-0.600,0
5.726,-10.02,9.79,-0.600,0
5.727,-10.02,9.82,-0.600,0
5.727,-10.02,9.82,-0.600,0
5.727,-10.02,9.82,-0.600,0
5.727,-10.02,9.82,-0.600,0
5.728,-10.02,9.86,-0.600,0
5.728,-10.02,9.86,-0.600,0
5.728,-10.02,9.86,-0.600,0
5.728,-10.02,9.86,-0.600,0
5.729,-10.02,9.89,-0.600,0
5.729,-10.02,9.89,-0.600,0
5.729,-10.02,9.89,-0.600,0
5.729,-10.02,9.89,-0.600,0
5.730,-10.02,9.92,-0.600,0
5.730,-10.02,9.92,-0.600,0
5.730,-10.02,9.92,-0.600,0
5.730,-10.02,9.92,-0.600,0
5.731,-10.02,9.95,-0.600,0
5.731,-10.02,9.95,-0.600,0
5.731,-10.02,9.95,-0.600,0
5.731,-10.02,9.95,-0.600,0
5.732,-10.02,9.99,-0.600,0
5.732,-10.02,9.99,-0.600,0
5.732,-10.02,9.99,-0.600,0
5.733,-10.02,10.02,-0.600,0
5.733,-10.02,10.02,-0.600,0
5.733,-10.02,10.02,-0.600,0
5.733,-10.02,10.02,-0.600,0
5.734,-10.02,10.05,-0.600,0
5.734,-10.02,10.05,-0.600,0
5.734,-10.02,10.05,-0.600,0
5.734,-10.02,10.05,-0.600,0
5.735,-10.02,10.08,-0.600,0
5.735,-10.02,10.08,-0.600,0
5.735,-10.02,10.08,-0.600,0
5.735,-10.02,10.08,-0.600,0
5.736,-10.02,10.12,-0.600,0
5.736,-10.02,10.12,-0.600,0
5.736,-10.02,10.12,-0.600,0
5.736,-10.02,10.12,-0.600,0
5.737,-10.02,10.15,-0.600,0
5.737,-10.02,10.15,-0.600,0
5.737,-10.02,10.15,-0.600,0
5.737,-10.02,10.15,-0.600,0
5.738,-10.02,10.18,-0.600,0
5.738,-10.02,10.18,-0.600,0
5.738,-10.02,10.18,-0.600,0
5.738,-10.02,10.18,-0.600,0
5.739,-10.02,10.21,-0.600,0
5.739,-10.02,10.21,-0.600,0
5.739,-10.02,10.21,-0.600,0
5.739,-10.02,10.21,-0.600,0
5.740,-10.02,10.25,-0.600,0
5.740,-10.02,10.25,-0.600,0
5.740,-10.02,10.25,-0.600,0
5.740,-10.02,10.25,-0.600,0
5.741,-10.02,10.28,-0.600,0
5.741,-10.02,10.28,-0.600,0
5.741,-10.02,10.28,-0.600,0
5.741,-10.02,10.28,-0.600,0
5.742,-10.02,10.31,-0.600,0
5.742,-10.02,10.31,-0.600,0
5.742,-10.02,10.31,-0.600,0
5.742,-10.02,10.31,-0.600,0
5.743,-10.02,10.34,-0.600,0
5.743,-10.02,10.34,-0.600,0
5.743,-10.02,10.34,-0.600,0
5.743,-10.02,10.34,-0.600,0
5.743,-10.02,10.34,-0.600,0
5.744,-10.02,10.38,-0.600,0
5.744,-10.02,10.38,-0.600,0
5.744,-10.02,10.38,-0.600,0
5.744,-10.02,10.38,-0.600,0
5.745,-10.02,10.41,-0.600,0
5.745,-10.02,10.41,-0.600,0
5.745,-10.02,10.41,-0.600,0
5.746,-10.02,10.41,-0.600,0
5.746,-10.02,10.44,-0.600,0
5.746,-10.02,10.44,-0.600,0
5.747,-10.02,10.44,-0.600,0
5.747,-10.02,10.47,-0.600,0
5.747,-10.02,10.47,-0.600,0
5.747,-10.02,10.47,-0.600,0
5.748,-10.02,10.51,-0.600,0
5.748,-10.02,10.51,-0.600,0
5.748,-10.02,10.51,-0.600,0
5.748,-10.02,10.51,-0.600,0
5.749,-10.02,10.54,-0.600,0
5.749,-10.02,10.54,-0.600,0
5.749,-10.02,10.54,-0.600,0
5.750,-10.02,10.57,-0.600,0
5.750,-10.02,10.57,-0.600,0
5.750,-10.02,10.57,-0.600,0
5.750,-10.02,10.57,-0.600,0
5.751,-10.02,10.60,-0.600,0
5.751,-10.02,10.60,-0.600,0
5.751,-10.02,10.60,-0.600,0
5.751,-10.02,10.60,-0.600,0
5.752,-10.02,10.60,-0.600,0
5.752,-10.02,10.64,-0.600,0
5.752,-10.02,10.64,-0.600,0
5.752,-10.02,10.64,-0.600,0
5.753,-10.02,10.64,-0.600,0
5.753,-10.02,10.67,-0.600,0
5.753,-10.02,10.67,-0.600,0
5.753,-10.02,10.67,-0.600,0
5.753,-10.02,10.67,-0.600,0
5.754,-10.02,10.70,-0.600,0
5.754,-10.02,10.70,-0.600,0
5.754,-10.02,10.70,-0.600,0
5.754,-10.02,10.70,-0.600,0
5.755,-10.02,10.73,-0.600,0
5.755,-10.02,10.73,-0.600,0
5.755,-10.02,10.73,-0.600,0
5.755,-10.02,10.73,-0.600,0
5.756,-10.02,10.77,-0.600,0
5.756,-10.02,10.77,-0.600,0
5.756,-10.02,10.77,-0.600,0
5.756,-10.02,10.77,-0.600,0
5.757,-10.02,10.80,-0.600,0
5.757,-10.02,10.80,-0.600,0
5.757,-10.02,10.80,-0.600,0
5.757,-10.02,10.80,-0.600,0
5.758,-10.02,10.83,-0.600,0
5.758,-10.02,10.83,-0.600,0
5.758,-10.02,10.83,-0.600,0
5.758,-10.02,10.83,-0.600,0
5.759,-10.02,10.86,-0.600,0
5.759,-10.02,10.86,-0.600,0
5.759,-10.02,10.86,-0.600,0
5.760,-10.02,10.90,-0.600,0
5.760,-10.02,10.90,-0.600,0
5.760,-10.02,10.90,-0.600,0
5.760,-10.02,10.90,-0.600,0
5.761,-10.02,10.93,-0.600,0
5.761,-10.02,10.93,-0.600,0
5.761,-10.02,10.93,-0.600,0
5.762,-10.02,10.96,-0.600,0
5.762,-10.02,10.96,-0.600,0
5.762,-10.02,10.96,-0.600,0
5.763,-10.02,10.99,-0.600,0
5.763,-10.02,10.99,-0.600,0
5.763,-10.02,10.99,-0.600,0
5.764,-10.02,11.03,-0.600,0
5.764,-10.02,11.03,-0.600,0
5.764,-10.02,11.03,-0.600,0
5.764,-10.02,11.03,-0.600,0
5.764,-10.02,11.03,-0.600,0
5.765,-10.02,11.06,-0.600,0
5.765,-10.02,11.06,-0.600,0
5.765,-10.02,11.06,-0.600,0
5.765,-10.02,11.06,-0.600,0
5.766,-10.02,11.09,-0.600,0
5.766,-10.02,11.09,-0.600,0
5.766,-10.02,11.09,-0.600,0
5.767,-10.02,11.12,-0.600,0
5.767,-10.02,11.12,-0.600,0
5.767,-10.02,11.12,-0.600,0
5.768,-10.02,11.12,-0.600,0
5.768,-10.02,11.16,-0.600,0
5.768,-10.02,11.16,-0.600,0
5.768,-10.02,11.16,-0.600,0
5.769,-10.02,11.19,-0.600,0
5.769,-10.02,11.19,-0.600,0
5.769,-10.02,11.19,-0.600,0
5.769,-10.02,11.19,-0.600,0
5.770,-10.02,11.22,-0.600,0
5.770,-10.02,11.22,-0.600,0
5.770,-10.02,11.22,-0.600,0
5.770,-10.02,11.22,-0.600,0
5.771,-10.02,11.25,-0.600,0
5.771,-10.02,11.25,-0.600,0
5.771,-10.02,11.25,-0.600,0
5.771,-10.02,11.25,-0.600,0
5.772,-10.02,11.29,-0.600,0
5.772,-10.02,11.29,-0.600,0
5.772,-10.02,11.29,-0.600,0
5.772,-10.02,11.29,-0.600,0
5.773,-10.02,11.32,-0.600,0
5.773,-10.02,11.32,-0.600,0
5.773,-10.02,11.32,-0.600,0
5.773,-10.02,11.32,-0.600,0
5.774,-10.02,11.35,-0.600,0
5.774,-10.02,11.35,-0.600,0
5.774,-10.02,11.35,-0.600,0
5.774,-10.02,11.35,-0.600,0
5.775,-10.02,11.38,-0.600,0
5.775,-10.02,11.38,-0.600,0
5.775,-10.02,11.38,-0.600,0
5.775,-10.02,11.38,-0.600,0
5.776,-10.02,11.41,-0.600,0
5.776,-10.02,11.41,-0.600,0
5.776,-10.02,11.41,-0.600,0
5.776,-10.02,11.41,-0.600,0
5.777,-10.02,11.45,-0.600,0
5.777,-10.02,11.45,-0.600,0
5.777,-10.02,11.45,-0.600,0
5.777,-10.02,11.45,-0.600,0
5.778,-10.02,11.48,-0.600,0
5.778,-10.02,11.48,-0.600,0
5.778,-10.02,11.48,-0.600,0
5.778,-10.02,11.48,-0.600,0
5.779,-10.02,11.51,-0.600,0
5.779,-10.02,11.51,-0.600,0
5.779,-10.02,11.51,-0.600,0
5.779,-10.02,11.51,-0.600,0
5.780,-10.02,11.54,-0.600,0
5.780,-10.02,11.54,-0.600,0
5.780,-10.02,11.54,-0.600,0
5.781,-10.02,11.54,-0.600,0
5.781,-10.02,11.58,-0.600,0
5.782,-10.02,11.61,-0.600,0
5.782,-10.02,11.61,-0.600,0
5.782,-10.02,11.61,-0.600,0
5.783,-10.02,11.61,-0.600,0
5.783,-10.02,11.64,-0.600,0
5.783,-10.02,11.64,-0.600,0
5.783,-10.02,11.64,-0.600,0
5.784,-10.02,11.67,-0.600,0
5.784,-10.02,11.67,-0.600,0
5.784,-10.02,11.67,-0.600,0
5.784,-10.02,11.67,-0.600,0
5.785,-10.02,11.71,-0.600,0
5.785,-10.02,11.71,-0.600,0
5.785,-10.02,11.71,-0.600,0
5.785,-10.02,11.71,-0.600,0
5.786,-10.02,11.71,-0.600,0
5.786,-10.02,11.74,-0.600,0
5.786,-10.02,11.74,-0.600,0
5.786,-10.02,11.74,-0.600,0
5.786,-10.02,11.74,-0.600,0
5.787,-10.02,11.77,-0.600,0
5.787,-10.02,11.77,-0.600,0
5.787,-10.02,11.77,-0.600,0
5.787,-10.02,11.77,-0.600,0
5.788,-10.02,11.81,-0.600,0
5.788,-10.02,11.81,-0.600,0
5.788,-10.02,11.81,-0.600,0
5.789,-10.02,11.81,-0.600,0
5.789,-10.02,11.84,-0.600,0
5.789,-10.02,11.84,-0.600,0
5.789,-10.02,11.84,-0.600,0
5.790,-10.02,11.87,-0.600,0
5.790,-10.02,11.87,-0.600,0
5.790,-10.02,11.87,-0.600,0
5.790,-10.02,11.87,-0.600,0
5.790,-10.02,11.87,-0.600,0
5.791,-10.02,11.90,-0.600,0
5.791,-10.02,11.90,-0.600,0
5.791,-10.02,11.90,-0.600,0
5.791,-10.02,11.90,-0.600,0
5.792,-10.02,11.93,-0.600,0
5.792,-10.02,11.93,-0.600,0
5.792,-10.02,11.93,-0.600,0
5.792,-10.02,11.93,-0.600,0
5.793,-10.02,11.97,-0.600,0
5.793,-10.02,11.97,-0.600,0
5.793,-10.02,11.97,-0.600,0
5.793,-10.02,11.97,-0.600,0
5.794,-10.02,11.97,-0.600,0
5.794,-10.02,12.00,-0.600,0
5.794,-10.02,12.00,-0.600,0
5.794,-10.02,12.00,-0.600,0
5.795,-10.02,12.03,-0.600,0
5.796,-10.02,12.03,-0.600,0
5.796,-10.02,12.06,-0.600,0
5.796,-10.02,12.06,-0.600,0
5.797,-10.02,12.06,-0.600,0
5.797,-10.02,12.10,-0.600,0
5.797,-10.02,12.10,-0.600,0
5.798,-10.02,12.10,-0.600,0
5.798,-10.02,12.13,-0.600,0
5.798,-10.02,12.13,-0.600,0
5.799,-10.02,12.13,-0.600,0
5.799,-10.02,12.16,-0.600,0
5.799,-10.02,12.16,-0.600,0
5.800,-10.02,12.16,-0.600,0
5.800,-10.02,12.19,-0.600,0
5.800,-10.02,12.19,-0.600,0
5.800,-10.02,12.19,-0.600,0
5.801,-10.02,12.19,-0.600,0
5.801,-10.02,12.23,-0.600,0
5.801,-10.02,12.23,-0.600,0
5.802,-10.02,12.26,-0.600,0
5.802,-10.02,12.26,-0.600,0
5.802,-10.02,12.26,-0.600,0
5.803,-10.02,12.26,-0.600,0
5.803,-10.02,12.29,-0.600,0
5.803,-10.02,12.29,-0.600,0
5.803,-10.02,12.29,-0.600,0
5.804,-10.02,12.29,-0.600,0
5.804,-10.02,12.32,-0.600,0
5.804,-10.02,12.32,-0.600,0
5.804,-10.02,12.32,-0.600,0
5.805,-10.02,12.32,-0.600,0
5.805,-10.02,12.36,-0.600,0
5.805,-10.02,12.36,-0.600,0
5.805,-10.02,12.36,-0.600,0
5.806,-10.02,12.36,-0.600,0
5.806,-10.02,12.39,-0.600,0
5.806,-10.02,12.39,-0.600,0
5.806,-10.02,12.39,-0.600,0
5.807,-10.02,12.39,-0.600,0
5.807,-10.02,12.42,-0.600,0
5.807,-10.02,12.42,-0.600,0
5.807,-10.02,12.42,-0.600,0
5.808,-10.02,12.42,-0.600,0
5.808,-10.02,12.45,-0.600,0
5.808,-10.02,12.45,-0.600,0
5.809,-10.02,12.45,-0.600,0
5.809,-10.02,12.49,-0.600,0
5.809,-10.02,12.49,-0.600,0
5.809,-10.02,12.49,-0.600,0
5.810,-10.02,12.49,-0.600,0
5.810,-10.02,12.52,-0.600,0
5.810,-10.02,12.52,-0.600,0
5.810,-10.02,12.52,-0.600,0
5.811,-10.02,12.52,-0.600,0
5.811,-10.02,12.55,-0.600,0
5.811,-10.02,12.55,-0.600,0
5.811,-10.02,12.55,-0.600,0
5.812,-10.02,12.55,-0.600,0
5.812,-10.02,12.58,-0.600,0
5.812,-10.02,12.58,-0.600,0
5.812,-10.02,12.58,-0.600,0
5.813,-10.02,12.58,-0.600,0
5.813,-10.02,12.62,-0.600,0
5.813,-10.02,12.62,-0.600,0
5.813,-10.02,12.62,-0.600,0
5.813,-10.02,12.62,-0.600,0
5.814,-10.02,12.62,-0.600,0
5.814,-10.02,12.65,-0.600,0
5.814,-10.02,12.65,-0.600,0
5.814,-10.02,12.65,-0.600,0
5.815,-10.02,12.65,-0.600,0
5.815,-10.02,12.68,-0.600,0
5.815,-10.02,12.68,-0.600,0
5.816,-10.02,12.71,-0.600,0
5.816,-10.02,12.71,-0.600,0
5.816,-10.02,12.71,-0.600,0
5.817,-10.02,12.71,-0.600,0
5.817,-10.02,12.75,-0.600,0
5.817,-10.02,12.75,-0.600,0
5.817,-10.02,12.75,-0.600,0
5.818,-10.02,12.75,-0.600,0
5.818,-10.02,12.78,-0.600,0
5.818,-10.02,12.78,-0.600,0
5.818,-10.02,12.78,-0.600,0
5.818,-10.02,12.78,-0.600,0
5.819,-10.02,12.78,-0.600,0
5.819,-10.02,12.81,-0.600,0
5.819,-10.02,12.81,-0.600,0
5.819,-10.02,12.81,-0.600,0
5.820,-10.02,12.84,-0.600,0
5.820,-10.02,12.84,-0.600,0
5.820,-10.02,12.84,-0.600,0
5.821,-10.02,12.84,-0.600,0
5.821,-10.02,12.88,-0.600,0
5.821,-10.02,12.88,-0.600,0
5.822,-10.02,12.88,-0.600,0
5.822,-10.02,12.91,-0.600,0
5.822,-10.02,12.91,-0.600,0
5.822,-10.02,12.91,-0.600,0
5.823,-10.02,12.94,-0.600,0
5.823,-10.02,12.94,-0.600,0
5.823,-10.02,12.94,-0.600,0
5.824,-10.02,12.97,-0.600,0
5.824,-10.02,12.97,-0.600,0
5.824,-10.02,12.97,-0.600,0
5.824,-10.02,12.97,-0.600,0
5.825,-10.02,13.01,-0.600,0
5.825,-10.02,13.01,-0.600,0
5.825,-10.02,13.01,-0.600,0
5.826,-10.02,13.01,-0.600,0
5.826,-10.02,13.04,-0.600,0
5.826,-10.02,13.04,-0.600,0
5.826,-10.02,13.04,-0.600,0
5.827,-10.02,13.04,-0.600,0
5.827,-10.02,13.07,-0.600,0
5.827,-10.02,13.07,-0.600,0
5.827,-10.02,13.07,-0.600,0
5.828,-10.02,13.10,-0.600,0
5.828,-10.02,13.10,-0.600,0
5.828,-10.02,13.10,-0.600,0
5.828,-10.02,13.10,-0.600,0
5.829,-10.02,13.10,-0.600,0
5.829,-10.02,13.14,-0.600,0
5.829,-10.02,13.14,-0.600,0
5.830,-10.02,13.14,-0.600,0
5.830,-10.02,13.17,-0.600,0
5.830,-10.02,13.17,-0.600,0
5.830,-10.02,13.17,-0.600,0
5.831,-10.02,13.17,-0.600,0
5.831,-10.02,13.20,-0.600,0
5.831,-10.02,13.20,-0.600,0
5.831,-10.02,13.20,-0.600,0
5.832,-10.02,13.20,-0.600,0
5.832,-10.02,13.23,-0.600,0
5.832,-10.02,13.23,-0.600,0
5.832,-10.02,13.23,-0.600,0
5.833,-10.02,13.27,-0.600,0
5.833,-10.02,13.27,-0.600,0
5.833,-10.02,13.27,-0.600,0
5.833,-10.02,13.27,-0.600,0
5.834,-10.02,13.27,-0.600,0
5.834,-10.02,13.30,-0.600,0
5.834,-10.02,13.30,-0.600,0
5.834,-10.02,13.30,-0.600,0
5.835,-10.02,13.30,-0.600,0
5.835,-10.02,13.33,-0.600,0
5.835,-10.02,13.33,-0.600,0
5.835,-10.02,13.33,-0.600,0
5.836,-10.02,13.33,-0.600,0
5.836,-10.02,13.36,-0.600,0
5.836,-10.02,13.36,-0.600,0
5.836,-10.02,13.36,-0.600,0
5.837,-10.02,13.36,-0.600,0
5.837,-10.02,13.40,-0.600,0
5.837,-10.02,13.40,-0.600,0
5.837,-10.02,13.40,-0.600,0
5.838,-10.02,13.40,-0.600,0
5.838,-10.02,13.43,-0.600,0
5.838,-10.02,13.43,-0.600,0
5.838,-10.02,13.43,-0.600,0
5.839,-10.02,13.43,-0.600,0
5.839,-10.02,13.46,-0.600,0
5.839,-10.02,13.46,-0.600,0
5.839,-10.02,13.46,-0.600,0
5.839,-10.02,13.46,-0.600,0
5.840,-10.02,13.49,-0.600,0
5.840,-10.02,13.49,-0.600,0
5.840,-10.02,13.49,-0.600,0
5.841,-10.02,13.49,-0.600,0
5.841,-10.02,13.53,-0.600,0
5.841,-10.02,13.53,-0.600,0
5.841,-10.02,13.53,-0.600,0
5.842,-10.02,13.53,-0.600,0
5.842,-10.02,13.56,-0.600,0
5.842,-10.02,13.56,-0.600,0
5.842,-10.02,13.56,-0.600,0
5.843,-10.02,13.59,-0.600,0
5.843,-10.02,13.59,-0.600,0
5.844,-10.02,13.59,-0.600,0
5.844,-10.02,13.62,-0.600,0
5.844,-10.02,13.62,-0.600,0
5.845,-10.02,13.62,-0.600,0
5.845,-10.02,13.66,-0.600,0
5.845,-10.02,13.66,-0.600,0
5.846,-10.02,13.66,-0.600,0
5.846,-10.02,13.69,-0.600,0
5.846,-10.02,13.69,-0.600,0
5.846,-10.02,13.69,-0.600,0
5.847,-10.02,13.69,-0.600,0
5.847,-10.02,13.72,-0.600,0
5.847,-10.02,13.72,-0.600,0
5.847,-10.02,13.72,-0.600,0
5.848,-10.02,13.75,-0.600,0
5.848,-10.02,13.75,-0.600,0
5.848,-10.02,13.75,-0.600,0
5.848,-10.02,13.75,-0.600,0
5.849,-10.02,13.75,-0.600,0
5.849,-10.02,13.79,-0.600,0
5.849,-10.02,13.79,-0.600,0
5.849,-10.02,13.79,-0.600,0
5.850,-10.02,13.79,-0.600,0
5.850,-10.02,13.82,-0.600,0
5.850,-10.02,13.82,-0.600,0
5.850,-10.02,13.82,-0.600,0
5.851,-10.02,13.85,-0.600,0
5.851,-10.02,13.85,-0.600,0
5.851,-10.02,13.85,-0.600,0
5.851,-10.02,13.85,-0.600,0
5.852,-10.02,13.88,-0.600,0
5.852,-10.02,13.88,-0.600,0
5.852,-10.02,13.88,-0.600,0
5.852,-10.02,13.88,-0.600,0
5.853,-10.02,13.88,-0.600,0
5.853,-10.02,13.92,-0.600,0
5.853,-10.02,13.92,-0.600,0
5.853,-10.02,13.92,-0.600,0
5.854,-10.02,13.95,-0.600,0
5.854,-10.02,13.95,-0.600,0
5.854,-10.02,13.95,-0.600,0
5.854,-10.02,13.95,-0.600,0
5.855,-10.02,13.95,-0.600,0
5.855,-10.02,13.98,-0.600,0
5.855,-10.02,13.98,-0.600,0
5.855,-10.02,13.98,-0.600,0
5.856,-10.02,13.98,-0.600,0
5.856,-10.02,14.01,-0.600,0
5.856,-10.02,14.01,-0.600,0
5.857,-10.02,14.05,-0.600,0
5.857,-10.02,14.05,-0.600,0
5.858,-10.02,14.08,-0.600,0
5.859,-10.02,14.08,-0.600,0
5.859,-10.02,14.11,-0.600,0
5.859,-10.02,14.11,-0.600,0
5.859,-10.02,14.11,-0.600,0
5.860,-10.02,14.11,-0.600,0
5.860,-10.02,14.14,-0.600,0
5.860,-10.02,14.14,-0.600,0
5.860,-10.02,14.14,-0.600,0
5.861,-10.02,14.14,-0.600,0
5.861,-10.02,14.14,-0.600,0
5.861,-10.02,14.18,-0.600,0
5.861,-10.02,14.18,-0.600,0
5.862,-10.02,14.18,-0.600,0
5.862,-10.02,14.21,-0.600,0
5.862,-10.02,14.21,-0.600,0
5.862,-10.02,14.21,-0.600,0
5.863,-10.02,14.21,-0.600,0
5.863,-10.02,14.24,-0.600,0
5.863,-10.02,14.24,-0.600,0
5.863,-10.02,14.24,-0.600,0
5.863,-10.02,14.24,-0.600,0
5.864,-10.02,14.27,-0.600,0
5.864,-10.02,14.27,-0.600,0
5.864,-10.02,14.27,-0.600,0
5.865,-10.02,14.27,-0.600,0
5.865,-10.02,14.31,-0.600,0
5.865,-10.02,14.31,-0.600,0
5.865,-10.02,14.31,-0.600,0
5.866,-10.02,14.31,-0.600,0
5.866,-10.02,14.34,-0.600,0
5.866,-10.02,14.34,-0.600,0
5.866,-10.02,14.34,-0.600,0
5.867,-10.02,14.34,-0.600,0
5.867,-10.02,14.37,-0.600,0
5.867,-10.02,14.37,-0.600,0
5.868,-10.02,14.37,-0.600,0
5.868,-10.02,14.40,-0.600,0
5.868,-10.02,14.40,-0.600,0
5.868,-10.02,14.40,-0.600,0
5.869,-10.02,14.40,-0.600,0
5.869,-10.02,14.44,-0.600,0
5.869,-10.02,14.44,-0.600,0
5.869,-10.02,14.44,-0.600,0
5.870,-10.02,14.44,-0.600,0
5.870,-10.02,14.47,-0.600,0
5.870,-10.02,14.47,-0.600,0
5.870,-10.02,14.47,-0.600,0
5.871,-10.02,14.47,-0.600,0
5.871,-10.02,14.50,-0.600,0
5.871,-10.02,14.50,-0.600,0
5.872,-10.02,14.50,-0.600,0
5.872,-10.02,14.53,-0.600,0
5.872,-10.02,14.53,-0.600,0
5.872,-10.02,14.53,-0.600,0
5.873,-10.02,14.53,-0.600,0
5.873,-10.02,14.57,-0.600,0
5.873,-10.02,14.57,-0.600,0
5.873,-10.02,14.57,-0.600,0
5.873,-10.02,14.57,-0.600,0
5.874,-10.02,14.60,-0.600,0
5.874,-10.02,14.60,-0.600,0
5.874,-10.02,14.60,-0.600,0
5.874,-10.02,14.60,-0.600,0
5.875,-10.02,14.60,-0.600,0
5.875,-10.02,14.63,-0.600,0
5.875,-10.02,14.63,-0.600,0
5.875,-10.02,14.63,-0.600,0
5.876,-10.02,14.63,-0.600,0
5.876,-10.02,14.66,-0.600,0
5.876,-10.02,14.66,-0.600,0
5.876,-10.02,14.66,-0.600,0
5.877,-10.02,14.66,-0.600,0
5.877,-10.02,14.70,-0.600,0
5.877,-10.02,14.70,-0.600,0
5.877,-10.02,14.70,-0.600,0
5.878,-10.02,14.70,-0.600,0
5.878,-10.02,14.73,-0.600,0
5.878,-10.02,14.73,-0.600,0
5.878,-10.02,14.73,-0.600,0
5.879,-10.02,14.73,-0.600,0
5.879,-10.02,14.76,-0.600,0
5.879,-10.02,14.76,-0.600,0
5.879,-10.02,14.76,-0.600,0
5.880,-10.02,14.79,-0.600,0
5.880,-10.02,14.79,-0.600,0
5.880,-10.02,14.79,-0.600,0
5.880,-10.02,14.79,-0.600,0
5.881,-10.02,14.79,-0.600,0
5.881,-10.02,14.82,-0.600,0
5.881,-10.02,14.82,-0.600,0
5.881,-10.02,14.82,-0.600,0
5.882,-10.02,14.86,-0.600,0
5.882,-10.02,14.86,-0.600,0
5.882,-10.02,14.86,-0.600,0
5.883,-10.02,14.86,-0.600,0
5.883,-10.02,14.89,-0.600,0
5.883,-10.02,14.89,-0.600,0
5.883,-10.02,14.89,-0.600,0
5.884,-10.02,14.89,-0.600,0
5.884,-10.02,14.92,-0.600,0
5.884,-10.02,14.92,-0.600,0
5.884,-10.02,14.92,-0.600,0
5.884,-10.02,14.92,-0.600,0
5.885,-10.02,14.92,-0.600,0
5.885,-10.02,14.95,-0.600,0
5.885,-10.02,14.95,-0.600,0
5.886,-10.02,14.95,-0.600,0
5.886,-10.02,14.95,-0.600,0
5.886,-10.02,14.99,-0.600,0
5.886,-10.02,14.99,-0.600,0
5.887,-10.02,14.99,-0.600,0
5.887,-10.02,15.02,-0.600,0
5.887,-10.02,15.02,-0.600,0
5.887,-10.02,15.02,-0.600,0
5.888,-10.02,15.02,-0.600,0
5.888,-10.02,15.05,-0.600,0
5.888,-10.02,15.05,-0.600,0
5.888,-10.02,15.05,-0.600,0
5.889,-10.02,15.05,-0.600,0
5.889,-10.02,15.05,-0.600,0
5.889,-10.02,15.08,-0.600,0
5.889,-10.02,15.08,-0.600,0
5.890,-10.02,15.08,-0.600,0
5.890,-10.02,15.12,-0.600,0
5.890,-10.02,15.12,-0.600,0
5.890,-10.02,15.12,-0.600,0
5.890,-10.02,15.12,-0.600,0
5.891,-10.02,15.15,-0.600,0
5.891,-10.02,15.15,-0.600,0
5.891,-10.02,15.15,-0.600,0
5.891,-10.02,15.15,-0.600,0
5.892,-10.02,15.18,-0.600,0
5.892,-10.02,15.18,-0.600,0
5.892,-10.02,15.18,-0.600,0
5.893,-10.02,15.18,-0.600,0
5.893,-10.02,15.21,-0.600,0
5.893,-10.02,15.21,-0.600,0
5.893,-10.02,15.21,-0.600,0
5.894,-10.02,15.21,-0.600,0
5.894,-10.02,15.25,-0.600,0
5.894,-10.02,15.25,-0.600,0
5.894,-10.02,15.25,-0.600,0
5.894,-10.02,15.25,-0.600,0
5.895,-10.02,15.28,-0.600,0
5.895,-10.02,15.28,-0.600,0
5.895,-10.02,15.28,-0.600,0
5.896,-10.02,15.28,-0.600,0
5.896,-10.02,15.31,-0.600,0
5.896,-10.02,15.31,-0.600,0
5.897,-10.02,15.31,-0.600,0
5.897,-10.02,15.34,-0.600,0
5.897,-10.02,15.34,-0.600,0
5.897,-10.02,15.34,-0.600,0
5.898,-10.02,15.34,-0.600,0
5.898,-10.02,15.38,-0.600,0
5.898,-10.02,15.38,-0.600,0
5.898,-10.02,15.38,-0.600,0
5.899,-10.02,15.38,-0.600,0
5.899,-10.02,15.41,-0.600,0
5.899,-10.02,15.41,-0.600,0
5.899,-10.02,15.41,-0.600,0
5.900,-10.02,15.41,-0.600,0
5.900,-10.02,15.44,-0.600,0
5.900,-10.02,15.44,-0.600,0
5.900,-10.02,15.44,-0.600,0
5.901,-10.02,15.44,-0.600,0
5.901,-10.02,15.47,-0.600,0
5.901,-10.02,15.47,-0.600,0
5.901,-10.02,15.47,-0.600,0
5.902,-10.02,15.47,-0.600,0
5.902,-10.02,15.51,-0.600,0
5.902,-10.02,15.51,-0.600,0
5.902,-10.02,15.51,-0.600,0
5.903,-10.02,15.51,-0.600,0
5.903,-10.02,15.54,-0.600,0
5.903,-10.02,15.54,-0.600,0
5.903,-10.02,15.54,-0.600,0
5.903,-10.02,15.54,-0.600,0
5.904,-10.02,15.57,-0.600,0
5.904,-10.02,15.57,-0.600,0
5.904,-10.02,15.57,-0.600,0
5.904,-10.02,15.57,-0.600,0
5.905,-10.02,15.57,-0.600,0
5.905,-10.02,15.60,-0.600,0
5.905,-10.02,15.60,-0.600,0
5.905,-10.02,15.60,-0.600,0
5.906,-10.02,15.60,-0.600,0
5.906,-10.02,15.64,-0.600,0
5.906,-10.02,15.64,-0.600,0
5.906,-10.02,15.64,-0.600,0
5.907,-10.02,15.64,-0.600,0
5.907,-10.02,15.67,-0.600,0
5.907,-10.02,15.67,-0.600,0
5.907,-10.02,15.67,-0.600,0
5.907,-10.02,15.67,-0.600,0
5.908,-10.02,15.67,-0.600,0
5.908,-10.02,15.70,-0.600,0
5.908,-10.02,15.70,-0.600,0
5.908,-10.02,15.70,-0.600,0
5.909,-10.02,15.70,-0.600,0
5.909,-10.02,15.73,-0.600,0
5.909,-10.02,15.73,-0.600,0
5.909,-10.02,15.73,-0.600,0
5.910,-10.02,15.73,-0.600,0
5.910,-10.02,15.77,-0.600,0
5.910,-10.02,15.77,-0.600,0
5.910,-10.02,15.77,-0.600,0
5.910,-10.02,15.77,-0.600,0
5.911,-10.02,15.80,-0.600,0
5.911,-10.02,15.80,-0.600,0
5.911,-10.02,15.80,-0.600,0
5.911,-10.02,15.80,-0.600,0
5.912,-10.02,15.80,-0.600,0
5.912,-10.02,15.83,-0.600,0
5.912,-10.02,15.83,-0.600,0
5.912,-10.02,15.83,-0.600,0
5.913,-10.02,15.83,-0.600,0
5.913,-10.02,15.86,-0.600,0
5.913,-10.02,15.86,-0.600,0
5.913,-10.02,15.86,-0.600,0
5.914,-10.02,15.90,-0.600,0
5.914,-10.02,15.90,-0.600,0
5.914,-10.02,15.90,-0.600,0
5.914,-10.02,15.90,-0.600,0
5.915,-10.02,15.90,-0.600,0
5.915,-10.02,15.93,-0.600,0
5.915,-10.02,15.93,-0.600,0
5.915,-10.02,15.93,-0.600,0
5.916,-10.02,15.93,-0.600,0
5.916,-10.02,15.96,-0.600,0
5.916,-10.02,15.96,-0.600,0
5.916,-10.02,15.96,-0.600,0
5.916,-10.02,15.96,-0.600,0
5.917,-10.02,15.99,-0.600,0
5.917,-10.02,15.99,-0.600,0
5.917,-10.02,15.99,-0.600,0
5.917,-10.02,15.99,-0.600,0
5.918,-10.02,15.99,-0.600,0
5.918,-10.02,16.03,-0.600,0
5.918,-10.02,16.03,-0.600,0
5.918,-10.02,16.03,-0.600,0
5.919,-10.02,16.03,-0.600,0
5.919,-10.02,16.06,-0.600,0
5.919,-10.02,16.06,-0.600,0
5.919,-10.02,16.06,-0.600,0
5.920,-10.02,16.06,-0.600,0
5.920,-10.02,16.09,-0.600,0
5.920,-10.02,16.09,-0.600,0
5.920,-10.02,16.09,-0.600,0
5.920,-10.02,16.09,-0.600,0
5.921,-10.02,16.09,-0.600,0
5.921,-10.02,16.12,-0.600,0
5.921,-10.02,16.12,-0.600,0
5.921,-10.02,16.12,-0.600,0
5.922,-10.02,16.16,-0.600,0
5.922,-10.02,16.16,-0.600,0
5.922,-10.02,16.16,-0.600,0
5.922,-10.02,16.16,-0.600,0
5.923,-10.02,16.16,-0.600,0
5.923,-10.02,16.19,-0.600,0
5.923,-10.02,16.19,-0.600,0
5.923,-10.02,16.19,-0.600,0
5.924,-10.02,16.19,-0.600,0
5.924,-10.02,16.22,-0.600,0
5.924,-10.02,16.22,-0.600,0
5.924,-10.02,16.22,-0.600,0
5.924,-10.02,16.22,-0.600,0
5.925,-10.02,16.22,-0.600,0
5.925,-10.02,16.25,-0.600,0
5.925,-10.02,16.25,-0.600,0
5.925,-10.02,16.25,-0.600,0
5.926,-10.02,16.25,-0.600,0
5.926,-10.02,16.29,-0.600,0
5.926,-10.02,16.29,-0.600,0
5.926,-10.02,16.29,-0.600,0
5.927,-10.02,16.29,-0.600,0
5.927,-10.02,16.32,-0.600,0
5.927,-10.02,16.32,-0.600,0
5.927,-10.02,16.32,-0.600,0
5.928,-10.02,16.32,-0.600,0
5.928,-10.02,16.35,-0.600,0
5.928,-10.02,16.35,-0.600,0
5.928,-10.02,16.35,-0.600,0
5.929,-10.02,16.35,-0.600,0
5.929,-10.02,16.38,-0.600,0
5.929,-10.02,16.38,-0.600,0
5.929,-10.02,16.38,-0.600,0
5.929,-10.02,16.38,-0.600,0
5.930,-10.02,16.42,-0.600,0
5.930,-10.02,16.42,-0.600,0
5.930,-10.02,16.42,-0.600,0
5.930,-10.02,16.42,-0.600,0
5.931,-10.02,16.42,-0.600,0
5.931,-10.02,16.45,-0.600,0
5.931,-10.02,16.45,-0.600,0
5.931,-10.02,16.45,-0.600,0
5.932,-10.02,16.45,-0.600,0
5.932,-10.02,16.48,-0.600,0
5.932,-10.02,16.48,-0.600,0
5.932,-10.02,16.48,-0.600,0
5.933,-10.02,16.48,-0.600,0
5.933,-10.02,16.51,-0.600,0
5.933,-10.02,16.51,-0.600,0
5.933,-10.02,16.51,-0.600,0
5.934,-10.02,16.51,-0.600,0
5.934,-10.02,16.55,-0.600,0
5.934,-10.02,16.55,-0.600,0
5.934,-10.02,16.55,-0.600,0
5.935,-10.02,16.55,-0.600,0
5.935,-10.02,16.58,-0.600,0
5.935,-10.02,16.58,-0.600,0
5.935,-10.02,16.58,-0.600,0
5.935,-10.02,16.58,-0.600,0
5.936,-10.02,16.61,-0.600,0
5.936,-10.02,16.61,-0.600,0
5.936,-10.02,16.61,-0.600,0
5.936,-10.02,16.61,-0.600,0
5.937,-10.02,16.61,-0.600,0
5.937,-10.02,16.64,-0.600,0
5.937,-10.02,16.64,-0.600,0
5.937,-10.02,16.64,-0.600,0
5.938,-10.02,16.68,-0.600,0
5.938,-10.02,16.68,-0.600,0
5.938,-10.02,16.68,-0.600,0
5.938,-10.02,16.68,-0.600,0
5.939,-10.02,16.68,-0.600,0
5.939,-10.02,16.71,-0.600,0
5.939,-10.02,16.71,-0.600,0
5.939,-10.02,16.71,-0.600,0
5.940,-10.02,16.71,-0.600,0
5.940,-10.02,16.74,-0.600,0
5.940,-10.02,16.74,-0.600,0
5.940,-10.02,16.74,-0.600,0
5.941,-10.02,16.74,-0.600,0
5.941,-10.02,16.77,-0.600,0
5.941,-10.02,16.77,-0.600,0
5.941,-10.02,16.77,-0.600,0
5.941,-10.02,16.77,-0.600,0
5.942,-10.02,16.81,-0.600,0
5.942,-10.02,16.81,-0.600,0
5.942,-10.02,16.81,-0.600,0
5.942,-10.02,16.81,-0.600,0
5.943,-10.02,16.84,-0.600,0
5.943,-10.02,16.84,-0.600,0
5.943,-10.02,16.84,-0.600,0
5.943,-10.02,16.84,-0.600,0
5.944,-10.02,16.84,-0.600,0
5.944,-10.02,16.87,-0.600,0
5.944,-10.02,16.87,-0.600,0
5.944,-10.02,16.87,-0.600,0
5.944,-10.02,16.87,-0.600,0
5.945,-10.02,16.90,-0.600,0
5.945,-10.02,16.90,-0.600,0
5.945,-10.02,16.90,-0.600,0
5.945,-10.02,16.90,-0.600,0
5.946,-10.02,16.94,-0.600,0
5.946,-10.02,16.94,-0.600,0
5.946,-10.02,16.94,-0.600,0
5.946,-10.02,16.94,-0.600,0
5.947,-10.02,16.94,-0.600,0
5.947,-10.02,16.97,-0.600,0
5.947,-10.02,16.97,-0.600,0
5.947,-10.02,16.97,-0.600,0
5.948,-10.02,16.97,-0.600,0
5.948,-10.02,17.00,-0.600,0
5.948,-10.02,17.00,-0.600,0
5.948,-10.02,17.00,-0.600,0
5.948,-10.02,17.00,-0.600,0
5.949,-10.02,17.03,-0.600,0
5.949,-10.02,17.03,-0.600,0
5.949,-10.02,17.03,-0.600,0
5.949,-10.02,17.03,-0.600,0
5.950,-10.02,17.03,-0.600,0
5.950,-10.02,17.07,-0.600,0
5.950,-10.02,17.07,-0.600,0
5.950,-10.02,17.07,-0.600,0
5.951,-10.02,17.07,-0.600,0
5.951,-10.02,17.10,-0.600,0
5.951,-10.02,17.10,-0.600,0
5.951,-10.02,17.10,-0.600,0
5.951,-10.02,17.10,-0.600,0
5.952,-10.02,17.13,-0.600,0
5.952,-10.02,17.13,-0.600,0
5.952,-10.02,17.13,-0.600,0
5.952,-10.02,17.13,-0.600,0
5.953,-10.02,17.13,-0.600,0
5.953,-10.02,17.16,-0.600,0
5.953,-10.02,17.16,-0.600,0
5.953,-10.02,17.16,-0.600,0
5.954,-10.02,17.16,-0.600,0
5.954,-10.02,17.19,-0.600,0
5.954,-10.02,17.19,-0.600,0
5.954,-10.02,17.19,-0.600,0
5.955,-10.02,17.23,-0.600,0
5.955,-10.02,17.23,-0.600,0
5.955,-10.02,17.23,-0.600,0
5.955,-10.02,17.23,-0.600,0
5.956,-10.02,17.26,-0.600,0
5.956,-10.02,17.26,-0.600,0
5.956,-10.02,17.26,-0.600,0
5.956,-10.02,17.26,-0.600,0
5.957,-10.02,17.26,-0.600,0
5.957,-10.02,17.29,-0.600,0
5.957,-10.02,17.29,-0.600,0
5.957,-10.02,17.29,-0.600,0
5.958,-10.02,17.29,-0.600,0
5.958,-10.02,17.32,-0.600,0
5.958,-10.02,17.32,-0.600,0
5.958,-10.02,17.32,-0.600,0
5.958,-10.02,17.32,-0.600,0
5.959,-10.02,17.36,-0.600,0
5.959,-10.02,17.36,-0.600,0
5.959,-10.02,17.36,-0.600,0
5.959,-10.02,17.36,-0.600,0
5.960,-10.02,17.36,-0.600,0
5.960,-10.02,17.39,-0.600,0
5.960,-10.02,17.39,-0.600,0
5.960,-10.02,17.39,-0.600,0
5.961,-10.02,17.42,-0.600,0
5.961,-10.02,17.42,-0.600,0
5.961,-10.02,17.42,-0.600,0
5.962,-10.02,17.42,-0.600,0
5.962,-10.02,17.45,-0.600,0
5.962,-10.02,17.45,-0.600,0
5.962,-10.02,17.45,-0.600,0
5.963,-10.02,17.45,-0.600,0
5.963,-10.02,17.49,-0.600,0
5.963,-10.02,17.49,-0.600,0
5.963,-10.02,17.49,-0.600,0
5.964,-10.02,17.49,-0.600,0
5.964,-10.02,17.52,-0.600,0
5.964,-10.02,17.52,-0.600,0
5.964,-10.02,17.52,-0.600,0
5.965,-10.02,17.52,-0.600,0
5.965,-10.02,17.55,-0.600,0
5.965,-10.02,17.55,-0.600,0
5.965,-10.02,17.55,-0.600,0
5.965,-10.02,17.55,-0.600,0
5.966,-10.02,17.58,-0.600,0
5.966,-10.02,17.58,-0.600,0
5.966,-10.02,17.58,-0.600,0
5.966,-10.02,17.58,-0.600,0
5.967,-10.02,17.62,-0.600,0
5.967,-10.02,17.62,-0.600,0
5.967,-10.02,17.62,-0.600,0
5.967,-10.02,17.62,-0.600,0
5.968,-10.02,17.65,-0.600,0
5.968,-10.02,17.65,-0.600,0
5.968,-10.02,17.65,-0.600,0
5.968,-10.02,17.65,-0.600,0
5.969,-10.02,17.68,-0.600,0
5.969,-10.02,17.68,-0.600,0
5.969,-10.02,17.68,-0.600,0
5.969,-10.02,17.68,-0.600,0
5.970,-10.02,17.68,-0.600,0
5.970,-10.02,17.71,-0.600,0
5.970,-10.02,17.71,-0.600,0
5.970,-10.02,17.71,-0.600,0
5.970,-10.02,17.71,-0.600,0
5.971,-10.02,17.75,-0.600,0
5.971,-10.02,17.75,-0.600,0
5.971,-10.02,17.75,-0.600,0
5.971,-10.02,17.75,-0.600,0
5.972,-10.02,17.78,-0.600,0
5.972,-10.02,17.78,-0.600,0
5.972,-10.02,17.78,-0.600,0
5.972,-10.02,17.78,-0.600,0
5.973,-10.02,17.81,-0.600,0
5.973,-10.02,17.81,-0.600,0
5.973,-10.02,17.81,-0.600,0
5.973,-10.02,17.81,-0.600,0
5.974,-10.02,17.81,-0.600,0
5.974,-10.02,17.84,-0.600,0
5.974,-10.02,17.84,-0.600,0
5.974,-10.02,17.84,-0.600,0
5.975,-10.02,17.84,-0.600,0
5.975,-10.02,17.88,-0.600,0
5.975,-10.02,17.88,-0.600,0
5.976,-10.02,17.88,-0.600,0
5.976,-10.02,17.91,-0.600,0
5.976,-10.02,17.91,-0.600,0
5.976,-10.02,17.91,-0.600,0
5.977,-10.02,17.91,-0.600,0
5.977,-10.02,17.94,-0.600,0
5.977,-10.02,17.94,-0.600,0
5.977,-10.02,17.94,-0.600,0
5.978,-10.02,17.94,-0.600,0
5.978,-10.02,17.97,-0.600,0
5.978,-10.02,17.97,-0.600,0
5.978,-10.02,17.97,-0.600,0
5.978,-10.02,17.97,-0.600,0
5.979,-10.02,18.00,-0.600,0
5.979,-10.02,18.00,-0.600,0
5.979,-10.02,18.00,-0.600,0
5.979,-10.02,18.00,-0.600,0
5.980,-10.02,18.00,-0.600,0
5.980,-10.02,18.04,-0.600,0
5.980,-10.02,18.04,-0.600,0
5.980,-10.02,18.04,-0.600,0
5.981,-10.02,18.04,-0.600,0
5.981,-10.02,18.07,-0.600,0
5.981,-10.02,18.07,-0.600,0
5.981,-10.02,18.07,-0.600,0
5.982,-10.02,18.07,-0.600,0
5.982,-10.02,18.10,-0.600,0
5.982,-10.02,18.10,-0.600,0
5.983,-10.02,18.10,-0.600,0
5.983,-10.02,18.13,-0.600,0
5.983,-10.02,18.13,-0.600,0
5.983,-10.02,18.13,-0.600,0
5.984,-10.02,18.13,-0.600,0
5.984,-10.02,18.17,-0.600,0
5.984,-10.02,18.17,-0.600,0
5.984,-10.02,18.17,-0.600,0
5.984,-10.02,18.17,-0.600,0
5.985,-10.02,18.20,-0.600,0
5.985,-10.02,18.20,-0.600,0
5.985,-10.02,18.20,-0.600,0
5.985,-10.02,18.20,-0.600,0
5.986,-10.02,18.20,-0.600,0
5.986,-10.02,18.23,-0.600,0
5.986,-10.02,18.23,-0.600,0
5.986,-10.02,18.23,-0.600,0
5.986,-10.02,18.23,-0.600,0
5.987,-10.02,18.26,-0.600,0
5.987,-10.02,18.26,-0.600,0
5.987,-10.02,18.26,-0.600,0
5.987,-10.02,18.26,-0.600,0
5.988,-10.02,18.30,-0.600,0
5.988,-10.02,18.30,-0.600,0
5.988,-10.02,18.30,-0.600,0
5.989,-10.02,18.30,-0.600,0
5.989,-10.02,18.33,-0.600,0
5.989,-10.02,18.33,-0.600,0
5.989,-10.02,18.33,-0.600,0
5.990,-10.02,18.36,-0.600,0
5.990,-10.02,18.36,-0.600,0
5.990,-10.02,18.36,-0.600,0
5.990,-10.02,18.36,-0.600,0
5.991,-10.02,18.36,-0.600,0
5.991,-10.02,18.39,-0.600,0
5.991,-10.02,18.39,-0.600,0
5.991,-10.02,18.39,-0.600,0
5.991,-10.02,18.39,-0.600,0
5.992,-10.02,18.43,-0.600,0
5.992,-10.02,18.43,-0.600,0
5.992,-10.02,18.43,-0.600,0
5.992,-10.02,18.43,-0.600,0
5.993,-10.02,18.46,-0.600,0
5.993,-10.02,18.46,-0.600,0
5.993,-10.02,18.46,-0.600,0
5.993,-10.02,18.46,-0.600,0
5.994,-10.02,18.46,-0.600,0
5.994,-10.02,18.49,-0.600,0
5.994,-10.02,18.49,-0.600,0
5.994,-10.02,18.49,-0.600,0
5.995,-10.02,18.49,-0.600,0
5.995,-10.02,18.52,-0.600,0
5.995,-10.02,18.52,-0.600,0
5.995,-10.02,18.52,-0.600,0
5.996,-10.02,18.56,-0.600,0
5.996,-10.02,18.56,-0.600,0
5.996,-10.02,18.56,-0.600,0
5.997,-10.02,18.56,-0.600,0
5.997,-10.02,18.59,-0.600,0
5.997,-10.02,18.59,-0.600,0
5.997,-10.02,18.59,-0.600,0
5.998,-10.02,18.59,-0.600,0
5.998,-10.02,18.62,-0.600,0
5.998,-10.02,18.62,-0.600,0
5.998,-10.02,18.62,-0.600,0
5.998,-10.02,18.62,-0.600,0
5.999,-10.02,18.65,-0.600,0
5.999,-10.02,18.65,-0.600,0
5.999,-10.02,18.65,-0.600,0
5.999,-10.02,18.65,-0.600,0
6.000,-10.02,18.69,-0.600,0
6.000,-10.02,18.69,-0.600,0
6.000,-10.02,18.69,-0.600,0
6.000,-10.02,18.69,-0.600,0
6.001,-10.02,18.69,-0.600,0
6.001,-10.02,18.72,-0.600,0
6.001,-10.02,18.72,-0.600,0
6.001,-10.02,18.72,-0.600,0
6.002,-10.02,18.72,-0.600,0
6.002,-10.02,18.75,-0.600,0
6.002,-10.02,18.75,-0.600,0
6.002,-10.02,18.75,-0.600,0
6.003,-10.02,18.75,-0.600,0
6.003,-10.02,18.78,-0.600,0
6.003,-10.02,18.78,-0.600,0
6.003,-10.02,18.78,-0.600,0
6.004,-10.02,18.82,-0.600,0
6.004,-10.02,18.82,-0.600,0
6.004,-10.02,18.82,-0.600,0
6.004,-10.02,18.82,-0.600,0
6.005,-10.02,18.82,-0.600,0
6.005,-10.02,18.85,-0.600,0
6.005,-10.02,18.85,-0.600,0
6.005,-10.02,18.85,-0.600,0
6.005,-10.02,18.85,-0.600,0
6.006,-10.02,18.88,-0.600,0
6.006,-10.02,18.88,-0.600,0
6.006,-10.02,18.88,-0.600,0
6.006,-10.02,18.88,-0.600,0
6.007,-10.02,18.88,-0.600,0
6.007,-10.02,18.91,-0.600,0
6.007,-10.02,18.91,-0.600,0
6.007,-10.02,18.91,-0.600,0
6.008,-10.02,18.91,-0.600,0
6.008,-10.02,18.95,-0.600,0
6.008,-10.02,18.95,-0.600,0
6.008,-10.02,18.95,-0.600,0
6.008,-10.02,18.95,-0.600,0
6.009,-10.02,18.98,-0.600,0
6.009,-10.02,18.98,-0.600,0
6.009,-10.02,18.98,-0.600,0
6.010,-10.02,18.98,-0.600,0
6.010,-10.02,19.01,-0.600,0
6.011,-10.02,19.04,-0.600,0
6.011,-10.02,19.04,-0.600,0
6.011,-10.02,19.04,-0.600,0
6.012,-10.02,19.08,-0.600,0
6.012,-10.02,19.08,-0.600,0
6.012,-10.02,19.08,-0.600,0
6.012,-10.02,19.08,-0.600,0
6.013,-10.02,19.11,-0.600,0
6.013,-10.02,19.11,-0.600,0
6.013,-10.02,19.11,-0.600,0
6.013,-10.02,19.11,-0.600,0
6.014,-10.02,19.11,-0.600,0
6.014,-10.02,19.14,-0.600,0
6.014,-10.02,19.14,-0.600,0
6.014,-10.02,19.14,-0.600,0
6.014,-10.02,19.14,-0.600,0
6.015,-10.02,19.17,-0.600,0
6.015,-10.02,19.17,-0.600,0
6.015,-10.02,19.17,-0.600,0
6.015,-10.02,19.17,-0.600,0
6.016,-10.02,19.17,-0.600,0
6.016,-10.02,19.21,-0.600,0
6.016,-10.02,19.21,-0.600,0
6.017,-10.02,19.21,-0.600,0
6.017,-10.02,19.24,-0.600,0
6.017,-10.02,19.24,-0.600,0
6.018,-10.02,19.24,-0.600,0
6.018,-10.02,19.27,-0.600,0
6.018,-10.02,19.27,-0.600,0
6.018,-10.02,19.27,-0.600,0
6.019,-10.02,19.27,-0.600,0
6.019,-10.02,19.30,-0.600,0
6.019,-10.02,19.30,-0.600,0
6.019,-10.02,19.30,-0.600,0
6.020,-10.02,19.30,-0.600,0
6.020,-10.02,19.34,-0.600,0
6.020,-10.02,19.34,-0.600,0
6.020,-10.02,19.34,-0.600,0
6.021,-10.02,19.34,-0.600,0
6.021,-10.02,19.37,-0.600,0
6.021,-10.02,19.37,-0.600,0
6.021,-10.02,19.37,-0.600,0
6.022,-10.02,19.37,-0.600,0
6.022,-10.02,19.40,-0.600,0
6.022,-10.02,19.40,-0.600,0
6.022,-10.02,19.40,-0.600,0
6.023,-10.02,19.40,-0.600,0
6.023,-10.02,19.43,-0.600,0
6.023,-10.02,19.43,-0.600,0
6.023,-10.02,19.43,-0.600,0
6.024,-10.02,19.46,-0.600,0
6.024,-10.02,19.46,-0.600,0
6.024,-10.02,19.46,-0.600,0
6.025,-10.02,19.50,-0.600,0
6.025,-10.02,19.50,-0.600,0
6.025,-10.02,19.50,-0.600,0
6.026,-10.02,19.50,-0.600,0
6.026,-10.02,19.53,-0.600,0
6.026,-10.02,19.53,-0.600,0
6.026,-10.02,19.53,-0.600,0
6.027,-10.02,19.53,-0.600,0
6.027,-10.02,19.56,-0.600,0
6.027,-10.02,19.56,-0.600,0
6.027,-10.02,19.56,-0.600,0
6.027,-10.02,19.56,-0.600,0
6.028,-10.02,19.59,-0.600,0
6.028,-10.02,19.59,-0.600,0
6.028,-10.02,19.59,-0.600,0
6.028,-10.02,19.59,-0.600,0
6.029,-10.02,19.59,-0.600,0
6.029,-10.02,19.63,-0.600,0
6.029,-10.02,19.63,-0.600,0
6.029,-10.02,19.63,-0.600,0
6.030,-10.02,19.66,-0.600,0
6.030,-10.02,19.66,-0.600,0
6.030,-10.02,19.66,-0.600,0
6.031,-10.02,19.66,-0.600,0
6.031,-10.02,19.69,-0.600,0
6.031,-10.02,19.69,-0.600,0
6.031,-10.02,19.69,-0.600,0
6.032,-10.02,19.69,-0.600,0
6.032,-10.02,19.72,-0.600,0
6.032,-10.02,19.72,-0.600,0
6.032,-10.02,19.72,-0.600,0
6.033,-10.02,19.76,-0.600,0
6.033,-10.02,19.76,-0.600,0
6.033,-10.02,19.76,-0.600,0
6.034,-10.02,19.79,-0.600,1
6.034,2.77,19.79,0.443,0
6.034,2.77,19.79,0.443,0
6.035,2.77,19.79,0.443,0
6.035,2.77,19.82,0.443,0
6.035,2.77,19.82,0.443,0
6.035,2.77,19.82,0.443,0
6.036,2.77,19.82,0.443,0
6.036,2.77,19.85,0.443,0
6.036,2.77,19.85,0.443,0
6.036,2.77,19.85,0.443,0
6.036,2.77,19.85,0.443,0
6.037,2.77,19.89,0.443,0
6.037,2.77,19.89,0.443,0
6.037,2.77,19.89,0.443,0
6.038,2.77,19.89,0.443,0
6.038,2.77,19.92,0.443,0
6.038,2.77,19.92,0.443,0
6.038,2.77,19.92,0.443,0
6.039,2.77,19.92,0.443,0
6.039,2.77,19.95,0.443,0
6.039,2.77,19.95,0.443,0
6.039,2.77,19.95,0.443,0
6.040,2.77,19.95,0.443,0
6.040,2.77,19.98,0.443,0
6.040,2.77,19.98,0.443,0
6.040,2.77,19.98,0.443,0
6.040,2.77,19.98,0.443,0
6.041,2.77,19.98,0.443,0
6.041,2.77,20.01,0.443,0
6.041,2.77,20.01,0.443,0
6.041,2.77,20.01,0.443,0
6.042,2.77,20.04,0.443,0
6.042,2.77,20.04,0.443,0
6.042,2.77,20.04,0.443,0
6.042,2.77,20.04,0.443,0
6.043,2.77,20.04,0.443,0
6.043,2.77,20.07,0.443,0
6.043,2.77,20.07,0.443,0
6.043,2.77,20.07,0.443,0
6.044,2.77,20.07,0.443,0
6.044,2.77,20.10,0.443,0
6.044,2.77,20.10,0.443,0
6.044,2.77,20.10,0.443,0
6.045,2.77,20.10,0.443,0
6.045,2.77,20.13,0.443,0
6.045,2.77,20.13,0.443,0
6.045,2.77,20.13,0.443,0
6.046,2.77,20.13,0.443,0
6.046,2.77,20.15,0.443,0
6.046,2.77,20.15,0.443,0
6.046,2.77,20.15,0.443,0
6.046,2.77,20.15,0.443,0
6.047,2.77,20.18,0.443,0
6.047,2.77,20.18,0.443,0
6.047,2.77,20.18,0.443,0
6.047,2.77,20.18,0.443,0
6.048,2.77,20.18,0.443,0
6.048,2.77,20.21,0.443,0
6.048,2.77,20.21,0.443,0
6.048,2.77,20.21,0.443,0
6.049,2.77,20.21,0.443,0
6.049,2.77,20.24,0.443,0
6.049,2.77,20.24,0.443,0
6.049,2.77,20.24,0.443,0
6.050,2.77,20.24,0.443,0
6.050,2.77,20.26,0.443,0
6.050,2.77,20.26,0.443,0
6.050,2.77,20.26,0.443,0
6.051,2.77,20.26,0.443,0
6.051,2.77,20.29,0.443,0
6.051,2.77,20.29,0.443,0
6.051,2.77,20.29,0.443,0
6.052,2.77,20.31,0.443,0
6.052,2.77,20.31,0.443,0
6.052,2.77,20.31,0.443,0
6.052,2.77,20.31,0.443,0
6.053,2.77,20.34,0.443,0
6.053,2.77,20.34,0.443,0
6.053,2.77,20.34,0.443,0
6.053,2.77,20.34,0.443,0
6.054,2.77,20.34,0.443,0
6.054,2.77,20.36,0.443,0
6.054,2.77,20.36,0.443,0
6.054,2.77,20.36,0.443,0
6.055,2.77,20.36,0.443,0
6.055,2.77,20.39,0.443,0
6.055,2.77,20.39,0.443,0
6.055,2.77,20.39,0.443,0
6.055,2.77,20.39,0.443,0
6.056,2.77,20.41,0.443,0
6.056,2.77,20.41,0.443,0
6.056,2.77,20.41,0.443,0
6.056,2.77,20.41,0.443,0
6.057,2.77,20.41,0.443,0
6.057,2.77,20.44,0.443,0
6.057,2.77,20.44,0.443,0
6.057,2.77,20.44,0.443,0
6.058,2.77,20.44,0.443,0
6.058,2.77,20.46,0.443,0
6.058,2.77,20.46,0.443,0
6.058,2.77,20.46,0.443,0
6.059,2.77,20.46,0.443,0
6.059,2.77,20.48,0.443,0
6.059,2.77,20.48,0.443,0
6.059,2.77,20.48,0.443,0
6.060,2.77,20.50,0.443,0
6.060,2.77,20.50,0.443,0
6.060,2.77,20.50,0.443,0
6.060,2.77,20.50,0.443,0
6.061,2.77,20.53,0.443,0
6.061,2.77,20.53,0.443,0
6.061,2.77,20.53,0.443,0
6.061,2.77,20.53,0.443,0
6.062,2.77,20.53,0.443,0
6.062,2.77,20.55,0.443,0
6.062,2.77,20.55,0.443,0
6.062,2.77,20.55,0.443,0
6.062,2.77,20.55,0.443,0
6.063,2.77,20.57,0.443,0
6.063,2.77,20.57,0.443,0
6.063,2.77,20.57,0.443,0
6.063,2.77,20.57,0.443,0
6.064,2.77,20.59,0.443,0
6.064,2.77,20.59,0.443,0
6.064,2.77,20.59,0.443,0
6.064,2.77,20.59,0.443,0
6.065,2.77,20.59,0.443,0
6.065,2.77,20.61,0.443,0
6.065,2.77,20.61,0.443,0
6.065,2.77,20.61,0.443,0
6.066,2.77,20.61,0.443,0
6.066,2.77,20.63,0.443,0
6.066,2.77,20.63,0.443,0
6.067,2.77,20.63,0.443,0
6.067,2.77,20.65,0.443,0
6.067,2.77,20.65,0.443,0
6.067,2.77,20.65,0.443,0
6.068,2.77,20.65,0.443,0
6.068,2.77,20.67,0.443,0
6.068,2.77,20.67,0.443,0
6.068,2.77,20.67,0.443,0
6.068,2.77,20.67,0.443,0
6.069,2.77,20.69,0.443,0
6.069,2.77,20.69,0.443,0
6.069,2.77,20.69,0.443,0
6.069,2.77,20.69,0.443,0
6.070,2.77,20.69,0.443,0
6.070,2.77,20.71,0.443,0
6.070,2.77,20.71,0.443,0
6.070,2.77,20.71,0.443,0
6.071,2.77,20.71,0.443,0
6.071,2.77,20.72,0.443,0
6.071,2.77,20.72,0.443,0
6.071,2.77,20.72,0.443,0
6.071,2.77,20.72,0.443,0
6.072,2.77,20.74,0.443,0
6.072,2.77,20.74,0.443,0
6.072,2.77,20.74,0.443,0
6.072,2.77,20.74,0.443,0
6.073,2.77,20.76,0.443,0
6.073,2.77,20.76,0.443,0
6.073,2.77,20.76,0.443,0
6.073,2.77,20.76,0.443,0
6.074,2.77,20.77,0.443,0
6.074,2.77,20.77,0.443,0
6.074,2.77,20.77,0.443,0
6.074,2.77,20.77,0.443,0
6.075,2.77,20.79,0.443,0
6.075,2.77,20.79,0.443,0
6.075,2.77,20.79,0.443,0
6.075,2.77,20.79,0.443,0
6.076,2.77,20.79,0.443,0
6.076,2.77,20.81,0.443,0
6.076,2.77,20.81,0.443,0
6.076,2.77,20.81,0.443,0
6.076,2.77,20.81,0.443,0
6.077,2.77,20.82,0.443,0
6.077,2.77,20.82,0.443,0
6.077,2.77,20.82,0.443,0
6.077,2.77,20.82,0.443,0
6.078,2.77,20.84,0.443,0
6.078,2.77,20.84,0.443,0
6.078,2.77,20.84,0.443,0
6.079,2.77,20.84,0.443,0
6.079,2.77,20.84,0.443,0
6.079,2.77,20.85,0.443,0
6.079,2.77,20.85,0.443,0
6.080,2.77,20.85,0.443,0
6.080,2.77,20.87,0.443,0
6.080,2.77,20.87,0.443,0
6.080,2.77,20.87,0.443,0
6.081,2.77,20.87,0.443,0
6.081,2.77,20.88,0.443,0
6.081,2.77,20.88,0.443,0
6.081,2.77,20.88,0.443,0
6.082,2.77,20.88,0.443,0
6.082,2.77,20.89,0.443,0
6.082,2.77,20.89,0.443,0
6.082,2.77,20.89,0.443,0
6.082,2.77,20.89,0.443,0
6.083,2.77,20.89,0.443,0
6.083,2.77,20.91,0.443,0
6.083,2.77,20.91,0.443,0
6.083,2.77,20.91,0.443,0
6.084,2.77,20.91,0.443,0
6.084,2.77,20.92,0.443,0
6.084,2.77,20.92,0.443,0
6.084,2.77,20.92,0.443,0
6.085,2.77,20.92,0.443,0
6.085,2.77,20.93,0.443,0
6.085,2.77,20.93,0.443,0
6.085,2.77,20.93,0.443,0
6.086,2.77,20.93,0.443,0
6.086,2.77,20.94,0.443,0
6.086,2.77,20.94,0.443,0
6.086,2.77,20.94,0.443,0
6.086,2.77,20.94,0.443,0
6.087,2.77,20.95,0.443,0
6.087,2.77,20.95,0.443,0
6.087,2.77,20.95,0.443,0
6.088,2.77,20.95,0.443,0
6.088,2.77,20.97,0.443,0
6.088,2.77,20.97,0.443,0
6.088,2.77,20.97,0.443,0
6.088,2.77,20.97,0.443,0
6.089,2.77,20.98,0.443,0
6.089,2.77,20.98,0.443,0
6.089,2.77,20.98,0.443,0
6.089,2.77,20.98,0.443,0
6.090,2.77,20.98,0.443,0
6.090,2.77,20.99,0.443,0
6.090,2.77,20.99,0.443,0
6.090,2.77,20.99,0.443,0
6.091,2.77,21.00,0.443,0
6.091,2.77,21.00,0.443,0
6.091,2.77,21.00,0.443,0
6.091,2.77,21.00,0.443,0
6.092,2.77,21.00,0.443,0
6.092,2.77,21.01,0.443,0
6.092,2.77,21.01,0.443,0
6.092,2.77,21.01,0.443,0
6.093,2.77,21.01,0.443,0
6.093,2.77,21.01,0.443,0
6.093,2.77,21.01,0.443,0
6.093,2.77,21.01,0.443,0
6.094,2.77,21.01,0.443,0
6.094,2.77,21.02,0.443,0
6.094,2.77,21.02,0.443,0
6.094,2.77,21.02,0.443,0
6.094,2.77,21.02,0.443,0
6.095,2.77,21.03,0.443,0
6.095,2.77,21.03,0.443,0
6.095,2.77,21.03,0.443,0
6.095,2.77,21.03,0.443,0
6.096,2.77,21.04,0.443,0
6.096,2.77,21.04,0.443,0
6.096,2.77,21.04,0.443,0
6.096,2.77,21.04,0.443,0
6.097,2.77,21.05,0.443,0
6.097,2.77,21.05,0.443,0
6.097,2.77,21.05,0.443,0
6.097,2.77,21.05,0.443,0
6.098,2.77,21.05,0.443,0
6.098,2.77,21.05,0.443,0
6.098,2.77,21.05,0.443,0
6.098,2.77,21.05,0.443,0
6.099,2.77,21.05,0.443,0
6.099,2.77,21.06,0.443,0
6.099,2.77,21.06,0.443,0
6.099,2.77,21.06,0.443,0
6.099,2.77,21.06,0.443,0
6.100,2.77,21.07,0.443,0
6.100,2.77,21.07,0.443,0
6.100,2.77,21.07,0.443,0
6.101,2.77,21.07,0.443,0
6.101,2.77,21.07,0.443,0
6.101,2.77,21.07,0.443,0
6.101,2.77,21.07,0.443,0
6.102,2.77,21.07,0.443,0
6.102,2.77,21.08,0.443,0
6.102,2.77,21.08,0.443,0
6.102,2.77,21.08,0.443,0
6.103,2.77,21.08,0.443,0
6.103,2.77,21.08,0.443,0
6.103,2.77,21.08,0.443,0
6.104,2.77,21.08,0.443,0
6.104,2.77,21.09,0.443,0
6.104,2.77,21.09,0.443,0
6.104,2.77,21.09,0.443,0
6.105,2.77,21.09,0.443,0
6.105,2.77,21.09,0.443,0
6.105,2.77,21.09,0.443,0
6.105,2.77,21.09,0.443,0
6.106,2.77,21.10,0.443,0
6.106,2.77,21.10,0.443,0
6.106,2.77,21.10,0.443,0
6.106,2.77,21.10,0.443,0
6.107,2.77,21.10,0.443,0
6.107,2.77,21.10,0.443,0
6.107,2.77,21.10,0.443,0
6.108,2.77,21.10,0.443,0
6.108,2.77,21.10,0.443,0
6.108,2.77,21.10,0.443,0
6.108,2.77,21.10,0.443,0
6.109,2.77,21.10,0.443,0
6.109,2.77,21.11,0.443,0
6.109,2.77,21.11,0.443,0
6.109,2.77,21.11,0.443,0
6.110,2.77,21.11,0.443,0
6.110,2.77,21.11,0.443,0
6.110,2.77,21.11,0.443,0
6.110,2.77,21.11,0.443,0
6.111,2.77,21.11,0.443,0
6.111,2.77,21.11,0.443,0
6.111,2.77,21.11,0.443,0
6.111,2.77,21.11,0.443,0
6.112,2.77,21.11,0.443,0
6.112,2.77,21.11,0.443,0
6.112,2.77,21.11,0.443,0
6.112,2.77,21.11,0.443,0
6.113,2.77,21.11,0.443,0
6.113,2.77,21.11,0.443,0
6.113,2.77,21.11,0.443,0
6.114,2.77,21.11,0.443,0
6.114,2.77,21.11,0.443,0
6.114,2.77,21.11,0.443,0
6.114,2.77,21.11,0.443,0
6.115,2.77,21.11,0.443,0
6.115,2.77,21.11,0.443,0
6.115,2.77,21.11,0.443,0
6.115,2.77,21.11,0.443,0
6.116,2.77,21.11,0.443,0
6.116,2.77,21.11,0.443,0
6.116,2.77,21.11,0.443,0
6.116,2.77,21.11,0.443,0
6.117,2.77,21.11,0.443,0
6.117,2.77,21.11,0.443,0
6.117,2.77,21.11,0.443,0
6.117,2.77,21.11,0.443,0
6.118,2.77,21.11,0.443,0
6.118,2.77,21.11,0.443,0
6.118,2.77,21.11,0.443,0
6.118,2.77,21.11,0.443,0
6.119,2.77,21.11,0.443,0
6.119,2.77,21.11,0.443,0
6.119,2.77,21.11,0.443,0
6.119,2.77,21.11,0.443,0
6.120,2.77,21.11,0.443,0
6.120,2.77,21.11,0.443,0
6.120,2.77,21.11,0.443,0
6.120,2.77,21.11,0.443,0
6.121,2.77,21.11,0.443,0
6.121,2.77,21.11,0.443,0
6.121,2.77,21.11,0.443,0
6.122,2.77,21.11,0.443,0
6.122,2.77,21.10,0.443,0
6.122,2.77,21.10,0.443,0
6.123,2.77,21.10,0.443,0
6.123,2.77,21.10,0.443,0
6.123,2.77,21.10,0.443,0
6.123,2.77,21.10,0.443,0
6.124,2.77,21.10,0.443,0
6.124,2.77,21.10,0.443,0
6.124,2.77,21.10,0.443,0
6.124,2.77,21.10,0.443,0
6.125,2.77,21.10,0.443,0
6.125,2.77,21.09,0.443,0
6.125,2.77,21.09,0.443,0
6.125,2.77,21.09,0.443,0
6.126,2.77,21.09,0.443,0
6.126,2.77,21.09,0.443,0
6.126,2.77,21.09,0.443,0
6.127,2.77,21.09,0.443,0
6.127,2.77,21.08,0.443,0
6.127,2.77,21.08,0.443,0
6.127,2.77,21.08,0.443,0
6.128,2.77,21.08,0.443,0
6.128,2.77,21.08,0.443,0
6.128,2.77,21.08,0.443,0
6.129,2.77,21.08,0.443,0
6.129,2.77,21.08,0.443,0
6.129,2.77,21.08,0.443,0
6.130,2.77,21.08,0.443,0
6.130,2.77,21.07,0.443,0
6.130,2.77,21.07,0.443,0
6.130,2.77,21.07,0.443,0
6.131,2.77,21.07,0.443,0
6.131,2.77,21.06,0.443,0
6.131,2.77,21.06,0.443,0
6.131,2.77,21.06,0.443,0
6.132,2.77,21.06,0.443,0
6.132,2.77,21.06,0.443,0
6.132,2.77,21.06,0.443,0
6.132,2.77,21.06,0.443,0
6.133,2.77,21.06,0.443,0
6.133,2.77,21.05,0.443,0
6.133,2.77,21.05,0.443,0
6.133,2.77,21.05,0.443,0
6.134,2.77,21.05,0.443,0
6.134,2.77,21.04,0.443,0
6.134,2.77,21.04,0.443,0
6.134,2.77,21.04,0.443,0
6.135,2.77,21.04,0.443,0
6.135,2.77,21.03,0.443,0
6.135,2.77,21.03,0.443,0
6.136,2.77,21.03,0.443,0
6.136,2.77,21.03,0.443,0
6.136,2.77,21.03,0.443,0
6.136,2.77,21.03,0.443,0
6.136,2.77,21.03,0.443,0
6.137,2.77,21.03,0.443,0
6.137,2.77,21.02,0.443,0
6.137,2.77,21.02,0.443,0
6.137,2.77,21.02,0.443,0
6.138,2.77,21.02,0.443,0
6.138,2.77,21.01,0.443,0
6.138,2.77,21.01,0.443,0
6.138,2.77,21.01,0.443,0
6.139,2.77,21.01,0.443,0
6.139,2.77,21.00,0.443,0
6.139,2.77,21.00,0.443,0
6.139,2.77,21.00,0.443,0
6.140,2.77,21.00,0.443,0
6.140,2.77,20.99,0.443,0
6.140,2.77,20.99,0.443,0
6.140,2.77,20.99,0.443,0
6.141,2.77,20.99,0.443,0
6.141,2.77,20.98,0.443,0
6.141,2.77,20.98,0.443,0
6.141,2.77,20.98,0.443,0
6.142,2.77,20.98,0.443,0
6.142,2.77,20.97,0.443,0
6.142,2.77,20.97,0.443,0
6.142,2.77,20.97,0.443,0
6.143,2.77,20.97,0.443,0
6.143,2.77,20.96,0.443,0
6.143,2.77,20.96,0.443,0
6.143,2.77,20.96,0.443,0
6.144,2.77,20.96,0.443,0
6.144,2.77,20.95,0.443,0
6.144,2.77,20.95,0.443,0
6.144,2.77,20.95,0.443,0
6.145,2.77,20.95,0.443,0
6.145,2.77,20.94,0.443,0
6.145,2.77,20.94,0.443,0
6.145,2.77,20.94,0.443,0
6.146,2.77,20.94,0.443,0
6.146,2.77,20.92,0.443,0
6.146,2.77,20.92,0.443,0
6.146,2.77,20.92,0.443,0
6.147,2.77,20.92,0.443,0
6.147,2.77,20.91,0.443,0
6.147,2.77,20.91,0.443,0
6.147,2.77,20.91,0.443,0
6.148,2.77,20.91,0.443,0
6.148,2.77,20.90,0.443,0
6.148,2.77,20.90,0.443,0
6.148,2.77,20.90,0.443,0
6.149,2.77,20.90,0.443,0
6.149,2.77,20.89,0.443,0
6.149,2.77,20.89,0.443,0
6.149,2.77,20.89,0.443,0
6.150,2.77,20.89,0.443,0
6.150,2.77,20.87,0.443,0
6.150,2.77,20.87,0.443,0
6.150,2.77,20.87,0.443,0
6.151,2.77,20.87,0.443,0
6.151,2.77,20.86,0.443,0
6.151,2.77,20.86,0.443,0
6.151,2.77,20.86,0.443,0
6.152,2.77,20.86,0.443,0
6.152,2.77,20.84,0.443,0
6.152,2.77,20.84,0.443,0
6.152,2.77,20.84,0.443,0
6.153,2.77,20.84,0.443,0
6.153,2.77,20.83,0.443,0
6.153,2.77,20.83,0.443,0
6.153,2.77,20.83,0.443,0
6.154,2.77,20.83,0.443,0
6.154,2.77,20.81,0.443,0
6.154,2.77,20.81,0.443,0
6.155,2.77,20.81,0.443,0
6.155,2.77,20.80,0.443,0
6.155,2.77,20.80,0.443,0
6.155,2.77,20.80,0.443,0
6.156,2.77,20.80,0.443,0
6.156,2.77,20.78,0.443,0
6.156,2.77,20.78,0.443,0
6.157,2.77,20.78,0.443,0
6.157,2.77,20.78,0.443,0
6.157,2.77,20.77,0.443,0
6.157,2.77,20.77,0.443,0
6.158,2.77,20.77,0.443,0
6.158,2.77,20.77,0.443,0
6.158,2.77,20.75,0.443,0
6.158,2.77,20.75,0.443,0
6.158,2.77,20.75,0.443,0
6.159,2.77,20.75,0.443,0
6.159,2.77,20.73,0.443,0
6.159,2.77,20.73,0.443,0
6.159,2.77,20.73,0.443,0
6.160,2.77,20.73,0.443,0
6.160,2.77,20.71,0.443,0
6.160,2.77,20.71,0.443,0
6.160,2.77,20.71,0.443,0
6.161,2.77,20.71,0.443,0
6.161,2.77,20.70,0.443,0
6.161,2.77,20.70,0.443,0
6.161,2.77,20.70,0.443,0
6.162,2.77,20.70,0.443,0
6.162,2.77,20.68,0.443,0
6.162,2.77,20.68,0.443,0
6.163,2.77,20.68,0.443,0
6.163,2.77,20.66,0.443,0
6.163,2.77,20.66,0.443,0
6.163,2.77,20.66,0.443,0
6.164,2.77,20.66,0.443,0
6.164,2.77,20.64,0.443,0
6.164,2.77,20.64,0.443,0
6.165,2.77,20.64,0.443,0
6.165,2.77,20.64,0.443,0
6.165,2.77,20.62,0.443,0
6.165,2.77,20.62,0.443,0
6.165,2.77,20.62,0.443,0
6.166,2.77,20.62,0.443,0
6.166,2.77,20.60,0.443,0
6.166,2.77,20.60,0.443,0
6.166,2.77,20.60,0.443,0
6.167,2.77,20.60,0.443,0
6.167,2.77,20.58,0.443,0
6.167,2.77,20.58,0.443,0
6.168,2.77,20.58,0.443,0
6.168,2.77,20.58,0.443,0
6.168,2.77,20.56,0.443,0
6.169,2.77,20.56,0.443,0
6.169,2.77,20.54,0.443,1
6.169,6.44,20.54,0.600,0
6.170,6.44,20.54,0.600,0
6.170,6.44,20.52,0.600,0
6.170,6.44,20.52,0.600,0
6.171,6.44,20.52,0.600,0
6.171,6.44,20.49,0.600,0
6.171,6.44,20.49,0.600,0
6.172,6.44,20.49,0.600,0
6.172,6.44,20.49,0.600,0
6.172,6.44,20.47,0.600,0
6.172,6.44,20.47,0.600,0
6.172,6.44,20.47,0.600,0
6.173,6.44,20.47,0.600,0
6.173,6.44,20.45,0.600,0
6.173,6.44,20.45,0.600,0
6.173,6.44,20.45,0.600,0
6.174,6.44,20.45,0.600,0
6.174,6.44,20.43,0.600,0
6.174,6.44,20.43,0.600,0
6.174,6.44,20.43,0.600,0
6.175,6.44,20.43,0.600,0
6.175,6.44,20.40,0.600,0
6.175,6.44,20.40,0.600,0
6.176,6.44,20.40,0.600,0
6.176,6.44,20.40,0.600,0
6.176,6.44,20.38,0.600,0
6.176,6.44,20.38,0.600,0
6.177,6.44,20.38,0.600,0
6.177,6.44,20.35,0.600,0
6.177,6.44,20.35,0.600,0
6.177,6.44,20.35,0.600,0
6.178,6.44,20.35,0.600,0
6.178,6.44,20.33,0.600,0
6.178,6.44,20.33,0.600,0
6.178,6.44,20.33,0.600,0
6.179,6.44,20.33,0.600,0
6.179,6.44,20.31,0.600,0
6.179,6.44,20.31,0.600,0
6.179,6.44,20.31,0.600,0
6.180,6.44,20.31,0.600,0
6.180,6.44,20.28,0.600,0
6.180,6.44,20.28,0.600,0
6.180,6.44,20.28,0.600,0
6.181,6.44,20.28,0.600,0
6.181,6.44,20.26,0.600,0
6.181,6.44,20.26,0.600,0
6.181,6.44,20.26,0.600,0
6.182,6.44,20.26,0.600,0
6.182,6.44,20.23,0.600,0
6.182,6.44,20.23,0.600,0
6.182,6.44,20.23,0.600,0
6.183,6.44,20.23,0.600,0
6.183,6.44,20.21,0.600,0
6.183,6.44,20.21,0.600,0
6.184,6.44,20.21,0.600,0
6.184,6.44,20.21,0.600,0
6.184,6.44,20.19,0.600,0
6.184,6.44,20.19,0.600,0
6.185,6.44,20.19,0.600,0
6.185,6.44,20.16,0.600,0
6.185,6.44,20.16,0.600,0
6.185,6.44,20.16,0.600,0
6.186,6.44,20.16,0.600,0
6.186,6.44,20.14,0.600,0
6.186,6.44,20.14,0.600,0
6.186,6.44,20.14,0.600,0
6.187,6.44,20.14,0.600,0
6.187,6.44,20.11,0.600,0
6.187,6.44,20.11,0.600,0
6.187,6.44,20.11,0.600,0
6.188,6.44,20.11,0.600,0
6.188,6.44,20.09,0.600,0
6.188,6.44,20.09,0.600,0
6.188,6.44,20.09,0.600,0
6.189,6.44,20.09,0.600,0
6.189,6.44,20.07,0.600,0
6.189,6.44,20.07,0.600,0
6.189,6.44,20.07,0.600,0
6.190,6.44,20.07,0.600,0
6.190,6.44,20.04,0.600,0
6.190,6.44,20.04,0.600,0
6.191,6.44,20.04,0.600,0
6.191,6.44,20.01,0.600,0
6.191,6.44,20.01,0.600,0
6.191,6.44,20.01,0.600,0
6.192,6.44,20.01,0.600,0
6.192,6.44,19.99,0.600,0
6.192,6.44,19.99,0.600,0
6.192,6.44,19.99,0.600,0
6.193,6.44,19.99,0.600,0
6.193,6.44,19.99,0.600,0
6.193,6.44,19.96,0.600,0
6.193,6.44,19.96,0.600,0
6.194,6.44,19.96,0.600,0
6.194,6.44,19.93,0.600,0
6.194,6.44,19.93,0.600,0
6.194,6.44,19.93,0.600,0
6.195,6.44,19.93,0.600,0
6.195,6.44,19.93,0.600,0
6.195,6.44,19.91,0.600,0
6.195,6.44,19.91,0.600,0
6.196,6.44,19.91,0.600,0
6.196,6.44,19.88,0.600,0
6.196,6.44,19.88,0.600,0
6.196,6.44,19.88,0.600,0
6.197,6.44,19.88,0.600,0
6.197,6.44,19.88,0.600,0
6.197,6.44,19.85,0.600,0
6.197,6.44,19.85,0.600,0
6.198,6.44,19.85,0.600,0
6.198,6.44,19.82,0.600,0
6.198,6.44,19.82,0.600,0
6.199,6.44,19.82,0.600,0
6.199,6.44,19.82,0.600,0
6.199,6.44,19.79,0.600,0
6.199,6.44,19.79,0.600,0
6.200,6.44,19.79,0.600,0
6.200,6.44,19.79,0.600,0
6.200,6.44,19.76,0.600,0
6.200,6.44,19.76,0.600,0
6.200,6.44,19.76,0.600,0
6.201,6.44,19.76,0.600,0
6.201,6.44,19.73,0.600,0
6.201,6.44,19.73,0.600,0
6.201,6.44,19.73,0.600,0
6.202,6.44,19.73,0.600,0
6.202,6.44,19.73,0.600,0
6.202,6.44,19.70,0.600,0
6.202,6.44,19.70,0.600,0
6.202,6.44,19.70,0.600,0
6.203,6.44,19.70,0.600,0
6.203,6.44,19.67,0.600,0
6.203,6.44,19.67,0.600,0
6.203,6.44,19.67,0.600,0
6.204,6.44,19.67,0.600,0
6.204,6.44,19.64,0.600,0
6.204,6.44,19.64,0.600,0
6.204,6.44,19.64,0.600,0
6.205,6.44,19.64,0.600,0
6.205,6.44,19.61,0.600,0
6.205,6.44,19.61,0.600,0
6.206,6.44,19.61,0.600,0
6.206,6.44,19.58,0.600,0
6.206,6.44,19.58,0.600,0
6.206,6.44,19.58,0.600,0
6.206,6.44,19.58,0.600,0
6.207,6.44,19.58,0.600,0
6.207,6.44,19.55,0.600,0
6.207,6.44,19.55,0.600,0
6.207,6.44,19.55,0.600,0
6.208,6.44,19.55,0.600,0
6.208,6.44,19.51,0.600,0
6.208,6.44,19.51,0.600,0
6.208,6.44,19.51,0.600,0
6.209,6.44,19.51,0.600,0
6.209,6.44,19.51,0.600,0
6.209,6.44,19.48,0.600,0
6.209,6.44,19.48,0.600,0
6.210,6.44,19.48,0.600,0
6.210,6.44,19.48,0.600,0
6.210,6.44,19.45,0.600,0
6.210,6.44,19.45,0.600,0
6.211,6.44,19.45,0.600,0
6.211,6.44,19.42,0.600,0
6.211,6.44,19.42,0.600,0
6.212,6.44,19.42,0.600,0
6.212,6.44,19.42,0.600,0
6.212,6.44,19.38,0.600,0
6.212,6.44,19.38,0.600,0
6.213,6.44,19.38,0.600,0
6.213,6.44,19.38,0.600,0
6.213,6.44,19.35,0.600,0
6.213,6.44,19.35,0.600,0
6.213,6.44,19.35,0.600,0
6.214,6.44,19.35,0.600,0
6.214,6.44,19.32,0.600,0
6.214,6.44,19.32,0.600,0
6.214,6.44,19.32,0.600,0
6.215,6.44,19.32,0.600,0
6.215,6.44,19.29,0.600,0
6.215,6.44,19.29,0.600,0
6.215,6.44,19.29,0.600,0
6.216,6.44,19.29,0.600,0
6.216,6.44,19.26,0.600,0
6.216,6.44,19.26,0.600,0
6.216,6.44,19.26,0.600,0
6.217,6.44,19.26,0.600,0
6.217,6.44,19.22,0.600,0
6.217,6.44,19.22,0.600,0
6.217,6.44,19.22,0.600,0
6.218,6.44,19.22,0.600,0
6.218,6.44,19.19,0.600,0
6.218,6.44,19.19,0.600,0
6.219,6.44,19.19,0.600,0
6.219,6.44,19.16,0.600,0
6.219,6.44,19.16,0.600,0
6.219,6.44,19.16,0.600,0
6.220,6.44,19.16,0.600,0
6.220,6.44,19.13,0.600,0
6.220,6.44,19.13,0.600,0
6.220,6.44,19.13,0.600,0
6.221,6.44,19.13,0.600,0
6.221,6.44,19.09,0.600,0
6.221,6.44,19.09,0.600,0
6.221,6.44,19.09,0.600,0
6.222,6.44,19.09,0.600,0
6.222,6.44,19.09,0.600,0
6.222,6.44,19.06,0.600,0
6.222,6.44,19.06,0.600,0
6.223,6.44,19.06,0.600,0
6.223,6.44,19.06,0.600,0
6.223,6.44,19.03,0.600,0
6.223,6.44,19.03,0.600,0
6.223,6.44,19.03,0.600,0
6.224,6.44,19.03,0.600,0
6.224,6.44,19.00,0.600,0
6.224,6.44,19.00,0.600,0
6.225,6.44,19.00,0.600,0
6.225,6.44,19.00,0.600,0
6.225,6.44,18.96,0.600,0
6.225,6.44,18.96,0.600,0
6.226,6.44,18.96,0.600,0
6.226,6.44,18.96,0.600,0
6.226,6.44,18.93,0.600,0
6.226,6.44,18.93,0.600,0
6.227,6.44,18.93,0.600,0
6.227,6.44,18.93,0.600,0
6.227,6.44,18.90,0.600,0
6.227,6.44,18.90,0.600,0
6.228,6.44,18.90,0.600,0
6.228,6.44,18.87,0.600,0
6.228,6.44,18.87,0.600,0
6.228,6.44,18.87,0.600,0
6.229,6.44,18.87,0.600,0
6.229,6.44,18.87,0.600,0
6.229,6.44,18.83,0.600,0
6.229,6.44,18.83,0.600,0
6.229,6.44,18.83,0.600,0
6.230,6.44,18.83,0.600,0
6.230,6.44,18.80,0.600,0
6.230,6.44,18.80,0.600,0
6.230,6.44,18.80,0.600,0
6.231,6.44,18.80,0.600,0
6.231,6.44,18.77,0.600,0
6.231,6.44,18.77,0.600,0
6.232,6.44,18.77,0.600,0
6.232,6.44,18.74,0.600,0
6.232,6.44,18.74,0.600,0
6.233,6.44,18.74,0.600,0
6.233,6.44,18.70,0.600,0
6.233,6.44,18.70,0.600,0
6.233,6.44,18.70,0.600,0
6.234,6.44,18.70,0.600,0
6.234,6.44,18.67,0.600,0
6.234,6.44,18.67,0.600,0
6.234,6.44,18.67,0.600,0
6.235,6.44,18.67,0.600,0
6.235,6.44,18.67,0.600,0
6.235,6.44,18.64,0.600,0
6.235,6.44,18.64,0.600,0
6.235,6.44,18.64,0.600,0
6.236,6.44,18.64,0.600,0
6.236,6.44,18.61,0.600,0
6.236,6.44,18.61,0.600,0
6.236,6.44,18.61,0.600,0
6.237,6.44,18.61,0.600,0
6.237,6.44,18.57,0.600,0
6.237,6.44,18.57,0.600,0
6.237,6.44,18.57,0.600,0
6.238,6.44,18.57,0.600,0
6.238,6.44,18.54,0.600,0
6.238,6.44,18.54,0.600,0
6.238,6.44,18.54,0.600,0
6.239,6.44,18.54,0.600,0
6.239,6.44,18.54,0.600,0
6.239,6.44,18.51,0.600,0
6.239,6.44,18.51,0.600,0
6.240,6.44,18.51,0.600,0
6.240,6.44,18.48,0.600,0
6.240,6.44,18.48,0.600,0
6.240,6.44,18.48,0.600,0
6.241,6.44,18.48,0.600,0
6.241,6.44,18.44,0.600,0
6.241,6.44,18.44,0.600,0
6.241,6.44,18.44,0.600,0
6.242,6.44,18.44,0.600,0
6.242,6.44,18.44,0.600,0
6.242,6.44,18.41,0.600,0
6.242,6.44,18.41,0.600,0
6.242,6.44,18.41,0.600,0
6.243,6.44,18.41,0.600,0
6.243,6.44,18.38,0.600,0
6.243,6.44,18.38,0.600,0
6.243,6.44,18.38,0.600,0
6.244,6.44,18.38,0.600,0
6.244,6.44,18.35,0.600,0
6.244,6.44,18.35,0.600,0
6.244,6.44,18.35,0.600,0
6.245,6.44,18.35,0.600,0
6.245,6.44,18.35,0.600,0
6.245,6.44,18.32,0.600,0
6.245,6.44,18.32,0.600,0
6.245,6.44,18.32,0.600,0
6.246,6.44,18.28,0.600,0
6.246,6.44,18.28,0.600,0
6.246,6.44,18.28,0.600,0
6.247,6.44,18.28,0.600,0
6.247,6.44,18.25,0.600,0
6.247,6.44,18.25,0.600,0
6.247,6.44,18.25,0.600,0
6.248,6.44,18.25,0.600,0
6.248,6.44,18.22,0.600,0
6.248,6.44,18.22,0.600,0
6.248,6.44,18.22,0.600,0
6.249,6.44,18.22,0.600,0
6.249,6.44,18.22,0.600,0
6.249,6.44,18.19,0.600,0
6.249,6.44,18.19,0.600,0
6.249,6.44,18.19,0.600,0
6.250,6.44,18.19,0.600,0
6.250,6.44,18.15,0.600,0
6.250,6.44,18.15,0.600,0
6.250,6.44,18.15,0.600,0
6.251,6.44,18.15,0.600,0
6.251,6.44,18.12,0.600,0
6.251,6.44,18.12,0.600,0
6.251,6.44,18.12,0.600,0
6.252,6.44,18.12,0.600,0
6.252,6.44,18.09,0.600,0
6.252,6.44,18.09,0.600,0
6.252,6.44,18.09,0.600,0
6.253,6.44,18.09,0.600,0
6.253,6.44,18.06,0.600,0
6.253,6.44,18.06,0.600,0
6.253,6.44,18.06,0.600,0
6.254,6.44,18.06,0.600,0
6.254,6.44,18.02,0.600,0
6.254,6.44,18.02,0.600,0
6.254,6.44,18.02,0.600,0
6.255,6.44,18.02,0.600,0
6.255,6.44,17.99,0.600,0
6.255,6.44,17.99,0.600,0
6.255,6.44,17.99,0.600,0
6.256,6.44,17.99,0.600,0
6.256,6.44,17.96,0.600,0
6.256,6.44,17.96,0.600,0
6.256,6.44,17.96,0.600,0
6.257,6.44,17.96,0.600,0
6.257,6.44,17.96,0.600,0
6.257,6.44,17.93,0.600,0
6.257,6.44,17.93,0.600,0
6.257,6.44,17.93,0.600,0
6.258,6.44,17.93,0.600,0
6.258,6.44,17.89,0.600,0
6.258,6.44,17.89,0.600,0
6.258,6.44,17.89,0.600,0
6.259,6.44,17.89,0.600,0
6.259,6.44,17.86,0.600,0
6.259,6.44,17.86,0.600,0
6.259,6.44,17.86,0.600,0
6.260,6.44,17.86,0.600,0
6.260,6.44,17.83,0.600,0
6.260,6.44,17.83,0.600,0
6.261,6.44,17.83,0.600,0
6.261,6.44,17.83,0.600,0
6.261,6.44,17.80,0.600,0
6.261,6.44,17.80,0.600,0
6.262,6.44,17.80,0.600,0
6.262,6.44,17.80,0.600,0
6.262,6.44,17.76,0.600,0
6.262,6.44,17.76,0.600,0
6.262,6.44,17.76,0.600,0
6.263,6.44,17.76,0.600,0
6.263,6.44,17.73,0.600,0
6.263,6.44,17.73,0.600,0
6.263,6.44,17.73,0.600,0
6.264,6.44,17.73,0.600,0
6.264,6.44,17.70,0.600,0
6.264,6.44,17.70,0.600,0
6.264,6.44,17.70,0.600,0
6.264,6.44,17.70,0.600,0
6.265,6.44,17.67,0.600,0
6.265,6.44,17.67,0.600,0
6.265,6.44,17.67,0.600,0
6.265,6.44,17.67,0.600,0
6.266,6.44,17.67,0.600,0
6.266,6.44,17.63,0.600,0
6.266,6.44,17.63,0.600,0
6.267,6.44,17.63,0.600,0
6.267,6.44,17.60,0.600,0
6.267,6.44,17.60,0.600,0
6.268,6.44,17.60,0.600,0
6.268,6.44,17.57,0.600,0
6.268,6.44,17.57,0.600,0
6.268,6.44,17.57,0.600,0
6.269,6.44,17.57,0.600,0
6.269,6.44,17.54,0.600,0
6.269,6.44,17.54,0.600,0
6.270,6.44,17.54,0.600,0
6.270,6.44,17.50,0.600,0
6.270,6.44,17.50,0.600,0
6.270,6.44,17.50,0.600,0
6.271,6.44,17.50,0.600,0
6.271,6.44,17.50,0.600,0
6.271,6.44,17.47,0.600,0
6.271,6.44,17.47,0.600,0
6.272,6.44,17.47,0.600,0
6.272,6.44,17.44,0.600,0
6.272,6.44,17.44,0.600,0
6.272,6.44,17.44,0.600,0
6.272,6.44,17.44,0.600,0
6.273,6.44,17.41,0.600,0
6.273,6.44,17.41,0.600,0
6.273,6.44,17.41,0.600,0
6.274,6.44,17.41,0.600,0
6.274,6.44,17.38,0.600,0
6.274,6.44,17.38,0.600,0
6.274,6.44,17.38,0.600,0
6.275,6.44,17.38,0.600,0
6.275,6.44,17.34,0.600,0
6.275,6.44,17.34,0.600,0
6.275,6.44,17.34,0.600,0
6.276,6.44,17.34,0.600,0
6.276,6.44,17.31,0.600,0
6.276,6.44,17.31,0.600,0
6.276,6.44,17.31,0.600,0
6.277,6.44,17.31,0.600,0
6.277,6.44,17.28,0.600,0
6.277,6.44,17.28,0.600,0
6.277,6.44,17.28,0.600,0
6.278,6.44,17.28,0.600,0
6.278,6.44,17.25,0.600,0
6.278,6.44,17.25,0.600,0
6.278,6.44,17.25,0.600,0
6.279,6.44,17.25,0.600,0
6.279,6.44,17.21,0.600,0
6.279,6.44,17.21,0.600,0
6.279,6.44,17.21,0.600,0
6.280,6.44,17.21,0.600,0
6.280,6.44,17.18,0.600,0
6.280,6.44,17.18,0.600,0
6.280,6.44,17.18,0.600,0
6.281,6.44,17.18,0.600,0
6.281,6.44,17.15,0.600,0
6.281,6.44,17.15,0.600,0
6.281,6.44,17.15,0.600,0
6.282,6.44,17.15,0.600,0
6.282,6.44,17.12,0.600,0
6.282,6.44,17.12,0.600,0
6.282,6.44,17.12,0.600,0
6.283,6.44,17.12,0.600,0
6.283,6.44,17.08,0.600,0
6.283,6.44,17.08,0.600,0
6.283,6.44,17.08,0.600,0
6.284,6.44,17.08,0.600,0
6.284,6.44,17.05,0.600,0
6.284,6.44,17.05,0.600,0
6.284,6.44,17.05,0.600,0
6.285,6.44,17.05,0.600,0
6.285,6.44,17.02,0.600,0
6.285,6.44,17.02,0.600,0
6.285,6.44,17.02,0.600,0
6.286,6.44,16.99,0.600,0
6.286,6.44,16.99,0.600,0
6.286,6.44,16.99,0.600,0
6.286,6.44,16.99,0.600,0
6.287,6.44,16.95,0.600,0
6.287,6.44,16.95,0.600,0
6.287,6.44,16.95,0.600,0
6.288,6.44,16.95,0.600,0
6.288,6.44,16.92,0.600,0
6.288,6.44,16.92,0.600,0
6.288,6.44,16.92,0.600,0
6.289,6.44,16.92,0.600,0
6.289,6.44,16.89,0.600,0
6.289,6.44,16.89,0.600,0
6.289,6.44,16.89,0.600,0
6.290,6.44,16.89,0.600,0
6.290,6.44,16.86,0.600,0
6.290,6.44,16.86,0.600,0
6.290,6.44,16.86,0.600,0
6.291,6.44,16.86,0.600,0
6.291,6.44,16.82,0.600,0
6.291,6.44,16.82,0.600,0
6.291,6.44,16.82,0.600,0
6.292,6.44,16.82,0.600,0
6.292,6.44,16.79,0.600,0
6.292,6.44,16.79,0.600,0
6.292,6.44,16.79,0.600,0
6.293,6.44,16.79,0.600,0
6.293,6.44,16.76,0.600,0
6.293,6.44,16.76,0.600,0
6.293,6.44,16.76,0.600,0
6.294,6.44,16.76,0.600,0
6.294,6.44,16.73,0.600,0
6.294,6.44,16.73,0.600,0
6.294,6.44,16.73,0.600,0
6.295,6.44,16.73,0.600,0
6.295,6.44,16.69,0.600,0
6.295,6.44,16.69,0.600,0
6.295,6.44,16.69,0.600,0
6.296,6.44,16.69,0.600,0
6.296,6.44,16.66,0.600,0
6.296,6.44,16.66,0.600,0
6.296,6.44,16.66,0.600,0
6.297,6.44,16.66,0.600,0
6.297,6.44,16.63,0.600,0
6.297,6.44,16.63,0.600,0
6.297,6.44,16.63,0.600,0
6.298,6.44,16.63,0.600,0
6.298,6.44,16.60,0.600,0
6.298,6.44,16.60,0.600,0
6.298,6.44,16.60,0.600,0
6.299,6.44,16.60,0.600,0
6.299,6.44,16.57,0.600,0
6.299,6.44,16.57,0.600,0
6.299,6.44,16.57,0.600,0
6.300,6.44,16.57,0.600,0
6.300,6.44,16.53,0.600,0
6.300,6.44,16.53,0.600,0
6.301,6.44,16.53,0.600,0
6.301,6.44,16.50,0.600,0
6.301,6.44,16.50,0.600,0
6.301,6.44,16.50,0.600,0
6.302,6.44,16.50,0.600,0
6.302,6.44,16.47,0.600,0
6.302,6.44,16.47,0.600,0
6.302,6.44,16.47,0.600,0
6.303,6.44,16.47,0.600,0
6.303,6.44,16.44,0.600,0
6.303,6.44,16.44,0.600,0
6.304,6.44,16.44,0.600,1
6.304,10.14,16.40,0.600,0
6.304,10.14,16.40,0.600,0
6.305,10.14,16.40,0.600,0
6.305,10.14,16.40,0.600,0
6.305,10.14,16.37,0.600,0
6.305,10.14,16.37,0.600,0
6.306,10.14,16.37,0.600,0
6.306,10.14,16.34,0.600,0
6.306,10.14,16.34,0.600,0
6.306,10.14,16.34,0.600,0
6.306,10.14,16.34,0.600,0
6.307,10.14,16.34,0.600,0
6.307,10.14,16.31,0.600,0
6.307,10.14,16.31,0.600,0
6.307,10.14,16.31,0.600,0
6.308,10.14,16.31,0.600,0
6.308,10.14,16.27,0.600,0
6.308,10.14,16.27,0.600,0
6.309,10.14,16.27,0.600,0
6.309,10.14,16.24,0.600,0
6.309,10.14,16.24,0.600,0
6.309,10.14,16.24,0.600,0
6.310,10.14,16.24,0.600,0
6.310,10.14,16.21,0.600,0
6.310,10.14,16.21,0.600,0
6.310,10.14,16.21,0.600,0
6.310,10.14,16.21,0.600,0
6.311,10.14,16.18,0.600,0
6.311,10.14,16.18,0.600,0
6.311,10.14,16.18,0.600,0
6.312,10.14,16.18,0.600,0
6.312,10.14,16.14,0.600,0
6.312,10.14,16.14,0.600,0
6.312,10.14,16.14,0.600,0
6.313,10.14,16.14,0.600,0
6.313,10.14,16.14,0.600,0
6.313,10.14,16.11,0.600,0
6.313,10.14,16.11,0.600,0
6.314,10.14,16.11,0.600,0
6.314,10.14,16.11,0.600,0
6.314,10.14,16.08,0.600,0
6.314,10.14,16.08,0.600,0
6.315,10.14,16.08,0.600,0
6.315,10.14,16.05,0.600,0
6.315,10.14,16.05,0.600,0
6.315,10.14,16.05,0.600,0
6.316,10.14,16.05,0.600,0
6.316,10.14,16.01,0.600,0
6.316,10.14,16.01,0.600,0
6.316,10.14,16.01,0.600,0
6.317,10.14,16.01,0.600,0
6.317,10.14,15.98,0.600,0
6.317,10.14,15.98,0.600,0
6.318,10.14,15.98,0.600,0
6.318,10.14,15.95,0.600,0
6.318,10.14,15.95,0.600,0
6.318,10.14,15.95,0.600,0
6.318,10.14,15.95,0.600,0
6.319,10.14,15.95,0.600,0
6.319,10.14,15.92,0.600,0
6.319,10.14,15.92,0.600,0
6.319,10.14,15.92,0.600,0
6.320,10.14,15.92,0.600,0
6.320,10.14,15.88,0.600,0
6.320,10.14,15.88,0.600,0
6.320,10.14,15.88,0.600,0
6.321,10.14,15.88,0.600,0
6.321,10.14,15.85,0.600,0
6.321,10.14,15.85,0.600,0
6.322,10.14,15.85,0.600,0
6.322,10.14,15.82,0.600,0
6.322,10.14,15.82,0.600,0
6.322,10.14,15.82,0.600,0
6.323,10.14,15.82,0.600,0
6.323,10.14,15.79,0.600,0
6.323,10.14,15.79,0.600,0
6.323,10.14,15.79,0.600,0
6.324,10.14,15.79,0.600,0
6.324,10.14,15.75,0.600,0
6.324,10.14,15.75,0.600,0
6.324,10.14,15.75,0.600,0
6.325,10.14,15.75,0.600,0
6.325,10.14,15.72,0.600,0
6.325,10.14,15.72,0.600,0
6.325,10.14,15.72,0.600,0
6.326,10.14,15.72,0.600,0
6.326,10.14,15.69,0.600,0
6.326,10.14,15.69,0.600,0
6.326,10.14,15.69,0.600,0
6.326,10.14,15.69,0.600,0
6.327,10.14,15.69,0.600,0
6.327,10.14,15.66,0.600,0
6.327,10.14,15.66,0.600,0
6.327,10.14,15.66,0.600,0
6.328,10.14,15.66,0.600,0
6.328,10.14,15.63,0.600,0
6.328,10.14,15.63,0.600,0
6.328,10.14,15.63,0.600,0
6.329,10.14,15.63,0.600,0
6.329,10.14,15.59,0.600,0
6.329,10.14,15.59,0.600,0
6.329,10.14,15.59,0.600,0
6.330,10.14,15.59,0.600,0
6.330,10.14,15.56,0.600,0
6.330,10.14,15.56,0.600,0
6.331,10.14,15.56,0.600,0
6.331,10.14,15.53,0.600,0
6.331,10.14,15.53,0.600,0
6.331,10.14,15.53,0.600,0
6.332,10.14,15.53,0.600,0
6.332,10.14,15.50,0.600,0
6.332,10.14,15.50,0.600,0
6.332,10.14,15.50,0.600,0
6.333,10.14,15.50,0.600,0
6.333,10.14,15.50,0.600,0
6.333,10.14,15.46,0.600,0
6.333,10.14,15.46,0.600,0
6.334,10.14,15.46,0.600,0
6.334,10.14,15.43,0.600,0
6.334,10.14,15.43,0.600,0
6.334,10.14,15.43,0.600,0
6.335,10.14,15.40,0.600,0
6.335,10.14,15.40,0.600,0
6.335,10.14,15.40,0.600,0
6.336,10.14,15.40,0.600,0
6.336,10.14,15.37,0.600,0
6.336,10.14,15.37,0.600,0
6.336,10.14,15.37,0.600,0
6.336,10.14,15.37,0.600,0
6.337,10.14,15.37,0.600,0
6.337,10.14,15.33,0.600,0
6.337,10.14,15.33,0.600,0
6.337,10.14,15.33,0.600,0
6.338,10.14,15.33,0.600,0
6.338,10.14,15.30,0.600,0
6.338,10.14,15.30,0.600,0
6.338,10.14,15.30,0.600,0
6.339,10.14,15.30,0.600,0
6.339,10.14,15.27,0.600,0
6.339,10.14,15.27,0.600,0
6.339,10.14,15.27,0.600,0
6.340,10.14,15.27,0.600,0
6.340,10.14,15.24,0.600,0
6.340,10.14,15.24,0.600,0
6.340,10.14,15.24,0.600,0
6.341,10.14,15.24,0.600,0
6.341,10.14,15.20,0.600,0
6.341,10.14,15.20,0.600,0
6.341,10.14,15.20,0.600,0
6.341,10.14,15.20,0.600,0
6.342,10.14,15.20,0.600,0
6.342,10.14,15.17,0.600,0
6.342,10.14,15.17,0.600,0
6.342,10.14,15.17,0.600,0
6.343,10.14,15.17,0.600,0
6.343,10.14,15.14,0.600,0
6.343,10.14,15.14,0.600,0
6.343,10.14,15.14,0.600,0
6.344,10.14,15.14,0.600,0
6.344,10.14,15.11,0.600,0
6.344,10.14,15.11,0.600,0
6.344,10.14,15.11,0.600,0
6.345,10.14,15.11,0.600,0
6.345,10.14,15.07,0.600,0
6.345,10.14,15.07,0.600,0
6.345,10.14,15.07,0.600,0
6.346,10.14,15.07,0.600,0
6.346,10.14,15.04,0.600,0
6.346,10.14,15.04,0.600,0
6.346,10.14,15.04,0.600,0
6.347,10.14,15.04,0.600,0
6.347,10.14,15.01,0.600,0
6.347,10.14,15.01,0.600,0
6.347,10.14,15.01,0.600,0
6.348,10.14,15.01,0.600,0
6.348,10.14,14.98,0.600,0
6.348,10.14,14.98,0.600,0
6.348,10.14,14.98,0.600,0
6.349,10.14,14.98,0.600,0
6.349,10.14,14.98,0.600,0
6.349,10.14,14.94,0.600,0
6.349,10.14,14.94,0.600,0
6.350,10.14,14.94,0.600,0
6.350,10.14,14.91,0.600,0
6.350,10.14,14.91,0.600,0
6.351,10.14,14.91,0.600,0
6.351,10.14,14.91,0.600,0
6.351,10.14,14.88,0.600,0
6.352,10.14,14.88,0.600,0
6.352,10.14,14.85,0.600,0
6.352,10.14,14.85,0.600,0
6.353,10.14,14.85,0.600,0
6.353,10.14,14.81,0.600,0
6.353,10.14,14.81,0.600,0
6.353,10.14,14.81,0.600,0
6.354,10.14,14.81,0.600,0
6.354,10.14,14.78,0.600,0
6.354,10.14,14.78,0.600,0
6.354,10.14,14.78,0.600,0
6.354,10.14,14.78,0.600,0
6.355,10.14,14.78,0.600,0
6.355,10.14,14.75,0.600,0
6.355,10.14,14.75,0.600,0
6.355,10.14,14.75,0.600,0
6.356,10.14,14.75,0.600,0
6.356,10.14,14.72,0.600,0
6.356,10.14,14.72,0.600,0
6.356,10.14,14.72,0.600,0
6.357,10.14,14.72,0.600,0
6.357,10.14,14.69,0.600,0
6.357,10.14,14.69,0.600,0
6.357,10.14,14.69,0.600,0
6.358,10.14,14.69,0.600,0
6.358,10.14,14.65,0.600,0
6.358,10.14,14.65,0.600,0
6.358,10.14,14.65,0.600,0
6.359,10.14,14.65,0.600,0
6.359,10.14,14.65,0.600,0
6.359,10.14,14.62,0.600,0
6.359,10.14,14.62,0.600,0
6.360,10.14,14.62,0.600,0
6.360,10.14,14.59,0.600,0
6.360,10.14,14.59,0.600,0
6.360,10.14,14.59,0.600,0
6.361,10.14,14.59,0.600,0
6.361,10.14,14.56,0.600,0
6.361,10.14,14.56,0.600,0
6.361,10.14,14.56,0.600,0
6.362,10.14,14.56,0.600,0
6.362,10.14,14.52,0.600,0
6.362,10.14,14.52,0.600,0
6.362,10.14,14.52,0.600,0
6.363,10.14,14.52,0.600,0
6.363,10.14,14.49,0.600,0
6.363,10.14,14.49,0.600,0
6.364,10.14,14.49,0.600,0
6.364,10.14,14.46,0.600,0
6.364,10.14,14.46,0.600,0
6.364,10.14,14.46,0.600,0
6.365,10.14,14.46,0.600,0
6.365,10.14,14.46,0.600,0
6.365,10.14,14.43,0.600,0
6.365,10.14,14.43,0.600,0
6.365,10.14,14.43,0.600,0
6.366,10.14,14.43,0.600,0
6.366,10.14,14.39,0.600,0
6.366,10.14,14.39,0.600,0
6.366,10.14,14.39,0.600,0
6.367,10.14,14.39,0.600,0
6.367,10.14,14.36,0.600,0
6.367,10.14,14.36,0.600,0
6.367,10.14,14.36,0.600,0
6.368,10.14,14.36,0.600,0
6.368,10.14,14.33,0.600,0
6.368,10.14,14.33,0.600,0
6.368,10.14,14.33,0.600,0
6.369,10.14,14.33,0.600,0
6.369,10.14,14.30,0.600,0
6.369,10.14,14.30,0.600,0
6.369,10.14,14.30,0.600,0
6.370,10.14,14.30,0.600,0
6.370,10.14,14.26,0.600,0
6.370,10.14,14.26,0.600,0
6.370,10.14,14.26,0.600,0
6.371,10.14,14.26,0.600,0
6.371,10.14,14.26,0.600,0
6.371,10.14,14.23,0.600,0
6.371,10.14,14.23,0.600,0
6.372,10.14,14.23,0.600,0
6.372,10.14,14.20,0.600,0
6.372,10.14,14.20,0.600,0
6.372,10.14,14.20,0.600,0
6.373,10.14,14.20,0.600,0
6.373,10.14,14.17,0.600,0
6.373,10.14,14.17,0.600,0
6.373,10.14,14.17,0.600,0
6.374,10.14,14.17,0.600,0
6.374,10.14,14.13,0.600,0
6.374,10.14,14.13,0.600,0
6.374,10.14,14.13,0.600,0
6.375,10.14,14.13,0.600,0
6.375,10.14,14.13,0.600,0
6.375,10.14,14.10,0.600,0
6.375,10.14,14.10,0.600,0
6.376,10.14,14.10,0.600,0
6.376,10.14,14.07,0.600,0
6.376,10.14,14.07,0.600,0
6.376,10.14,14.07,0.600,0
6.377,10.14,14.07,0.600,0
6.377,10.14,14.04,0.600,0
6.377,10.14,14.04,0.600,0
6.377,10.14,14.04,0.600,0
6.378,10.14,14.04,0.600,0
6.378,10.14,14.00,0.600,0
6.378,10.14,14.00,0.600,0
6.378,10.14,14.00,0.600,0
6.379,10.14,14.00,0.600,0
6.379,10.14,13.97,0.600,0
6.379,10.14,13.97,0.600,0
6.379,10.14,13.97,0.600,0
6.380,10.14,13.97,0.600,0
6.380,10.14,13.97,0.600,0
6.380,10.14,13.94,0.600,0
6.380,10.14,13.94,0.600,0
6.380,10.14,13.94,0.600,0
6.381,10.14,13.94,0.600,0
6.381,10.14,13.91,0.600,0
6.381,10.14,13.91,0.600,0
6.381,10.14,13.91,0.600,0
6.382,10.14,13.91,0.600,0
6.382,10.14,13.87,0.600,0
6.382,10.14,13.87,0.600,0
6.382,10.14,13.87,0.600,0
6.383,10.14,13.87,0.600,0
6.383,10.14,13.84,0.600,0
6.383,10.14,13.84,0.600,0
6.383,10.14,13.84,0.600,0
6.384,10.14,13.84,0.600,0
6.384,10.14,13.84,0.600,0
6.384,10.14,13.81,0.600,0
6.384,10.14,13.81,0.600,0
6.384,10.14,13.81,0.600,0
6.385,10.14,13.81,0.600,0
6.385,10.14,13.78,0.600,0
6.385,10.14,13.78,0.600,0
6.386,10.14,13.78,0.600,0
6.386,10.14,13.74,0.600,0
6.386,10.14,13.74,0.600,0
6.387,10.14,13.74,0.600,0
6.387,10.14,13.74,0.600,0
6.387,10.14,13.71,0.600,0
6.387,10.14,13.71,0.600,0
6.387,10.14,13.71,0.600,0
6.388,10.14,13.71,0.600,0
6.388,10.14,13.68,0.600,0
6.388,10.14,13.68,0.600,0
6.388,10.14,13.68,0.600,0
6.389,10.14,13.68,0.600,0
6.389,10.14,13.65,0.600,0
6.389,10.14,13.65,0.600,0
6.389,10.14,13.65,0.600,0
6.390,10.14,13.65,0.600,0
6.390,10.14,13.62,0.600,0
6.390,10.14,13.62,0.600,0
6.390,10.14,13.62,0.600,0
6.391,10.14,13.62,0.600,0
6.391,10.14,13.58,0.600,0
6.391,10.14,13.58,0.600,0
6.391,10.14,13.58,0.600,0
6.392,10.14,13.58,0.600,0
6.392,10.14,13.55,0.600,0
6.392,10.14,13.55,0.600,0
6.393,10.14,13.55,0.600,0
6.393,10.14,13.55,0.600,0
6.393,10.14,13.52,0.600,0
6.393,10.14,13.52,0.600,0
6.393,10.14,13.52,0.600,0
6.394,10.14,13.52,0.600,0
6.394,10.14,13.49,0.600,0
6.394,10.14,13.49,0.600,0
6.394,10.14,13.49,0.600,0
6.395,10.14,13.49,0.600,0
6.395,10.14,13.45,0.600,0
6.395,10.14,13.45,0.600,0
6.395,10.14,13.45,0.600,0
6.396,10.14,13.45,0.600,0
6.396,10.14,13.42,0.600,0
6.396,10.14,13.42,0.600,0
6.396,10.14,13.42,0.600,0
6.397,10.14,13.42,0.600,0
6.397,10.14,13.39,0.600,0
6.397,10.14,13.39,0.600,0
6.397,10.14,13.39,0.600,0
6.398,10.14,13.39,0.600,0
6.398,10.14,13.36,0.600,0
6.398,10.14,13.36,0.600,0
6.398,10.14,13.36,0.600,0
6.399,10.14,13.36,0.600,0
6.399,10.14,13.32,0.600,0
6.400,10.14,13.32,0.600,0
6.400,10.14,13.29,0.600,0
6.400,10.14,13.29,0.600,0
6.401,10.14,13.29,0.600,0
6.401,10.14,13.26,0.600,0
6.401,10.14,13.26,0.600,0
6.401,10.14,13.26,0.600,0
6.402,10.14,13.26,0.600,0
6.402,10.14,13.23,0.600,0
6.402,10.14,13.23,0.600,0
6.402,10.14,13.23,0.600,0
6.403,10.14,13.23,0.600,0
6.403,10.14,13.19,0.600,0
6.403,10.14,13.19,0.600,0
6.404,10.14,13.19,0.600,0
6.404,10.14,13.19,0.600,0
6.404,10.14,13.16,0.600,0
6.404,10.14,13.16,0.600,0
6.405,10.14,13.16,0.600,0
6.405,10.14,13.13,0.600,0
6.405,10.14,13.13,0.600,0
6.405,10.14,13.13,0.600,0
6.406,10.14,13.13,0.600,0
6.406,10.14,13.10,0.600,0
6.406,10.14,13.10,0.600,0
6.407,10.14,13.10,0.600,0
6.407,10.14,13.10,0.600,0
6.407,10.14,13.06,0.600,0
6.407,10.14,13.06,0.600,0
6.408,10.14,13.06,0.600,0
6.408,10.14,13.03,0.600,0
6.408,10.14,13.03,0.600,0
6.408,10.14,13.03,0.600,0
6.409,10.14,13.03,0.600,0
6.409,10.14,13.03,0.600,0
6.409,10.14,13.00,0.600,0
6.409,10.14,13.00,0.600,0
6.410,10.14,13.00,0.600,0
6.410,10.14,12.97,0.600,0
6.410,10.14,12.97,0.600,0
6.410,10.14,12.97,0.600,0
6.411,10.14,12.97,0.600,0
6.411,10.14,12.93,0.600,0
6.411,10.14,12.93,0.600,0
6.411,10.14,12.93,0.600,0
6.412,10.14,12.93,0.600,0
6.412,10.14,12.90,0.600,0
6.412,10.14,12.90,0.600,0
6.412,10.14,12.90,0.600,0
6.413,10.14,12.90,0.600,0
6.413,10.14,12.87,0.600,0
6.413,10.14,12.87,0.600,0
6.414,10.14,12.87,0.600,0
6.414,10.14,12.84,0.600,0
6.414,10.14,12.84,0.600,0
6.414,10.14,12.84,0.600,0
6.415,10.14,12.84,0.600,0
6.415,10.14,12.80,0.600,0
6.415,10.14,12.80,0.600,0
6.415,10.14,12.80,0.600,0
6.416,10.14,12.80,0.600,0
6.416,10.14,12.80,0.600,0
6.416,10.14,12.77,0.600,0
6.416,10.14,12.77,0.600,0
6.417,10.14,12.77,0.600,0
6.417,10.14,12.74,0.600,0
6.417,10.14,12.74,0.600,0
6.417,10.14,12.74,0.600,0
6.418,10.14,12.74,0.600,0
6.418,10.14,12.71,0.600,0
6.418,10.14,12.71,0.600,0
6.419,10.14,12.71,0.600,0
6.419,10.14,12.71,0.600,0
6.419,10.14,12.67,0.600,0
6.419,10.14,12.67,0.600,0
6.420,10.14,12.67,0.600,0
6.420,10.14,12.67,0.600,0
6.420,10.14,12.64,0.600,0
6.420,10.14,12.64,0.600,0
6.421,10.14,12.64,0.600,0
6.421,10.14,12.61,0.600,0
6.421,10.14,12.61,0.600,0
6.421,10.14,12.61,0.600,0
6.422,10.14,12.61,0.600,0
6.422,10.14,12.58,0.600,0
6.422,10.14,12.58,0.600,0
6.423,10.14,12.58,0.600,0
6.423,10.14,12.58,0.600,0
6.423,10.14,12.54,0.600,0
6.423,10.14,12.54,0.600,0
6.424,10.14,12.54,0.600,0
6.424,10.14,12.51,0.600,0
6.424,10.14,12.51,0.600,0
6.424,10.14,12.51,0.600,0
6.425,10.14,12.51,0.600,0
6.425,10.14,12.51,0.600,0
6.425,10.14,12.48,0.600,0
6.425,10.14,12.48,0.600,0
6.426,10.14,12.48,0.600,0
6.426,10.14,12.45,0.600,0
6.426,10.14,12.45,0.600,0
6.426,10.14,12.45,0.600,0
6.427,10.14,12.45,0.600,0
6.427,10.14,12.41,0.600,0
6.427,10.14,12.41,0.600,0
6.428,10.14,12.41,0.600,0
6.428,10.14,12.41,0.600,0
6.428,10.14,12.38,0.600,0
6.428,10.14,12.38,0.600,0
6.429,10.14,12.38,0.600,0
6.429,10.14,12.35,0.600,0
6.429,10.14,12.35,0.600,0
6.429,10.14,12.35,0.600,0
6.430,10.14,12.35,0.600,0
6.430,10.14,12.32,0.600,0
6.430,10.14,12.32,0.600,0
6.430,10.14,12.32,0.600,0
6.431,10.14,12.32,0.600,0
6.431,10.14,12.32,0.600,0
6.431,10.14,12.28,0.600,0
6.431,10.14,12.28,0.600,0
6.432,10.14,12.28,0.600,0
6.432,10.14,12.25,0.600,0
6.432,10.14,12.25,0.600,0
6.432,10.14,12.25,0.600,0
6.433,10.14,12.25,0.600,0
6.433,10.14,12.22,0.600,0
6.433,10.14,12.22,0.600,0
6.434,10.14,12.22,0.600,0
6.434,10.14,12.19,0.600,0
6.434,10.14,12.19,0.600,0
6.434,10.14,12.19,0.600,0
6.435,10.14,12.19,0.600,0
6.435,10.14,12.16,0.600,0
6.435,10.14,12.16,0.600,0
6.435,10.14,12.16,0.600,0
6.436,10.14,12.16,0.600,0
6.436,10.14,12.12,0.600,0
6.436,10.14,12.12,0.600,0
6.436,10.14,12.12,0.600,0
6.437,10.14,12.12,0.600,0
6.437,10.14,12.09,0.600,0
6.437,10.14,12.09,0.600,0
6.437,10.14,12.09,0.600,0
6.438,10.14,12.09,0.600,0
6.438,10.14,12.06,0.600,0
6.438,10.14,12.06,0.600,0
6.438,10.14,12.06,0.600,0
6.439,10.14,12.06,0.600,0
6.439,10.14,12.03,0.600,0
6.439,10.14,12.03,0.600,0
6.439,10.14,12.03,0.600,0
6.440,10.14,12.03,0.600,0
6.440,10.14,11.99,0.600,0
6.440,10.14,11.99,0.600,0
6.440,10.14,11.99,0.600,0
6.441,10.14,11.99,0.600,0
6.441,10.14,11.96,0.600,0
6.441,10.14,11.96,0.600,0
6.441,10.14,11.96,0.600,0
6.442,10.14,11.96,0.600,0
6.442,10.14,11.93,0.600,0
6.442,10.14,11.93,0.600,0
6.442,10.14,11.93,0.600,0
6.443,10.14,11.93,0.600,0
6.443,10.14,11.93,0.600,0
6.443,10.14,11.90,0.600,0
6.443,10.14,11.90,0.600,0
6.443,10.14,11.90,0.600,0
6.444,10.14,11.90,0.600,0
6.444,10.14,11.86,0.600,0
6.444,10.14,11.86,0.600,0
6.444,10.14,11.86,0.600,0
6.445,10.14,11.86,0.600,0
6.445,10.14,11.83,0.600,0
6.445,10.14,11.83,0.600,0
6.445,10.14,11.83,0.600,0
6.446,10.14,11.83,0.600,0
6.446,10.14,11.80,0.600,0
6.446,10.14,11.80,0.600,0
6.446,10.14,11.80,0.600,0
6.447,10.14,11.80,0.600,0
6.447,10.14,11.77,0.600,0
6.447,10.14,11.77,0.600,0
6.448,10.14,11.77,0.600,0
6.448,10.14,11.73,0.600,0
6.448,10.14,11.73,0.600,0
6.448,10.14,11.73,0.600,0
6.449,10.14,11.73,0.600,0
6.449,10.14,11.70,0.600,0
6.449,10.14,11.70,0.600,0
6.449,10.14,11.70,0.600,0
6.450,10.14,11.70,0.600,0
6.450,10.14,11.67,0.600,0
6.450,10.14,11.67,0.600,0
6.450,10.14,11.67,0.600,0
6.451,10.14,11.67,0.600,0
6.451,10.14,11.64,0.600,0
6.451,10.14,11.64,0.600,0
6.451,10.14,11.64,0.600,0
6.452,10.14,11.64,0.600,0
6.452,10.14,11.60,0.600,0
6.452,10.14,11.60,0.600,0
6.452,10.14,11.60,0.600,0
6.453,10.14,11.60,0.600,0
6.453,10.14,11.57,0.600,0
6.453,10.14,11.57,0.600,0
6.453,10.14,11.57,0.600,0
6.454,10.14,11.57,0.600,0
6.454,10.14,11.54,0.600,0
6.454,10.14,11.54,0.600,0
6.454,10.14,11.54,0.600,0
6.455,10.14,11.54,0.600,0
6.455,10.14,11.51,0.600,0
6.455,10.14,11.51,0.600,0
6.456,10.14,11.51,0.600,0
6.456,10.14,11.47,0.600,0
6.456,10.14,11.47,0.600,0
6.456,10.14,11.47,0.600,0
6.457,10.14,11.47,0.600,0
6.457,10.14,11.44,0.600,0
6.457,10.14,11.44,0.600,0
6.457,10.14,11.44,0.600,0
6.458,10.14,11.44,0.600,0
6.458,10.14,11.44,0.600,0
6.458,10.14,11.41,0.600,0
6.458,10.14,11.41,0.600,0
6.459,10.14,11.41,0.600,0
6.459,10.14,11.41,0.600,0
6.459,10.14,11.38,0.600,0
6.459,10.14,11.38,0.600,0
6.459,10.14,11.38,0.600,0
6.460,10.14,11.38,0.600,0
6.460,10.14,11.34,0.600,0
6.460,10.14,11.34,0.600,0
6.461,10.14,11.34,0.600,0
6.461,10.14,11.31,0.600,0
6.461,10.14,11.31,0.600,0
6.461,10.14,11.31,0.600,0
6.462,10.14,11.31,0.600,0
6.462,10.14,11.28,0.600,0
6.462,10.14,11.28,0.600,0
6.462,10.14,11.28,0.600,0
6.463,10.14,11.28,0.600,0
6.463,10.14,11.25,0.600,0
6.463,10.14,11.25,0.600,0
6.463,10.14,11.25,0.600,0
6.464,10.14,11.25,0.600,0
6.464,10.14,11.21,0.600,0
6.464,10.14,11.21,0.600,0
6.464,10.14,11.21,0.600,0
6.465,10.14,11.21,0.600,0
6.465,10.14,11.21,0.600,0
6.465,10.14,11.18,0.600,0
6.465,10.14,11.18,0.600,0
6.466,10.14,11.18,0.600,0
6.466,10.14,11.15,0.600,0
6.466,10.14,11.15,0.600,0
6.466,10.14,11.15,0.600,0
6.467,10.14,11.15,0.600,0
6.467,10.14,11.12,0.600,0
6.467,10.14,11.12,0.600,0
6.467,10.14,11.12,0.600,0
6.468,10.14,11.12,0.600,0
6.468,10.14,11.08,0.600,0
6.468,10.14,11.08,0.600,0
6.468,10.14,11.08,0.600,0
6.469,10.14,11.08,0.600,0
6.469,10.14,11.05,0.600,0
6.469,10.14,11.05,0.600,0
6.469,10.14,11.05,0.600,0
6.470,10.14,11.05,0.600,0
6.470,10.14,11.02,0.600,0
6.470,10.14,11.02,0.600,0
6.470,10.14,11.02,0.600,0
6.471,10.14,11.02,0.600,0
6.471,10.14,11.02,0.600,0
6.471,10.14,10.99,0.600,0
6.471,10.14,10.99,0.600,0
6.472,10.14,10.99,0.600,0
6.472,10.14,10.99,0.600,0
6.472,10.14,10.95,0.600,0
6.472,10.14,10.95,0.600,0
6.473,10.14,10.95,0.600,0
6.473,10.14,10.95,0.600,0
6.473,10.14,10.92,0.600,0
6.473,10.14,10.92,0.600,0
6.474,10.14,10.92,0.600,0
6.474,10.14,10.92,0.600,0
6.474,10.14,10.89,0.600,0
6.474,10.14,10.89,0.600,0
6.475,10.14,10.89,0.600,0
6.475,10.14,10.89,0.600,0
6.475,10.14,10.86,0.600,0
6.475,10.14,10.86,0.600,0
6.476,10.14,10.86,0.600,0
6.476,10.14,10.82,0.600,0
6.476,10.14,10.82,0.600,0
6.476,10.14,10.82,0.600,0
6.477,10.14,10.82,0.600,0
6.477,10.14,10.79,0.600,0
6.477,10.14,10.79,0.600,0
6.477,10.14,10.79,0.600,0
6.478,10.14,10.79,0.600,0
6.478,10.14,10.76,0.600,0
6.478,10.14,10.76,0.600,0
6.478,10.14,10.76,0.600,0
6.479,10.14,10.76,0.600,0
6.479,10.14,10.76,0.600,0
6.479,10.14,10.73,0.600,0
6.479,10.14,10.73,0.600,0
6.479,10.14,10.73,0.600,0
6.480,10.14,10.73,0.600,0
6.480,10.14,10.69,0.600,0
6.480,10.14,10.69,0.600,0
6.480,10.14,10.69,0.600,0
6.481,10.14,10.69,0.600,0
6.481,10.14,10.69,0.600,0
6.481,10.14,10.66,0.600,0
6.481,10.14,10.66,0.600,0
6.482,10.14,10.66,0.600,0
6.482,10.14,10.66,0.600,0
6.482,10.14,10.63,0.600,0
6.482,10.14,10.63,0.600,0
6.483,10.14,10.63,0.600,0
6.483,10.14,10.60,0.600,0
6.483,10.14,10.60,0.600,0
6.483,10.14,10.60,0.600,0
6.484,10.14,10.60,0.600,0
6.484,10.14,10.56,0.600,0
6.484,10.14,10.56,0.600,0
6.484,10.14,10.56,0.600,0
6.485,10.14,10.56,0.600,0
6.485,10.14,10.56,0.600,0
6.485,10.14,10.53,0.600,0
6.485,10.14,10.53,0.600,0
6.485,10.14,10.53,0.600,0
6.486,10.14,10.53,0.600,0
6.486,10.14,10.50,0.600,0
6.486,10.14,10.50,0.600,0
6.486,10.14,10.50,0.600,0
6.487,10.14,10.50,0.600,0
6.487,10.14,10.47,0.600,0
6.487,10.14,10.47,0.600,0
6.487,10.14,10.47,0.600,0
6.488,10.14,10.47,0.600,0
6.488,10.14,10.43,0.600,0
6.488,10.14,10.43,0.600,0
6.488,10.14,10.43,0.600,0
6.489,10.14,10.43,0.600,0
6.489,10.14,10.43,0.600,0
6.489,10.14,10.40,0.600,0
6.490,10.14,10.40,0.600,0
6.490,10.14,10.37,0.600,0
6.490,10.14,10.37,0.600,0
6.490,10.14,10.37,0.600,0
6.491,10.14,10.37,0.600,0
6.491,10.14,10.37,0.600,0
6.491,10.14,10.34,0.600,0
6.491,10.14,10.34,0.600,0
6.491,10.14,10.34,0.600,0
6.492,10.14,10.34,0.600,0
6.492,10.14,10.30,0.600,0
6.492,10.14,10.30,0.600,0
6.492,10.14,10.30,0.600,0
6.493,10.14,10.30,0.600,0
6.493,10.14,10.27,0.600,0
6.493,10.14,10.27,0.600,0
6.493,10.14,10.27,0.600,0
6.494,10.14,10.27,0.600,0
6.494,10.14,10.24,0.600,0
6.494,10.14,10.24,0.600,0
6.494,10.14,10.24,0.600,0
6.495,10.14,10.24,0.600,0
6.495,10.14,10.21,0.600,0
6.495,10.14,10.21,0.600,0
6.495,10.14,10.21,0.600,0
6.496,10.14,10.21,0.600,0
6.496,10.14,10.17,0.600,0
6.496,10.14,10.17,0.600,0
6.497,10.14,10.17,0.600,0
6.497,10.14,10.17,0.600,0
6.497,10.14,10.14,0.600,0
6.497,10.14,10.14,0.600,0
6.498,10.14,10.14,0.600,0
6.498,10.14,10.14,0.600,0
6.498,10.14,10.11,0.600,0
6.498,10.14,10.11,0.600,0
6.498,10.14,10.11,0.600,0
6.499,10.14,10.11,0.600,0
6.499,10.14,10.08,0.600,0
6.499,10.14,10.08,0.600,0
6.499,10.14,10.08,0.600,0
6.500,10.14,10.08,0.600,0
6.500,10.14,10.04,0.600,0
6.500,10.14,10.04,0.600,0
6.500,10.14,10.04,0.600,0
6.501,10.14,10.04,0.600,0
6.501,10.14,10.01,0.600,0
6.501,10.14,10.01,0.600,0
6.501,10.14,10.01,0.600,0
6.502,10.14,10.01,0.600,0
6.502,10.14,9.98,0.600,0
6.502,10.14,9.98,0.600,0
6.502,10.14,9.98,0.600,0
6.503,10.14,9.98,0.600,0
6.503,10.14,9.95,0.600,0
6.503,10.14,9.95,0.600,0
6.503,10.14,9.95,0.600,0
6.504,10.14,9.95,0.600,0
6.504,10.14,9.91,0.600,0
6.504,10.14,9.91,0.600,0
6.505,10.14,9.91,0.600,0
6.505,10.14,9.91,0.600,0
6.505,10.14,9.88,0.600,0
6.505,10.14,9.88,0.600,0
6.506,10.14,9.88,0.600,0
6.506,10.14,9.85,0.600,0
6.506,10.14,9.85,0.600,0
6.506,10.14,9.85,0.600,0
6.507,10.14,9.85,0.600,0
6.507,10.14,9.82,0.600,0
6.507,10.14,9.82,0.600,0
6.507,10.14,9.82,0.600,0
6.508,10.14,9.82,0.600,0
6.508,10.14,9.82,0.600,0
6.508,10.14,9.78,0.600,0
6.508,10.14,9.78,0.600,0
6.509,10.14,9.78,0.600,0
6.509,10.14,9.78,0.600,0
6.509,10.14,9.75,0.600,0
6.509,10.14,9.75,0.600,0
6.510,10.14,9.75,0.600,0
6.510,10.14,9.72,0.600,0
6.510,10.14,9.72,0.600,0
6.510,10.14,9.72,0.600,0
6.511,10.14,9.72,0.600,0
6.511,10.14,9.72,0.600,0
6.511,10.14,9.69,0.600,0
6.511,10.14,9.69,0.600,0
6.512,10.14,9.69,0.600,0
6.512,10.14,9.69,0.600,0
6.512,10.14,9.65,0.600,0
6.512,10.14,9.65,0.600,0
6.513,10.14,9.65,0.600,0
6.513,10.14,9.65,0.600,0
6.513,10.14,9.62,0.600,0
6.513,10.14,9.62,0.600,0
6.514,10.14,9.62,0.600,0
6.514,10.14,9.59,0.600,0
6.514,10.14,9.59,0.600,0
6.514,10.14,9.59,0.600,0
6.515,10.14,9.59,0.600,0
6.515,10.14,9.56,0.600,0
6.515,10.14,9.56,0.600,0
6.516,10.14,9.56,0.600,0
6.516,10.14,9.56,0.600,0
6.516,10.14,9.52,0.600,0
6.516,10.14,9.52,0.600,0
6.517,10.14,9.52,0.600,0
6.517,10.14,9.52,0.600,0
6.517,10.14,9.49,0.600,0
6.517,10.14,9.49,0.600,0
6.518,10.14,9.49,0.600,0
6.518,10.14,9.49,0.600,0
6.518,10.14,9.46,0.600,0
6.518,10.14,9.46,0.600,0
6.519,10.14,9.46,0.600,0
6.519,10.14,9.43,0.600,0
6.519,10.14,9.43,0.600,0
6.519,10.14,9.43,0.600,0
6.520,10.14,9.43,0.600,0
6.520,10.14,9.39,0.600,0
6.520,10.14,9.39,0.600,0
6.520,10.14,9.39,0.600,0
6.521,10.14,9.39,0.600,0
6.521,10.14,9.36,0.600,0
6.521,10.14,9.36,0.600,0
6.521,10.14,9.36,0.600,0
6.522,10.14,9.36,0.600,0
6.522,10.14,9.33,0.600,0
6.522,10.14,9.33,0.600,0
6.522,10.14,9.33,0.600,0
6.523,10.14,9.33,0.600,0
6.523,10.14,9.30,0.600,0
6.523,10.14,9.30,0.600,0
6.524,10.14,9.30,0.600,0
6.524,10.14,9.30,0.600,0
6.524,10.14,9.26,0.600,0
6.524,10.14,9.26,0.600,0
6.525,10.14,9.26,0.600,0
6.525,10.14,9.26,0.600,0
6.525,10.14,9.23,0.600,0
6.525,10.14,9.23,0.600,0
6.526,10.14,9.23,0.600,0
6.526,10.14,9.20,0.600,0
6.526,10.14,9.20,0.600,0
6.527,10.14,9.20,0.600,0
6.527,10.14,9.20,0.600,0
6.527,10.14,9.17,0.600,0
6.527,10.14,9.17,0.600,0
6.528,10.14,9.17,0.600,0
6.528,10.14,9.13,0.600,0
6.528,10.14,9.13,0.600,0
6.528,10.14,9.13,0.600,0
6.529,10.14,9.13,0.600,0
6.529,10.14,9.10,0.600,0
6.530,10.14,9.10,0.600,0
6.530,10.14,9.10,0.600,0
6.530,10.14,9.07,0.600,0
6.531,10.14,9.07,0.600,0
6.531,10.14,9.04,0.600,0
6.531,10.14,9.04,0.600,0
6.532,10.14,9.04,0.600,0
6.532,10.14,9.00,0.600,0
6.532,10.14,9.00,0.600,0
6.533,10.14,9.00,0.600,0
6.533,10.14,8.97,0.600,0
6.533,10.14,8.97,0.600,0
6.534,10.14,8.97,0.600,0
6.534,10.14,8.94,0.600,0
6.534,10.14,8.94,0.600,0
6.535,10.14,8.94,0.600,0
6.535,10.14,8.94,0.600,0
6.535,10.14,8.91,0.600,0
6.535,10.14,8.91,0.600,0
6.536,10.14,8.91,0.600,0
6.536,10.14,8.87,0.600,0
6.536,10.14,8.87,0.600,0
6.536,10.14,8.87,0.600,0
6.537,10.14,8.87,0.600,0
6.537,10.14,8.84,0.600,0
6.537,10.14,8.84,0.600,0
6.538,10.14,8.84,0.600,0
6.538,10.14,8.84,0.600,0
6.538,10.14,8.81,0.600,0
6.538,10.14,8.81,0.600,0
6.539,10.14,8.81,0.600,0
6.539,10.14,8.81,0.600,0
6.539,10.14,8.78,0.600,0
6.539,10.14,8.78,0.600,0
6.539,10.14,8.78,0.600,0
6.540,10.14,8.78,0.600,0
6.540,10.14,8.74,0.600,0
6.540,10.14,8.74,0.600,0
6.541,10.14,8.74,0.600,0
6.541,10.14,8.74,0.600,0
6.541,10.14,8.71,0.600,0
6.541,10.14,8.71,0.600,0
6.542,10.14,8.71,0.600,0
6.542,10.14,8.71,0.600,0
6.542,10.14,8.68,0.600,0
6.542,10.14,8.68,0.600,0
6.543,10.14,8.68,0.600,0
6.543,10.14,8.65,0.600,0
6.543,10.14,8.65,0.600,0
6.544,10.14,8.65,0.600,0
6.544,10.14,8.65,0.600,0
6.544,10.14,8.61,0.600,0
6.544,10.14,8.61,0.600,0
6.545,10.14,8.61,0.600,0
6.545,10.14,8.61,0.600,0
6.545,10.14,8.58,0.600,0
6.546,10.14,8.58,0.600,0
6.546,10.14,8.58,0.600,0
6.546,10.14,8.55,0.600,0
6.546,10.14,8.55,0.600,0
6.547,10.14,8.55,0.600,0
6.547,10.14,8.55,0.600,0
6.547,10.14,8.52,0.600,0
6.547,10.14,8.52,0.600,0
6.547,10.14,8.52,0.600,0
6.548,10.14,8.52,0.600,0
6.548,10.14,8.48,0.600,0
6.548,10.14,8.48,0.600,0
6.548,10.14,8.48,0.600,0
6.549,10.14,8.48,0.600,0
6.549,10.14,8.45,0.600,0
6.549,10.14,8.45,0.600,0
6.549,10.14,8.45,0.600,0
6.550,10.14,8.45,0.600,0
6.550,10.14,8.42,0.600,0
6.550,10.14,8.42,0.600,0
6.551,10.14,8.42,0.600,0
6.551,10.14,8.39,0.600,0
6.551,10.14,8.39,0.600,0
6.551,10.14,8.39,0.600,0
6.552,10.14,8.39,0.600,0
6.552,10.14,8.35,0.600,0
6.552,10.14,8.35,0.600,0
6.553,10.14,8.35,0.600,0
6.553,10.14,8.35,0.600,0
6.553,10.14,8.32,0.600,0
6.553,10.14,8.32,0.600,0
6.554,10.14,8.32,0.600,0
6.554,10.14,8.32,0.600,0
6.554,10.14,8.29,0.600,0
6.554,10.14,8.29,0.600,0
6.555,10.14,8.29,0.600,0
6.555,10.14,8.29,0.600,0
6.555,10.14,8.26,0.600,0
6.555,10.14,8.26,0.600,0
6.556,10.14,8.26,0.600,0
6.556,10.14,8.22,0.600,0
6.556,10.14,8.22,0.600,0
6.556,10.14,8.22,0.600,0
6.557,10.14,8.22,0.600,0
6.557,10.14,8.22,0.600,0
6.557,10.14,8.19,0.600,0
6.557,10.14,8.19,0.600,0
6.558,10.14,8.19,0.600,0
6.558,10.14,8.16,0.600,0
6.558,10.14,8.16,0.600,0
6.558,10.14,8.16,0.600,0
6.559,10.14,8.16,0.600,0
6.559,10.14,8.13,0.600,0
6.559,10.14,8.13,0.600,0
6.560,10.14,8.13,0.600,0
6.560,10.14,8.13,0.600,0
6.560,10.14,8.09,0.600,0
6.560,10.14,8.09,0.600,0
6.561,10.14,8.09,0.600,0
6.561,10.14,8.06,0.600,0
6.561,10.14,8.06,0.600,0
6.561,10.14,8.06,0.600,0
6.562,10.14,8.06,0.600,0
6.562,10.14,8.06,0.600,0
6.562,10.14,8.03,0.600,0
6.562,10.14,8.03,0.600,0
6.563,10.14,8.03,0.600,0
6.563,10.14,8.03,0.600,0
6.563,10.14,8.00,0.600,0
6.563,10.14,8.00,0.600,0
6.564,10.14,8.00,0.600,0
6.564,10.14,7.96,0.600,0
6.564,10.14,7.96,0.600,0
6.564,10.14,7.96,0.600,0
6.565,10.14,7.96,0.600,0
6.565,10.14,7.93,0.600,0
6.565,10.14,7.93,0.600,0
6.566,10.14,7.93,0.600,0
6.566,10.14,7.93,0.600,0
6.566,10.14,7.90,0.600,0
6.566,10.14,7.90,0.600,0
6.567,10.14,7.90,0.600,0
6.567,10.14,7.87,0.600,0
6.567,10.14,7.87,0.600,0
6.567,10.14,7.87,0.600,0
6.568,10.14,7.87,0.600,0
6.568,10.14,7.83,0.600,0
6.568,10.14,7.83,0.600,0
6.568,10.14,7.83,0.600,0
6.569,10.14,7.83,0.600,0
6.569,10.14,7.80,0.600,0
6.569,10.14,7.80,0.600,0
6.569,10.14,7.80,0.600,0
6.570,10.14,7.80,0.600,0
6.570,10.14,7.80,0.600,0
6.570,10.14,7.77,0.600,0
6.570,10.14,7.77,0.600,0
6.571,10.14,7.77,0.600,0
6.571,10.14,7.77,0.600,0
6.571,10.14,7.74,0.600,0
6.571,10.14,7.74,0.600,0
6.572,10.14,7.74,0.600,0
6.572,10.14,7.74,0.600,0
6.572,10.14,7.70,0.600,0
6.572,10.14,7.70,0.600,0
6.573,10.14,7.70,0.600,0
6.573,10.14,7.67,0.600,0
6.573,10.14,7.67,0.600,0
6.573,10.14,7.67,0.600,0
6.574,10.14,7.67,0.600,0
6.574,10.14,7.64,0.600,0
6.574,10.14,7.64,0.600,0
6.574,10.14,7.64,0.600,0
6.575,10.14,7.64,0.600,0
6.575,10.14,7.64,0.600,0
6.575,10.14,7.61,0.600,0
6.575,10.14,7.61,0.600,0
6.576,10.14,7.61,0.600,0
6.576,10.14,7.61,0.600,0
6.576,10.14,7.57,0.600,0
6.576,10.14,7.57,0.600,0
6.577,10.14,7.57,0.600,0
6.577,10.14,7.57,0.600,0
6.577,10.14,7.54,0.600,0
6.577,10.14,7.54,0.600,0
6.577,10.14,7.54,0.600,0
6.578,10.14,7.54,0.600,0
6.578,10.14,7.51,0.600,0
6.578,10.14,7.51,0.600,0
6.578,10.14,7.51,0.600,0
6.579,10.14,7.51,0.600,0
6.579,10.14,7.48,0.600,0
6.579,10.14,7.48,0.600,0
6.580,10.14,7.48,0.600,0
6.580,10.14,7.44,0.600,0
6.580,10.14,7.44,0.600,0
6.580,10.14,7.44,0.600,0
6.581,10.14,7.44,0.600,0
6.581,10.14,7.41,0.600,0
6.581,10.14,7.41,0.600,0
6.581,10.14,7.41,0.600,0
6.582,10.14,7.41,0.600,0
6.582,10.14,7.41,0.600,0
6.582,10.14,7.38,0.600,0
6.582,10.14,7.38,0.600,0
6.582,10.14,7.38,0.600,0
6.583,10.14,7.38,0.600,0
6.583,10.14,7.35,0.600,0
6.583,10.14,7.35,0.600,0
6.583,10.14,7.35,0.600,0
6.584,10.14,7.35,0.600,0
6.584,10.14,7.35,0.600,0
6.584,10.14,7.31,0.600,0
6.584,10.14,7.31,0.600,0
6.585,10.14,7.31,0.600,0
6.585,10.14,7.28,0.600,0
6.585,10.14,7.28,0.600,0
6.585,10.14,7.28,0.600,0
6.586,10.14,7.28,0.600,0
6.586,10.14,7.25,0.600,0
6.586,10.14,7.25,0.600,0
6.586,10.14,7.25,0.600,0
6.587,10.14,7.25,0.600,0
6.587,10.14,7.22,0.600,0
6.587,10.14,7.22,0.600,0
6.587,10.14,7.22,0.600,0
6.588,10.14,7.22,0.600,0
6.588,10.14,7.18,0.600,0
6.588,10.14,7.18,0.600,0
6.588,10.14,7.18,0.600,0
6.589,10.14,7.18,0.600,0
6.589,10.14,7.15,0.600,0
6.589,10.14,7.15,0.600,0
6.589,10.14,7.15,0.600,0
6.590,10.14,7.15,0.600,0
6.590,10.14,7.12,0.600,0
6.590,10.14,7.12,0.600,0
6.590,10.14,7.12,0.600,0
6.591,10.14,7.12,0.600,0
6.591,10.14,7.12,0.600,0
6.591,10.14,7.09,0.600,0
6.591,10.14,7.09,0.600,0
6.592,10.14,7.09,0.600,0
6.592,10.14,7.09,0.600,0
6.592,10.14,7.05,0.600,0
6.592,10.14,7.05,0.600,0
6.593,10.14,7.05,0.600,0
6.593,10.14,7.05,0.600,0
6.593,10.14,7.02,0.600,0
6.593,10.14,7.02,0.600,0
6.594,10.14,7.02,0.600,0
6.594,10.14,7.02,0.600,0
6.594,10.14,6.99,0.600,0
6.595,10.14,6.99,0.600,0
6.595,10.14,6.99,0.600,0
6.595,10.14,6.96,0.600,0
6.596,10.14,6.96,0.600,0
6.596,10.14,6.96,0.600,0
6.596,10.14,6.92,0.600,0
6.596,10.14,6.92,0.600,0
6.597,10.14,6.92,0.600,0
6.597,10.14,6.92,0.600,0
6.597,10.14,6.89,0.600,0
6.597,10.14,6.89,0.600,0
6.598,10.14,6.89,0.600,0
6.598,10.14,6.89,0.600,0
6.598,10.14,6.86,0.600,0
6.598,10.14,6.86,0.600,0
6.599,10.14,6.86,0.600,0
6.599,10.14,6.83,0.600,0
6.600,10.14,6.83,0.600,0
6.600,10.14,6.79,0.600,0
6.600,10.14,6.79,0.600,0
6.600,10.14,6.79,0.600,0
6.601,10.14,6.79,0.600,0
6.601,10.14,6.76,0.600,0
6.601,10.14,6.76,0.600,0
6.602,10.14,6.76,0.600,0
6.602,10.14,6.73,0.600,0
6.602,10.14,6.73,0.600,0
6.602,10.14,6.73,0.600,0
6.603,10.14,6.73,0.600,0
6.603,10.14,6.70,0.600,0
6.603,10.14,6.70,0.600,0
6.603,10.14,6.70,0.600,0
6.604,10.14,6.70,0.600,0
6.604,10.14,6.66,0.600,0
6.604,10.14,6.66,0.600,0
6.604,10.14,6.66,0.600,0
6.605,10.14,6.66,0.600,0
6.605,10.14,6.63,0.600,0
6.605,10.14,6.63,0.600,0
6.605,10.14,6.63,0.600,0
6.606,10.14,6.63,0.600,0
6.606,10.14,6.60,0.600,0
6.606,10.14,6.60,0.600,0
6.607,10.14,6.60,0.600,0
6.607,10.14,6.60,0.600,0
6.607,10.14,6.57,0.600,0
6.607,10.14,6.57,0.600,0
6.608,10.14,6.57,0.600,0
6.608,10.14,6.53,0.600,0
6.608,10.14,6.53,0.600,0
6.608,10.14,6.53,0.600,0
6.609,10.14,6.53,0.600,0
6.609,10.14,6.50,0.600,0
6.609,10.14,6.50,0.600,0
6.609,10.14,6.50,0.600,0
6.610,10.14,6.50,0.600,0
6.610,10.14,6.47,0.600,0
6.610,10.14,6.47,0.600,0
6.611,10.14,6.47,0.600,0
6.611,10.14,6.47,0.600,0
6.611,10.14,6.44,0.600,0
6.611,10.14,6.44,0.600,0
6.612,10.14,6.44,0.600,0
6.612,10.14,6.40,0.600,0
6.612,10.14,6.40,0.600,0
6.612,10.14,6.40,0.600,0
6.613,10.14,6.40,0.600,0
6.613,10.14,6.40,0.600,0
6.613,10.14,6.37,0.600,0
6.613,10.14,6.37,0.600,0
6.614,10.14,6.37,0.600,0
6.614,10.14,6.34,0.600,0
6.614,10.14,6.34,0.600,0
6.614,10.14,6.34,0.600,0
6.615,10.14,6.34,0.600,0
6.615,10.14,6.31,0.600,0
6.615,10.14,6.31,0.600,0
6.615,10.14,6.31,0.600,0
6.616,10.14,6.31,0.600,0
6.616,10.14,6.27,0.600,0
6.616,10.14,6.27,0.600,0
6.616,10.14,6.27,0.600,0
6.617,10.14,6.27,0.600,0
6.617,10.14,6.27,0.600,0
6.617,10.14,6.24,0.600,0
6.617,10.14,6.24,0.600,0
6.618,10.14,6.24,0.600,0
6.618,10.14,6.21,0.600,0
6.618,10.14,6.21,0.600,0
6.618,10.14,6.21,0.600,0
6.619,10.14,6.21,0.600,0
6.619,10.14,6.21,0.600,0
6.619,10.14,6.18,0.600,0
6.619,10.14,6.18,0.600,0
6.620,10.14,6.18,0.600,0
6.620,10.14,6.18,0.600,0
6.620,10.14,6.14,0.600,0
6.620,10.14,6.14,0.600,0
6.621,10.14,6.14,0.600,0
6.621,10.14,6.11,0.600,0
6.621,10.14,6.11,0.600,0
6.621,10.14,6.11,0.600,0
6.622,10.14,6.11,0.600,0
6.622,10.14,6.08,0.600,0
6.622,10.14,6.08,0.600,0
6.622,10.14,6.08,0.600,0
6.623,10.14,6.08,0.600,0
6.623,10.14,6.04,0.600,0
6.623,10.14,6.04,0.600,0
6.623,10.14,6.04,0.600,0
6.624,10.14,6.04,0.600,0
6.624,10.14,6.01,0.600,0
6.624,10.14,6.01,0.600,0
6.624,10.14,6.01,0.600,0
6.625,10.14,6.01,0.600,0
6.625,10.14,5.98,0.600,0
6.625,10.14,5.98,0.600,0
6.625,10.14,5.98,0.600,0
6.626,10.14,5.98,0.600,0
6.626,10.14,5.95,0.600,0
6.626,10.14,5.95,0.600,0
6.626,10.14,5.95,0.600,0
6.627,10.14,5.91,0.600,0
6.627,10.14,5.91,0.600,0
6.628,10.14,5.91,0.600,0
6.628,10.14,5.91,0.600,0
6.628,10.14,5.88,0.600,0
6.628,10.14,5.88,0.600,0
6.629,10.14,5.88,0.600,0
6.629,10.14,5.85,0.600,0
6.629,10.14,5.85,0.600,0
6.630,10.14,5.85,0.600,0
6.630,10.14,5.85,0.600,0
6.630,10.14,5.82,0.600,0
6.630,10.14,5.82,0.600,0
6.631,10.14,5.82,0.600,0
6.631,10.14,5.82,0.600,0
6.631,10.14,5.78,0.600,0
6.631,10.14,5.78,0.600,0
6.631,10.14,5.78,0.600,0
6.632,10.14,5.78,0.600,0
6.632,10.14,5.75,0.600,0
6.632,10.14,5.75,0.600,0
6.632,10.14,5.75,0.600,0
6.633,10.14,5.75,0.600,0
6.633,10.14,5.72,0.600,0
6.633,10.14,5.72,0.600,0
6.633,10.14,5.72,0.600,0
6.634,10.14,5.72,0.600,0
6.634,10.14,5.69,0.600,0
6.634,10.14,5.69,0.600,0
6.635,10.14,5.69,0.600,0
6.635,10.14,5.69,0.600,0
6.635,10.14,5.65,0.600,0
6.635,10.14,5.65,0.600,0
6.636,10.14,5.65,0.600,0
6.636,10.14,5.62,0.600,0
6.636,10.14,5.62,0.600,0
6.637,10.14,5.62,0.600,0
6.637,10.14,5.59,0.600,0
6.637,10.14,5.59,0.600,0
6.637,10.14,5.59,0.600,0
6.638,10.14,5.59,0.600,0
6.638,10.14,5.59,0.600,0
6.638,10.14,5.56,0.600,0
6.638,10.14,5.56,0.600,0
6.639,10.14,5.56,0.600,0
6.639,10.14,5.52,0.600,0
6.639,10.14,5.52,0.600,0
6.639,10.14,5.52,0.600,0
6.640,10.14,5.52,0.600,0
6.640,10.14,5.52,0.600,0
6.640,10.14,5.50,0.600,0
6.640,10.14,5.50,0.600,0
6.641,10.14,5.50,0.600,0
6.641,10.14,5.48,0.600,0
6.641,10.14,5.48,0.600,0
6.641,10.14,5.48,0.600,0
6.642,10.14,5.48,0.600,0
6.642,10.14,5.45,0.600,0
6.642,10.14,5.45,0.600,0
6.643,10.14,5.45,0.600,0
6.643,10.14,5.45,0.600,0
6.643,10.14,5.43,0.600,0
6.643,10.14,5.43,0.600,0
6.643,10.14,5.43,0.600,0
6.644,10.14,5.43,0.600,0
6.644,10.14,5.41,0.600,0
6.644,10.14,5.41,0.600,0
6.644,10.14,5.41,0.600,0
6.645,10.14,5.41,0.600,0
6.645,10.14,5.41,0.600,0
6.645,10.14,5.38,0.600,0
6.645,10.14,5.38,0.600,0
6.646,10.14,5.38,0.600,0
6.646,10.14,5.36,0.600,0
6.646,10.14,5.36,0.600,0
6.647,10.14,5.36,0.600,0
6.647,10.14,5.36,0.600,0
6.647,10.14,5.34,0.600,0
6.647,10.14,5.34,0.600,0
6.648,10.14,5.34,0.600,0
6.648,10.14,5.34,0.600,0
6.648,10.14,5.31,0.600,0
6.648,10.14,5.31,0.600,0
6.649,10.14,5.31,0.600,0
6.649,10.14,5.31,0.600,0
6.649,10.14,5.29,0.600,0
6.650,10.14,5.29,0.600,0
6.650,10.14,5.26,0.600,0
6.650,10.14,5.26,0.600,0
6.651,10.14,5.26,0.600,0
6.651,10.14,5.26,0.600,0
6.651,10.14,5.24,0.600,0
6.651,10.14,5.24,0.600,0
6.652,10.14,5.24,0.600,0
6.652,10.14,5.24,0.600,0
6.652,10.14,5.21,0.600,0
6.652,10.14,5.21,0.600,0
6.653,10.14,5.21,0.600,0
6.653,10.14,5.21,0.600,0
6.653,10.14,5.19,0.600,0
6.653,10.14,5.19,0.600,0
6.653,10.14,5.19,0.600,0
6.654,10.14,5.19,0.600,0
6.654,10.14,5.17,0.600,0
6.654,10.14,5.17,0.600,0
6.655,10.14,5.17,0.600,0
6.655,10.14,5.17,0.600,0
6.655,10.14,5.14,0.600,0
6.655,10.14,5.14,0.600,0
6.656,10.14,5.14,0.600,0
6.656,10.14,5.14,0.600,0
6.656,10.14,5.12,0.600,0
6.656,10.14,5.12,0.600,0
6.657,10.14,5.12,0.600,0
6.657,10.14,5.10,0.600,0
6.657,10.14,5.10,0.600,0
6.657,10.14,5.10,0.600,0
6.658,10.14,5.10,0.600,0
6.658,10.14,5.07,0.600,0
6.658,10.14,5.07,0.600,0
6.658,10.14,5.07,0.600,0
6.659,10.14,5.07,0.600,0
6.659,10.14,5.07,0.600,0
6.659,10.14,5.05,0.600,0
6.659,10.14,5.05,0.600,0
6.659,10.14,5.05,0.600,0
6.660,10.14,5.05,0.600,0
6.660,10.14,5.03,0.600,0
6.660,10.14,5.03,0.600,0
6.660,10.14,5.03,0.600,0
6.661,10.14,5.03,0.600,0
6.661,10.14,5.03,0.600,0
6.661,10.14,5.00,0.600,0
6.661,10.14,5.00,0.600,0
6.662,10.14,5.00,0.600,0
6.662,10.14,5.00,0.600,0
6.662,10.14,4.97,0.600,0
6.663,10.14,4.97,0.600,0
6.663,10.14,4.97,0.600,0
6.663,10.14,4.95,0.600,0
6.663,10.14,4.95,0.600,0
6.664,10.14,4.95,0.600,0
6.664,10.14,4.92,0.600,0
6.664,10.14,4.92,0.600,0
6.664,10.14,4.92,0.600,0
6.665,10.14,4.92,0.600,0
6.665,10.14,4.92,0.600,0
6.665,10.14,4.89,0.600,0
6.665,10.14,4.89,0.600,0
6.666,10.14,4.89,0.600,0
6.666,10.14,4.89,0.600,0
6.666,10.14,4.86,0.600,0
6.666,10.14,4.86,0.600,0
6.667,10.14,4.86,0.600,0
6.667,10.14,4.86,0.600,0
6.667,10.14,4.84,0.600,0
6.667,10.14,4.84,0.600,0
6.668,10.14,4.84,0.600,0
6.668,10.14,4.84,0.600,0
6.668,10.14,4.81,0.600,0
6.668,10.14,4.81,0.600,0
6.669,10.14,4.81,0.600,0
6.669,10.14,4.81,0.600,0
6.669,10.14,4.78,0.600,0
6.670,10.14,4.78,0.600,0
6.670,10.14,4.78,0.600,0
6.670,10.14,4.75,0.600,0
6.670,10.14,4.75,0.600,0
6.671,10.14,4.75,0.600,0
6.671,10.14,4.75,0.600,0
6.671,10.14,4.72,0.600,0
6.672,10.14,4.72,0.600,0
6.672,10.14,4.68,0.600,0
6.673,10.14,4.68,0.600,0
6.673,10.14,4.68,0.600,0
6.673,10.14,4.65,0.600,0
6.673,10.14,4.65,0.600,0
6.674,10.14,4.65,0.600,0
6.674,10.14,4.65,0.600,0
6.674,10.14,4.62,0.600,0
6.674,10.14,4.62,0.600,0
6.675,10.14,4.62,0.600,0
6.675,10.14,4.62,0.600,0
6.675,10.14,4.59,0.600,0
6.675,10.14,4.59,0.600,0
6.676,10.14,4.59,0.600,0
6.676,10.14,4.59,0.600,0
6.676,10.14,4.56,0.600,0
6.676,10.14,4.56,0.600,0
6.677,10.14,4.56,0.600,0
6.677,10.14,4.53,0.600,0
6.677,10.14,4.53,0.600,0
6.678,10.14,4.53,0.600,0
6.678,10.14,4.53,0.600,0
6.678,10.14,4.50,0.600,0
6.678,10.14,4.50,0.600,0
6.679,10.14,4.50,0.600,0
6.679,10.14,4.50,0.600,0
6.679,10.14,4.47,0.600,0
6.679,10.14,4.47,0.600,0
6.680,10.14,4.47,0.600,0
6.680,10.14,4.47,0.600,0
6.680,10.14,4.44,0.600,0
6.680,10.14,4.44,0.600,0
6.681,10.14,4.44,0.600,0
6.681,10.14,4.44,0.600,0
6.681,10.14,4.41,0.600,0
6.681,10.14,4.41,0.600,0
6.682,10.14,4.41,0.600,0
6.682,10.14,4.41,0.600,0
6.682,10.14,4.38,0.600,0
6.682,10.14,4.38,0.600,0
6.683,10.14,4.38,0.600,0
6.683,10.14,4.38,0.600,0
6.683,10.14,4.35,0.600,0
6.683,10.14,4.35,0.600,0
6.684,10.14,4.35,0.600,0
6.684,10.14,4.31,0.600,0
6.684,10.14,4.31,0.600,0
6.685,10.14,4.31,0.600,0
6.685,10.14,4.31,0.600,0
6.685,10.14,4.28,0.600,0
6.685,10.14,4.28,0.600,0
6.685,10.14,4.28,0.600,0
6.686,10.14,4.28,0.600,0
6.686,10.14,4.25,0.600,0
6.686,10.14,4.25,0.600,0
6.686,10.14,4.25,0.600,0
6.687,10.14,4.25,0.600,0
6.687,10.14,4.22,0.600,0
6.687,10.14,4.22,0.600,0
6.688,10.14,4.22,0.600,0
6.688,10.14,4.22,0.600,0
6.688,10.14,4.19,0.600,0
6.688,10.14,4.19,0.600,0
6.688,10.14,4.19,0.600,0
6.689,10.14,4.19,0.600,0
6.689,10.14,4.16,0.600,0
6.689,10.14,4.16,0.600,0
6.690,10.14,4.16,0.600,0
6.690,10.14,4.16,0.600,0
6.690,10.14,4.13,0.600,0
6.690,10.14,4.13,0.600,0
6.691,10.14,4.13,0.600,0
6.691,10.14,4.13,0.600,0
6.691,10.14,4.10,0.600,0
6.691,10.14,4.10,0.600,0
6.692,10.14,4.10,0.600,0
6.692,10.14,4.10,0.600,0
6.692,10.14,4.07,0.600,0
6.692,10.14,4.07,0.600,0
6.693,10.14,4.07,0.600,0
6.693,10.14,4.04,0.600,0
6.693,10.14,4.04,0.600,0
6.694,10.14,4.04,0.600,0
6.694,10.14,4.04,0.600,0
6.694,10.14,4.00,0.600,0
6.694,10.14,4.00,0.600,0
6.695,10.14,4.00,0.600,0
6.695,10.14,4.00,0.600,0
6.695,10.14,3.97,0.600,0
6.695,10.14,3.97,0.600,0
6.696,10.14,3.97,0.600,0
6.696,10.14,3.97,0.600,0
6.696,10.14,3.94,0.600,0
6.697,10.14,3.94,0.600,0
6.697,10.14,3.94,0.600,0
6.697,10.14,3.91,0.600,0
6.697,10.14,3.91,0.600,0
6.698,10.14,3.91,0.600,0
6.698,10.14,3.91,0.600,0
6.698,10.14,3.87,0.600,0
6.699,10.14,3.87,0.600,0
6.699,10.14,3.87,0.600,0
6.699,10.14,3.84,0.600,0
6.699,10.14,3.84,0.600,0
6.700,10.14,3.84,0.600,0
6.700,10.14,3.84,0.600,0
6.700,10.14,3.81,0.600,0
6.700,10.14,3.81,0.600,0
6.701,10.14,3.81,0.600,0
6.701,10.14,3.78,0.600,0
6.701,10.14,3.78,0.600,0
6.701,10.14,3.78,0.600,0
6.702,10.14,3.78,0.600,0
6.702,10.14,3.78,0.600,0
6.702,10.14,3.74,0.600,0
6.702,10.14,3.74,0.600,0
6.703,10.14,3.74,0.600,0
6.703,10.14,3.74,0.600,0
6.703,10.14,3.71,0.600,0
6.703,10.14,3.71,0.600,0
6.704,10.14,3.71,0.600,0
6.704,10.14,3.71,0.600,0
6.704,10.14,3.68,0.600,0
6.704,10.14,3.68,0.600,0
6.705,10.14,3.68,0.600,0
6.705,10.14,3.68,0.600,0
6.705,10.14,3.65,0.600,0
6.705,10.14,3.65,0.600,0
6.706,10.14,3.65,0.600,0
6.706,10.14,3.65,0.600,0
6.706,10.14,3.61,0.600,0
6.706,10.14,3.61,0.600,0
6.706,10.14,3.61,0.600,0
6.707,10.14,3.61,0.600,0
6.707,10.14,3.61,0.600,0
6.707,10.14,3.58,0.600,0
6.707,10.14,3.58,0.600,0
6.708,10.14,3.58,0.600,0
6.708,10.14,3.58,0.600,0
6.708,10.14,3.55,0.600,0
6.708,10.14,3.55,0.600,0
6.709,10.14,3.55,0.600,0
6.709,10.14,3.55,0.600,0
6.709,10.14,3.52,0.600,0
6.709,10.14,3.52,0.600,0
6.710,10.14,3.52,0.600,0
6.710,10.14,3.52,0.600,0
6.710,10.14,3.48,0.600,0
6.710,10.14,3.48,0.600,0
6.711,10.14,3.48,0.600,0
6.711,10.14,3.48,0.600,0
6.711,10.14,3.45,0.600,0
6.711,10.14,3.45,0.600,0
6.712,10.14,3.45,0.600,0
6.712,10.14,3.45,0.600,0
6.712,10.14,3.42,0.600,0
6.712,10.14,3.42,0.600,0
6.713,10.14,3.42,0.600,0
6.713,10.14,3.42,0.600,0
6.713,10.14,3.39,0.600,0
6.713,10.14,3.39,0.600,0
6.714,10.14,3.39,0.600,0
6.714,10.14,3.39,0.600,0
6.714,10.14,3.35,0.600,0
6.714,10.14,3.35,0.600,0
6.715,10.14,3.35,0.600,0
6.715,10.14,3.35,0.600,0
6.715,10.14,3.32,0.600,0
6.715,10.14,3.32,0.600,0
6.715,10.14,3.32,0.600,0
6.716,10.14,3.32,0.600,0
6.716,10.14,3.32,0.600,0
6.716,10.14,3.29,0.600,0
6.716,10.14,3.29,0.600,0
6.717,10.14,3.29,0.600,0
6.717,10.14,3.26,0.600,0
6.717,10.14,3.26,0.600,0
6.717,10.14,3.26,0.600,0
6.718,10.14,3.26,0.600,0
6.718,10.14,3.22,0.600,0
6.718,10.14,3.22,0.600,0
6.718,10.14,3.22,0.600,0
6.719,10.14,3.22,0.600,0
6.719,10.14,3.19,0.600,0
6.719,10.14,3.19,0.600,0
6.719,10.14,3.19,0.600,0
6.720,10.14,3.19,0.600,0
6.720,10.14,3.19,0.600,0
6.720,10.14,3.16,0.600,0
6.720,10.14,3.16,0.600,0
6.721,10.14,3.16,0.600,0
6.721,10.14,3.16,0.600,0
6.721,10.14,3.13,0.600,0
6.721,10.14,3.13,0.600,0
6.722,10.14,3.13,0.600,0
6.722,10.14,3.13,0.600,0
6.722,10.14,3.09,0.600,0
6.722,10.14,3.09,0.600,0
6.722,10.14,3.09,0.600,0
6.723,10.14,3.09,0.600,0
6.723,10.14,3.06,0.600,0
6.723,10.14,3.06,0.600,0
6.723,10.14,3.06,0.600,0
6.724,10.14,3.06,0.600,0
6.724,10.14,3.03,0.600,0
6.724,10.14,3.03,0.600,0
6.725,10.14,3.03,0.600,0
6.725,10.14,3.03,0.600,0
6.725,10.14,2.99,0.600,0
6.725,10.14,2.99,0.600,0
6.726,10.14,2.99,0.600,0
6.726,10.14,2.99,0.600,0
6.726,10.14,2.96,0.600,0
6.726,10.14,2.96,0.600,0
6.727,10.14,2.96,0.600,0
6.727,10.14,2.96,0.600,0
6.727,10.14,2.93,0.600,0
6.727,10.14,2.93,0.600,0
6.728,10.14,2.93,0.600,0
6.728,10.14,2.93,0.600,0
6.728,10.14,2.90,0.600,0
6.728,10.14,2.90,0.600,0
6.728,10.14,2.90,0.600,0
6.729,10.14,2.90,0.600,0
6.729,10.14,2.86,0.600,0
6.729,10.14,2.86,0.600,0
6.729,10.14,2.86,0.600,0
6.730,10.14,2.86,0.600,0
6.730,10.14,2.83,0.600,0
6.730,10.14,2.83,0.600,0
6.730,10.14,2.83,0.600,0
6.731,10.14,2.83,0.600,0
6.731,10.14,2.80,0.600,0
6.731,10.14,2.80,0.600,0
6.731,10.14,2.80,0.600,0
6.732,10.14,2.80,0.600,0
6.732,10.14,2.80,0.600,0
6.732,10.14,2.77,0.600,0
6.733,10.14,2.77,0.600,0
6.733,10.14,2.77,0.600,0
6.733,10.14,2.73,0.600,0
6.733,10.14,2.73,0.600,0
6.734,10.14,2.73,0.600,0
6.734,10.14,2.73,0.600,0
6.734,10.14,2.70,0.600,0
6.734,10.14,2.70,0.600,0
6.735,10.14,2.70,0.600,0
6.735,10.14,2.70,0.600,0
6.735,10.14,2.67,0.600,0
6.735,10.14,2.67,0.600,0
6.735,10.14,2.67,0.600,0
6.736,10.14,2.67,0.600,0
6.736,10.14,2.64,0.600,0
6.736,10.14,2.64,0.600,0
6.736,10.14,2.64,0.600,0
6.737,10.14,2.64,0.600,0
6.737,10.14,2.64,0.600,0
6.737,10.14,2.60,0.600,0
6.737,10.14,2.60,0.600,0
6.738,10.14,2.60,0.600,0
6.738,10.14,2.60,0.600,0
6.738,10.14,2.57,0.600,0
6.738,10.14,2.57,0.600,0
6.738,10.14,2.57,0.600,0
6.739,10.14,2.57,0.600,0
6.739,10.14,2.57,0.600,0
6.739,10.14,2.54,0.600,0
6.739,10.14,2.54,0.600,0
6.740,10.14,2.54,0.600,0
6.740,10.14,2.51,0.600,0
6.740,10.14,2.51,0.600,0
6.740,10.14,2.51,0.600,0
6.741,10.14,2.51,0.600,0
6.741,10.14,2.47,0.600,0
6.741,10.14,2.47,0.600,0
6.741,10.14,2.47,0.600,0
6.742,10.14,2.47,0.600,0
6.742,10.14,2.47,0.600,0
6.742,10.14,2.44,0.600,0
6.742,10.14,2.44,0.600,0
6.743,10.14,2.44,0.600,0
6.743,10.14,2.44,0.600,0
6.743,10.14,2.41,0.600,0
6.743,10.14,2.41,0.600,0
6.743,10.14,2.41,0.600,0
6.744,10.14,2.41,0.600,0
6.744,10.14,2.41,0.600,0
6.744,10.14,2.38,0.600,0
6.744,10.14,2.38,0.600,0
6.745,10.14,2.38,0.600,0
6.745,10.14,2.38,0.600,0
6.745,10.14,2.34,0.600,0
6.745,10.14,2.34,0.600,0
6.746,10.14,2.34,0.600,0
6.746,10.14,2.34,0.600,0
6.746,10.14,2.31,0.600,0
6.746,10.14,2.31,0.600,0
6.747,10.14,2.31,0.600,0
6.747,10.14,2.28,0.600,0
6.747,10.14,2.28,0.600,0
6.747,10.14,2.28,0.600,0
6.748,10.14,2.28,0.600,0
6.748,10.14,2.28,0.600,0
6.748,10.14,2.25,0.600,0
6.748,10.14,2.25,0.600,0
6.749,10.14,2.25,0.600,0
6.749,10.14,2.25,0.600,0
6.749,10.14,2.21,0.600,0
6.749,10.14,2.21,0.600,0
6.750,10.14,2.21,0.600,0
6.750,10.14,2.21,0.600,0
6.750,10.14,2.18,0.600,0
6.750,10.14,2.18,0.600,0
6.751,10.14,2.18,0.600,0
6.751,10.14,2.18,0.600,0
6.751,10.14,2.18,0.600,0
6.751,10.14,2.15,0.600,0
6.751,10.14,2.15,0.600,0
6.752,10.14,2.15,0.600,0
6.752,10.14,2.15,0.600,0
6.752,10.14,2.12,0.600,0
6.752,10.14,2.12,0.600,0
6.753,10.14,2.12,0.600,0
6.753,10.14,2.08,0.600,0
6.753,10.14,2.08,0.600,0
6.754,10.14,2.08,0.600,0
6.754,10.14,2.08,0.600,0
6.754,10.14,2.05,0.600,0
6.754,10.14,2.05,0.600,0
6.755,10.14,2.05,0.600,0
6.755,10.14,2.05,0.600,0
6.755,10.14,2.02,0.600,0
6.755,10.14,2.02,0.600,0
6.755,10.14,2.02,0.600,0
6.756,10.14,2.02,0.600,0
6.756,10.14,1.99,0.600,0
6.756,10.14,1.99,0.600,0
6.756,10.14,1.99,0.600,0
6.757,10.14,1.99,0.600,0
6.757,10.14,1.99,0.600,0
6.757,10.14,1.95,0.600,0
6.757,10.14,1.95,0.600,0
6.758,10.14,1.95,0.600,0
6.758,10.14,1.95,0.600,0
6.758,10.14,1.92,0.600,0
6.758,10.14,1.92,0.600,0
6.759,10.14,1.92,0.600,0
6.759,10.14,1.92,0.600,0
6.759,10.14,1.89,0.600,0
6.759,10.14,1.89,0.600,0
6.760,10.14,1.89,0.600,0
6.760,10.14,1.85,0.600,0
6.760,10.14,1.85,0.600,0
6.761,10.14,1.85,0.600,0
6.761,10.14,1.85,0.600,0
6.761,10.14,1.82,0.600,0
6.761,10.14,1.82,0.600,0
6.762,10.14,1.82,0.600,0
6.762,10.14,1.82,0.600,0
6.762,10.14,1.79,0.600,0
6.762,10.14,1.79,0.600,0
6.763,10.14,1.79,0.600,0
6.763,10.14,1.79,0.600,0
6.763,10.14,1.76,0.600,0
6.763,10.14,1.76,0.600,0
6.763,10.14,1.76,0.600,0
6.764,10.14,1.76,0.600,0
6.764,10.14,1.76,0.600,0
6.764,10.14,1.72,0.600,0
6.764,10.14,1.72,0.600,0
6.765,10.14,1.72,0.600,0
6.765,10.14,1.72,0.600,0
6.765,10.14,1.69,0.600,0
6.765,10.14,1.69,0.600,0
6.766,10.14,1.69,0.600,0
6.766,10.14,1.69,0.600,0
6.766,10.14,1.66,0.600,0
6.767,10.14,1.66,0.600,0
6.767,10.14,1.66,0.600,1
6.767,15.46,1.63,0.600,0
6.768,15.46,1.63,0.600,0
6.768,15.46,1.59,0.600,0
6.768,15.46,1.59,0.600,0
6.769,15.46,1.59,0.600,0
6.769,15.46,1.56,0.600,0
6.769,15.46,1.56,0.600,0
6.770,15.46,1.56,0.600,0
6.770,15.46,1.56,0.600,0
6.770,15.46,1.53,0.600,0
6.770,15.46,1.53,0.600,0
6.771,15.46,1.53,0.600,0
6.771,15.46,1.53,0.600,0
6.771,15.46,1.53,0.600,0
6.771,15.46,1.50,0.600,0
6.771,15.46,1.50,0.600,0
6.772,15.46,1.50,0.600,0
6.772,15.46,1.50,0.600,0
6.772,15.46,1.46,0.600,0
6.773,15.46,1.46,0.600,0
6.773,15.46,1.46,0.600,0
6.773,15.46,1.46,0.600,0
6.773,15.46,1.43,0.600,0
6.774,15.46,1.43,0.600,0
6.774,15.46,1.43,0.600,0
6.774,15.46,1.40,0.600,0
6.774,15.46,1.40,0.600,0
6.775,15.46,1.40,0.600,0
6.775,15.46,1.40,0.600,0
6.775,15.46,1.37,0.600,0
6.775,15.46,1.37,0.600,0
6.775,15.46,1.37,0.600,0
6.776,15.46,1.37,0.600,0
6.776,15.46,1.37,0.600,0
6.776,15.46,1.33,0.600,0
6.776,15.46,1.33,0.600,0
6.777,15.46,1.33,0.600,0
6.777,15.46,1.33,0.600,0
6.777,15.46,1.30,0.600,0
6.777,15.46,1.30,0.600,0
6.778,15.46,1.30,0.600,0
6.778,15.46,1.30,0.600,0
6.778,15.46,1.27,0.600,0
6.778,15.46,1.27,0.600,0
6.778,15.46,1.27,0.600,0
6.779,15.46,1.27,0.600,0
6.779,15.46,1.27,0.600,0
6.779,15.46,1.24,0.600,0
6.779,15.46,1.24,0.600,0
6.780,15.46,1.24,0.600,0
6.780,15.46,1.20,0.600,0
6.780,15.46,1.20,0.600,0
6.781,15.46,1.20,0.600,0
6.781,15.46,1.20,0.600,0
6.781,15.46,1.17,0.600,0
6.781,15.46,1.17,0.600,0
6.782,15.46,1.17,0.600,0
6.782,15.46,1.17,0.600,0
6.782,15.46,1.14,0.600,0
6.782,15.46,1.14,0.600,0
6.783,15.46,1.14,0.600,0
6.783,15.46,1.14,0.600,0
6.783,15.46,1.11,0.600,0
6.783,15.46,1.11,0.600,0
6.784,15.46,1.11,0.600,0
6.784,15.46,1.11,0.600,0
6.784,15.46,1.07,0.600,0
6.784,15.46,1.07,0.600,0
6.785,15.46,1.07,0.600,0
6.785,15.46,1.07,0.600,0
6.785,15.46,1.04,0.600,0
6.785,15.46,1.04,0.600,0
6.786,15.46,1.04,0.600,0
6.786,15.46,1.04,0.600,0
6.786,15.46,1.01,0.600,0
6.786,15.46,1.01,0.600,0
6.787,15.46,1.01,0.600,0
6.787,15.46,1.01,0.600,0
6.787,15.46,0.98,0.600,0
6.788,15.46,0.98,0.600,0
6.788,15.46,0.98,0.600,0
6.788,15.46,0.94,0.600,0
6.788,15.46,0.94,0.600,0
6.789,15.46,0.94,0.600,0
6.789,15.46,0.94,0.600,0
6.789,15.46,0.91,0.600,0
6.789,15.46,0.91,0.600,0
6.790,15.46,0.91,0.600,0
6.790,15.46,0.91,0.600,0
6.790,15.46,0.88,0.600,0
6.790,15.46,0.88,0.600,0
6.791,15.46,0.88,0.600,0
6.791,15.46,0.88,0.600,0
6.791,15.46,0.88,0.600,0
6.791,15.46,0.85,0.600,0
6.791,15.46,0.85,0.600,0
6.792,15.46,0.85,0.600,0
6.792,15.46,0.85,0.600,0
6.792,15.46,0.81,0.600,0
6.792,15.46,0.81,0.600,0
6.793,15.46,0.81,0.600,0
6.793,15.46,0.81,0.600,0
6.793,15.46,0.78,0.600,0
6.793,15.46,0.78,0.600,0
6.794,15.46,0.78,0.600,0
6.794,15.46,0.78,0.600,0
6.794,15.46,0.75,0.600,0
6.795,15.46,0.75,0.600,0
6.795,15.46,0.75,0.600,0
6.795,15.46,0.71,0.600,0
6.795,15.46,0.71,0.600,0
6.796,15.46,0.71,0.600,0
6.796,15.46,0.71,0.600,0
6.796,15.46,0.68,0.600,0
6.796,15.46,0.68,0.600,0
6.797,15.46,0.68,0.600,0
6.797,15.46,0.68,0.600,0
6.797,15.46,0.65,0.600,0
6.797,15.46,0.65,0.600,0
6.798,15.46,0.65,0.600,0
6.798,15.46,0.65,0.600,0
6.798,15.46,0.62,0.600,0
6.799,15.46,0.58,0.600,0
6.799,15.46,0.58,0.600,0
6.800,15.46,0.58,0.600,0
6.800,15.46,0.58,0.600,0
6.800,15.46,0.55,0.600,0
6.801,15.46,0.55,0.600,0
6.801,15.46,0.55,0.600,0
6.801,15.46,0.52,0.600,0
6.802,15.46,0.52,0.600,0
6.802,15.46,0.52,0.600,0
6.802,15.46,0.49,0.600,0
6.803,15.46,0.49,0.600,0
6.803,15.46,0.49,0.600,0
6.803,15.46,0.45,0.600,0
6.803,15.46,0.45,0.600,0
6.804,15.46,0.45,0.600,0
6.804,15.46,0.45,0.600,0
6.804,15.46,0.42,0.600,0
6.804,15.46,0.42,0.600,0
6.805,15.46,0.42,0.600,0
6.805,15.46,0.42,0.600,0
6.805,15.46,0.39,0.600,0
6.805,15.46,0.39,0.600,0
6.806,15.46,0.39,0.600,0
6.806,15.46,0.39,0.600,0
6.806,15.46,0.36,0.600,0
6.806,15.46,0.36,0.600,0
6.807,15.46,0.36,0.600,0
6.807,15.46,0.36,0.600,0
6.807,15.46,0.32,0.600,0
6.807,15.46,0.32,0.600,0
6.808,15.46,0.32,0.600,0
6.808,15.46,0.29,0.600,0
6.808,15.46,0.29,0.600,0
6.809,15.46,0.29,0.600,0
6.809,15.46,0.29,0.600,0
6.809,15.46,0.26,0.600,0
6.809,15.46,0.26,0.600,0
6.810,15.46,0.26,0.600,0
6.810,15.46,0.23,0.600,0
6.810,15.46,0.23,0.600,0
6.810,15.46,0.23,0.600,0
6.811,15.46,0.23,0.600,0
6.811,15.46,0.23,0.600,0
6.811,15.46,0.19,0.600,0
6.811,15.46,0.19,0.600,0
6.812,15.46,0.19,0.600,0
6.812,15.46,0.19,0.600,0
6.812,15.46,0.16,0.600,0
6.812,15.46,0.16,0.600,0
6.813,15.46,0.16,0.600,0
6.813,15.46,0.16,0.600,0
6.813,15.46,0.13,0.600,0
6.813,15.46,0.13,0.600,0
6.814,15.46,0.13,0.600,0
6.814,15.46,0.13,0.600,0
6.814,15.46,0.10,0.600,0
6.814,15.46,0.10,0.600,0
6.815,15.46,0.10,0.600,0
6.815,15.46,0.10,0.600,0
6.815,15.46,0.06,0.600,0
6.815,15.46,0.06,0.600,0
6.816,15.46,0.06,0.600,0
6.816,15.46,0.06,0.600,0
6.816,15.46,0.03,0.600,0
6.817,15.46,0.03,0.600,0
6.817,15.46,0.03,0.600,0
6.817,15.46,-0.00,0.600,0
6.817,15.46,-0.00,0.600,0
6.818,15.46,-0.00,0.600,0
6.818,15.46,-0.00,0.600,0
6.818,15.46,-0.03,0.600,0
6.818,15.46,-0.03,0.600,0
6.819,15.46,-0.03,0.600,0
6.819,15.46,-0.07,0.600,0
6.819,15.46,-0.07,0.600,0
6.820,15.46,-0.07,0.600,0
6.820,15.46,-0.07,0.600,0
6.820,15.46,-0.10,0.600,0
6.820,15.46,-0.10,0.600,0
6.821,15.46,-0.10,0.600,0
6.821,15.46,-0.10,0.600,0
6.821,15.46,-0.13,0.600,0
6.821,15.46,-0.13,0.600,0
6.822,15.46,-0.13,0.600,0
6.822,15.46,-0.13,0.600,0
6.822,15.46,-0.16,0.600,0
6.822,15.46,-0.16,0.600,0
6.823,15.46,-0.16,0.600,0
6.823,15.46,-0.20,0.600,0
6.823,15.46,-0.20,0.600,0
6.824,15.46,-0.20,0.600,0
6.824,15.46,-0.20,0.600,0
6.824,15.46,-0.23,0.600,0
6.824,15.46,-0.23,0.600,0
6.824,15.46,-0.23,0.600,0
6.825,15.46,-0.23,0.600,0
6.825,15.46,-0.23,0.600,0
6.825,15.46,-0.26,0.600,0
6.825,15.46,-0.26,0.600,0
6.826,15.46,-0.26,0.600,0
6.826,15.46,-0.26,0.600,0
6.826,15.46,-0.30,0.600,0
6.826,15.46,-0.30,0.600,0
6.827,15.46,-0.30,0.600,0
6.827,15.46,-0.30,0.600,0
6.827,15.46,-0.33,0.600,0
6.827,15.46,-0.33,0.600,0
6.828,15.46,-0.33,0.600,0
6.828,15.46,-0.36,0.600,0
6.828,15.46,-0.36,0.600,0
6.829,15.46,-0.36,0.600,0
6.829,15.46,-0.36,0.600,0
6.829,15.46,-0.39,0.600,0
6.829,15.46,-0.39,0.600,0
6.830,15.46,-0.39,0.600,0
6.830,15.46,-0.39,0.600,0
6.830,15.46,-0.43,0.600,0
6.831,15.46,-0.43,0.600,0
6.831,15.46,-0.43,0.600,0
6.831,15.46,-0.46,0.600,0
6.831,15.46,-0.46,0.600,0
6.832,15.46,-0.46,0.600,0
6.832,15.46,-0.46,0.600,0
6.832,15.46,-0.49,0.600,0
6.832,15.46,-0.49,0.600,0
6.832,15.46,-0.49,0.600,0
6.833,15.46,-0.49,0.600,0
6.833,15.46,-0.49,0.600,0
6.833,15.46,-0.52,0.600,0
6.833,15.46,-0.52,0.600,0
6.834,15.46,-0.52,0.600,0
6.834,15.46,-0.56,0.600,0
6.834,15.46,-0.56,0.600,0
6.834,15.46,-0.56,0.600,0
6.835,15.46,-0.56,0.600,0
6.835,15.46,-0.59,0.600,0
6.835,15.46,-0.59,0.600,0
6.836,15.46,-0.59,0.600,0
6.836,15.46,-0.59,0.600,0
6.836,15.46,-0.59,0.600,0
6.836,15.46,-0.62,0.600,0
6.837,15.46,-0.62,0.600,0
6.837,15.46,-0.62,0.600,0
6.837,15.46,-0.65,0.600,0
6.837,15.46,-0.65,0.600,0
6.838,15.46,-0.65,0.600,0
6.838,15.46,-0.65,0.600,0
6.838,15.46,-0.69,0.600,0
6.838,15.46,-0.69,0.600,0
6.838,15.46,-0.69,0.600,0
6.839,15.46,-0.69,0.600,0
6.839,15.46,-0.69,0.600,0
6.839,15.46,-0.72,0.600,0
6.839,15.46,-0.72,0.600,0
6.840,15.46,-0.72,0.600,0
6.840,15.46,-0.72,0.600,0
6.840,15.46,-0.75,0.600,0
6.840,15.46,-0.75,0.600,0
6.841,15.46,-0.75,0.600,0
6.841,15.46,-0.75,0.600,0
6.841,15.46,-0.78,0.600,0
6.841,15.46,-0.78,0.600,0
6.841,15.46,-0.78,0.600,0
6.842,15.46,-0.78,0.600,0
6.842,15.46,-0.82,0.600,0
6.842,15.46,-0.82,0.600,0
6.842,15.46,-0.82,0.600,0
6.843,15.46,-0.82,0.600,0
6.843,15.46,-0.82,0.600,0
6.843,15.46,-0.85,0.600,0
6.843,15.46,-0.85,0.600,0
6.844,15.46,-0.85,0.600,0
6.844,15.46,-0.85,0.600,0
6.844,15.46,-0.88,0.600,0
6.844,15.46,-0.88,0.600,0
6.845,15.46,-0.88,0.600,0
6.845,15.46,-0.88,0.600,0
6.845,15.46,-0.91,0.600,0
6.845,15.46,-0.91,0.600,0
6.845,15.46,-0.91,0.600,0
6.846,15.46,-0.91,0.600,0
6.846,15.46,-0.91,0.600,0
6.846,15.46,-0.95,0.600,0
6.846,15.46,-0.95,0.600,0
6.847,15.46,-0.95,0.600,0
6.847,15.46,-0.95,0.600,0
6.847,15.46,-0.98,0.600,0
6.847,15.46,-0.98,0.600,0
6.848,15.46,-0.98,0.600,0
6.848,15.46,-0.98,0.600,0
6.848,15.46,-1.01,0.600,0
6.848,15.46,-1.01,0.600,0
6.849,15.46,-1.01,0.600,0
6.849,15.46,-1.01,0.600,0
6.849,15.46,-1.04,0.600,0
6.849,15.46,-1.04,0.600,0
6.850,15.46,-1.04,0.600,0
6.850,15.46,-1.04,0.600,0
6.850,15.46,-1.07,0.600,0
6.850,15.46,-1.07,0.600,0
6.851,15.46,-1.07,0.600,0
6.851,15.46,-1.07,0.600,0
6.851,15.46,-1.10,0.600,0
6.851,15.46,-1.10,0.600,0
6.852,15.46,-1.10,0.600,0
6.852,15.46,-1.10,0.600,0
6.852,15.46,-1.13,0.600,0
6.852,15.46,-1.13,0.600,0
6.853,15.46,-1.13,0.600,0
6.853,15.46,-1.13,0.600,0
6.853,15.46,-1.16,0.600,0
6.853,15.46,-1.16,0.600,0
6.854,15.46,-1.16,0.600,0
6.854,15.46,-1.16,0.600,0
6.854,15.46,-1.19,0.600,0
6.854,15.46,-1.19,0.600,0
6.855,15.46,-1.19,0.600,0
6.855,15.46,-1.19,0.600,0
6.855,15.46,-1.22,0.600,0
6.855,15.46,-1.22,0.600,0
6.855,15.46,-1.22,0.600,0
6.856,15.46,-1.22,0.600,0
6.856,15.46,-1.22,0.600,0
6.856,15.46,-1.25,0.600,0
6.856,15.46,-1.25,0.600,0
6.857,15.46,-1.25,0.600,0
6.857,15.46,-1.28,0.600,0
6.857,15.46,-1.28,0.600,0
6.857,15.46,-1.28,0.600,0
6.858,15.46,-1.28,0.600,0
6.858,15.46,-1.28,0.600,0
6.858,15.46,-1.31,0.600,0
6.858,15.46,-1.31,0.600,0
6.859,15.46,-1.31,0.600,0
6.859,15.46,-1.31,0.600,0
6.859,15.46,-1.34,0.600,0
6.859,15.46,-1.34,0.600,0
6.860,15.46,-1.34,0.600,0
6.860,15.46,-1.34,0.600,0
6.860,15.46,-1.37,0.600,0
6.860,15.46,-1.37,0.600,0
6.861,15.46,-1.37,0.600,0
6.861,15.46,-1.37,0.600,0
6.861,15.46,-1.41,0.600,0
6.861,15.46,-1.41,0.600,0
6.862,15.46,-1.41,0.600,0
6.862,15.46,-1.41,0.600,0
6.862,15.46,-1.44,0.600,0
6.862,15.46,-1.44,0.600,0
6.863,15.46,-1.44,0.600,0
6.863,15.46,-1.44,0.600,0
6.863,15.46,-1.47,0.600,0
6.863,15.46,-1.47,0.600,0
6.864,15.46,-1.47,0.600,0
6.864,15.46,-1.47,0.600,0
6.864,15.46,-1.51,0.600,0
6.864,15.46,-1.51,0.600,0
6.865,15.46,-1.51,0.600,0
6.865,15.46,-1.54,0.600,0
6.865,15.46,-1.54,0.600,0
6.866,15.46,-1.54,0.600,0
6.866,15.46,-1.54,0.600,0
6.866,15.46,-1.57,0.600,0
6.866,15.46,-1.57,0.600,0
6.867,15.46,-1.57,0.600,0
6.867,15.46,-1.57,0.600,0
6.867,15.46,-1.60,0.600,0
6.867,15.46,-1.60,0.600,0
6.868,15.46,-1.60,0.600,0
6.868,15.46,-1.60,0.600,0
6.868,15.46,-1.64,0.600,0
6.868,15.46,-1.64,0.600,0
6.869,15.46,-1.64,0.600,0
6.869,15.46,-1.64,0.600,0
6.869,15.46,-1.67,0.600,0
6.869,15.46,-1.67,0.600,0
6.870,15.46,-1.67,0.600,0
6.870,15.46,-1.67,0.600,0
6.870,15.46,-1.70,0.600,0
6.870,15.46,-1.70,0.600,0
6.871,15.46,-1.70,0.600,0
6.871,15.46,-1.70,0.600,0
6.871,15.46,-1.73,0.600,0
6.871,15.46,-1.73,0.600,0
6.872,15.46,-1.73,0.600,0
6.872,15.46,-1.73,0.600,0
6.872,15.46,-1.77,0.600,0
6.872,15.46,-1.77,0.600,0
6.872,15.46,-1.77,0.600,0
6.873,15.46,-1.77,0.600,0
6.873,15.46,-1.77,0.600,0
6.873,15.46,-1.80,0.600,0
6.873,15.46,-1.80,0.600,0
6.874,15.46,-1.80,0.600,0
6.874,15.46,-1.80,0.600,0
6.874,15.46,-1.83,0.600,0
6.874,15.46,-1.83,0.600,0
6.875,15.46,-1.83,0.600,0
6.875,15.46,-1.83,0.600,0
6.875,15.46,-1.86,0.600,0
6.875,15.46,-1.86,0.600,0
6.876,15.46,-1.86,0.600,0
6.876,15.46,-1.86,0.600,0
6.876,15.46,-1.86,0.600,0
6.876,15.46,-1.90,0.600,0
6.876,15.46,-1.90,0.600,0
6.877,15.46,-1.90,0.600,0
6.877,15.46,-1.93,0.600,0
6.877,15.46,-1.93,0.600,0
6.878,15.46,-1.93,0.600,0
6.878,15.46,-1.96,0.600,0
6.879,15.46,-1.96,0.600,0
6.879,15.46,-1.96,0.600,0
6.879,15.46,-1.99,0.600,0
6.880,15.46,-1.99,0.600,0
6.880,15.46,-1.99,0.600,0
6.880,15.46,-2.03,0.600,0
6.880,15.46,-2.03,0.600,0
6.881,15.46,-2.03,0.600,0
6.881,15.46,-2.03,0.600,0
6.881,15.46,-2.06,0.600,0
6.881,15.46,-2.06,0.600,0
6.882,15.46,-2.06,0.600,0
6.882,15.46,-2.06,0.600,0
6.882,15.46,-2.09,0.600,0
6.882,15.46,-2.09,0.600,0
6.883,15.46,-2.09,0.600,0
6.883,15.46,-2.09,0.600,0
6.883,15.46,-2.12,0.600,0
6.883,15.46,-2.12,0.600,0
6.884,15.46,-2.12,0.600,0
6.884,15.46,-2.12,0.600,0
6.884,15.46,-2.15,0.600,0
6.885,15.46,-2.15,0.600,0
6.885,15.46,-2.15,0.600,0
6.885,15.46,-2.19,0.600,0
6.885,15.46,-2.19,0.600,0
6.886,15.46,-2.19,0.600,0
6.886,15.46,-2.19,0.600,0
6.886,15.46,-2.22,0.600,0
6.886,15.46,-2.22,0.600,0
6.887,15.46,-2.22,0.600,0
6.887,15.46,-2.22,0.600,0
6.887,15.46,-2.25,0.600,0
6.887,15.46,-2.25,0.600,0
6.888,15.46,-2.25,0.600,0
6.888,15.46,-2.25,0.600,0
6.888,15.46,-2.28,0.600,0
6.888,15.46,-2.28,0.600,0
6.889,15.46,-2.28,0.600,0
6.889,15.46,-2.28,0.600,0
6.889,15.46,-2.32,0.600,0
6.889,15.46,-2.32,0.600,0
6.890,15.46,-2.32,0.600,0
6.890,15.46,-2.32,0.600,0
6.890,15.46,-2.35,0.600,0
6.890,15.46,-2.35,0.600,0
6.891,15.46,-2.35,0.600,0
6.891,15.46,-2.35,0.600,0
6.891,15.46,-2.38,0.600,0
6.892,15.46,-2.38,0.600,0
6.892,15.46,-2.38,0.600,0
6.892,15.46,-2.41,0.600,0
6.893,15.46,-2.41,0.600,0
6.893,15.46,-2.41,0.600,0
6.893,15.46,-2.45,0.600,0
6.893,15.46,-2.45,0.600,0
6.894,15.46,-2.45,0.600,0
6.894,15.46,-2.45,0.600,0
6.894,15.46,-2.48,0.600,0
6.894,15.46,-2.48,0.600,0
6.895,15.46,-2.48,0.600,0
6.895,15.46,-2.48,0.600,0
6.895,15.46,-2.51,0.600,0
6.895,15.46,-2.51,0.600,0
6.896,15.46,-2.51,0.600,0
6.896,15.46,-2.51,0.600,0
6.896,15.46,-2.54,0.600,0
6.896,15.46,-2.54,0.600,0
6.897,15.46,-2.54,0.600,0
6.897,15.46,-2.54,0.600,0
6.897,15.46,-2.57,0.600,0
6.898,15.46,-2.57,0.600,0
6.898,15.46,-2.57,0.600,0
6.898,15.46,-2.61,0.600,0
6.898,15.46,-2.61,0.600,0
6.899,15.46,-2.61,0.600,0
6.899,15.46,-2.61,0.600,0
6.899,15.46,-2.64,0.600,0
6.899,15.46,-2.64,0.600,0
6.900,15.46,-2.64,0.600,0
6.900,15.46,-2.64,0.600,0
6.900,15.46,-2.67,0.600,0
6.901,15.46,-2.67,0.600,1
6.901,11.57,-2.67,0.600,0
6.901,11.57,-2.67,0.600,0
6.902,11.57,-2.70,0.600,0
6.902,11.57,-2.70,0.600,0
6.902,11.57,-2.70,0.600,0
6.903,11.57,-2.74,0.600,0
6.903,11.57,-2.74,0.600,0
6.903,11.57,-2.74,0.600,0
6.903,11.57,-2.74,0.600,0
6.904,11.57,-2.77,0.600,0
6.904,11.57,-2.77,0.600,0
6.904,11.57,-2.77,0.600,0
6.904,11.57,-2.77,0.600,0
6.905,11.57,-2.80,0.600,0
6.905,11.57,-2.80,0.600,0
6.905,11.57,-2.80,0.600,0
6.905,11.57,-2.83,0.600,0
6.906,11.57,-2.83,0.600,0
6.906,11.57,-2.83,0.600,0
6.906,11.57,-2.83,0.600,0
6.907,11.57,-2.87,0.600,0
6.907,11.57,-2.87,0.600,0
6.907,11.57,-2.87,0.600,0
6.907,11.57,-2.87,0.600,0
6.908,11.57,-2.90,0.600,0
6.908,11.57,-2.90,0.600,0
6.908,11.57,-2.90,0.600,0
6.908,11.57,-2.90,0.600,0
6.908,11.57,-2.93,0.600,0
6.909,11.57,-2.93,0.600,0
6.909,11.57,-2.93,0.600,0
6.909,11.57,-2.93,0.600,0
6.909,11.57,-2.96,0.600,0
6.910,11.57,-2.96,0.600,0
6.910,11.57,-2.96,0.600,0
6.910,11.57,-2.96,0.600,0
6.910,11.57,-3.00,0.600,0
6.911,11.57,-3.00,0.600,0
6.911,11.57,-3.00,0.600,0
6.911,11.57,-3.00,0.600,0
6.911,11.57,-3.00,0.600,0
6.912,11.57,-3.03,0.600,0
6.912,11.57,-3.03,0.600,0
6.912,11.57,-3.03,0.600,0
6.912,11.57,-3.06,0.600,0
6.913,11.57,-3.06,0.600,0
6.913,11.57,-3.06,0.600,0
6.913,11.57,-3.06,0.600,0
6.914,11.57,-3.09,0.600,0
6.914,11.57,-3.09,0.600,0
6.914,11.57,-3.09,0.600,0
6.914,11.57,-3.09,0.600,0
6.914,11.57,-3.12,0.600,0
6.915,11.57,-3.12,0.600,0
6.915,11.57,-3.12,0.600,0
6.915,11.57,-3.12,0.600,0
6.915,11.57,-3.16,0.600,0
6.916,11.57,-3.16,0.600,0
6.916,11.57,-3.16,0.600,0
6.916,11.57,-3.16,0.600,0
6.916,11.57,-3.16,0.600,0
6.917,11.57,-3.19,0.600,0
6.917,11.57,-3.19,0.600,0
6.917,11.57,-3.19,0.600,0
6.917,11.57,-3.19,0.600,0
6.917,11.57,-3.22,0.600,0
6.918,11.57,-3.22,0.600,0
6.918,11.57,-3.22,0.600,0
6.918,11.57,-3.22,0.600,0
6.919,11.57,-3.25,0.600,0
6.919,11.57,-3.25,0.600,0
6.919,11.57,-3.25,0.600,0
6.919,11.57,-3.25,0.600,0
6.919,11.57,-3.29,0.600,0
6.920,11.57,-3.29,0.600,0
6.920,11.57,-3.29,0.600,0
6.920,11.57,-3.29,0.600,0
6.920,11.57,-3.32,0.600,0
6.921,11.57,-3.32,0.600,0
6.921,11.57,-3.32,0.600,0
6.921,11.57,-3.32,0.600,0
6.921,11.57,-3.35,0.600,0
6.922,11.57,-3.35,0.600,0
6.922,11.57,-3.35,0.600,0
6.922,11.57,-3.35,0.600,0
6.922,11.57,-3.35,0.600,0
6.922,11.57,-3.38,0.600,0
6.923,11.57,-3.38,0.600,0
6.923,11.57,-3.38,0.600,0
6.923,11.57,-3.38,0.600,0
6.923,11.57,-3.42,0.600,0
6.924,11.57,-3.42,0.600,0
6.924,11.57,-3.42,0.600,0
6.924,11.57,-3.42,0.600,0
6.924,11.57,-3.45,0.600,0
6.925,11.57,-3.45,0.600,0
6.925,11.57,-3.45,0.600,0
6.925,11.57,-3.45,0.600,0
6.925,11.57,-3.48,0.600,0
6.926,11.57,-3.48,0.600,0
6.926,11.57,-3.48,0.600,0
6.926,11.57,-3.48,0.600,0
6.926,11.57,-3.51,0.600,0
6.927,11.57,-3.51,0.600,0
6.927,11.57,-3.51,0.600,0
6.927,11.57,-3.51,0.600,0
6.927,11.57,-3.54,0.600,0
6.928,11.57,-3.54,0.600,0
6.928,11.57,-3.54,0.600,0
6.928,11.57,-3.54,0.600,0
6.928,11.57,-3.54,0.600,0
6.928,11.57,-3.58,0.600,0
6.929,11.57,-3.58,0.600,0
6.929,11.57,-3.58,0.600,0
6.929,11.57,-3.58,0.600,0
6.929,11.57,-3.61,0.600,0
6.930,11.57,-3.61,0.600,0
6.930,11.57,-3.61,0.600,0
6.930,11.57,-3.61,0.600,0
6.930,11.57,-3.61,0.600,0
6.931,11.57,-3.64,0.600,0
6.931,11.57,-3.64,0.600,0
6.931,11.57,-3.64,0.600,0
6.931,11.57,-3.64,0.600,0
6.931,11.57,-3.67,0.600,0
6.932,11.57,-3.67,0.600,0
6.932,11.57,-3.67,0.600,0
6.932,11.57,-3.67,0.600,0
6.932,11.57,-3.70,0.600,0
6.933,11.57,-3.70,0.600,0
6.933,11.57,-3.70,0.600,0
6.933,11.57,-3.70,0.600,0
6.934,11.57,-3.73,0.600,0
6.934,11.57,-3.73,0.600,0
6.934,11.57,-3.73,0.600,0
6.934,11.57,-3.73,0.600,0
6.934,11.57,-3.76,0.600,0
6.935,11.57,-3.76,0.600,0
6.935,11.57,-3.76,0.600,0
6.935,11.57,-3.76,0.600,0
6.935,11.57,-3.80,0.600,0
6.936,11.57,-3.80,0.600,0
6.936,11.57,-3.80,0.600,0
6.936,11.57,-3.83,0.600,0
6.937,11.57,-3.83,0.600,0
6.937,11.57,-3.83,0.600,0
6.937,11.57,-3.83,0.600,0
6.937,11.57,-3.86,0.600,0
6.938,11.57,-3.86,0.600,0
6.938,11.57,-3.86,0.600,0
6.938,11.57,-3.86,0.600,0
6.938,11.57,-3.89,0.600,0
6.939,11.57,-3.89,0.600,0
6.939,11.57,-3.89,0.600,0
6.939,11.57,-3.89,0.600,0
6.940,11.57,-3.89,0.600,0
6.940,11.57,-3.93,0.600,0
6.941,11.57,-3.96,0.600,0
6.941,11.57,-3.96,0.600,0
6.941,11.57,-3.96,0.600,0
6.941,11.57,-3.99,0.600,0
6.942,11.57,-3.99,0.600,0
6.942,11.57,-3.99,0.600,0
6.942,11.57,-3.99,0.600,0
6.942,11.57,-4.03,0.600,0
6.943,11.57,-4.03,0.600,0
6.943,11.57,-4.03,0.600,0
6.943,11.57,-4.03,0.600,0
6.943,11.57,-4.06,0.600,0
6.944,11.57,-4.06,0.600,0
6.944,11.57,-4.06,0.600,0
6.944,11.57,-4.06,0.600,0
6.945,11.57,-4.09,0.600,0
6.945,11.57,-4.09,0.600,0
6.945,11.57,-4.09,0.600,0
6.945,11.57,-4.09,0.600,0
6.946,11.57,-4.12,0.600,0
6.946,11.57,-4.12,0.600,0
6.946,11.57,-4.12,0.600,0
6.946,11.57,-4.12,0.600,0
6.947,11.57,-4.16,0.600,0
6.947,11.57,-4.16,0.600,0
6.947,11.57,-4.16,0.600,0
6.947,11.57,-4.19,0.600,0
6.948,11.57,-4.19,0.600,0
6.948,11.57,-4.19,0.600,0
6.948,11.57,-4.22,0.600,0
6.949,11.57,-4.22,0.600,0
6.949,11.57,-4.22,0.600,0
6.949,11.57,-4.22,0.600,0
6.949,11.57,-4.22,0.600,0
6.949,11.57,-4.25,0.600,0
6.950,11.57,-4.25,0.600,0
6.950,11.57,-4.25,0.600,0
6.950,11.57,-4.29,0.600,0
6.951,11.57,-4.29,0.600,0
6.951,11.57,-4.29,0.600,0
6.951,11.57,-4.29,0.600,0
6.951,11.57,-4.29,0.600,0
6.952,11.57,-4.32,0.600,0
6.952,11.57,-4.32,0.600,0
6.952,11.57,-4.32,0.600,0
6.952,11.57,-4.35,0.600,0
6.953,11.57,-4.35,0.600,0
6.953,11.57,-4.35,0.600,0
6.953,11.57,-4.35,0.600,0
6.953,11.57,-4.38,0.600,0
6.954,11.57,-4.38,0.600,0
6.954,11.57,-4.38,0.600,0
6.954,11.57,-4.42,0.600,0
6.955,11.57,-4.42,0.600,0
6.955,11.57,-4.42,0.600,0
6.955,11.57,-4.42,0.600,0
6.955,11.57,-4.45,0.600,0
6.956,11.57,-4.45,0.600,0
6.956,11.57,-4.45,0.600,0
6.956,11.57,-4.45,0.600,0
6.956,11.57,-4.48,0.600,0
6.957,11.57,-4.48,0.600,0
6.957,11.57,-4.48,0.600,0
6.957,11.57,-4.48,0.600,0
6.957,11.57,-4.51,0.600,0
6.958,11.57,-4.51,0.600,0
6.958,11.57,-4.51,0.600,0
6.958,11.57,-4.51,0.600,0
6.958,11.57,-4.55,0.600,0
6.959,11.57,-4.55,0.600,0
6.959,11.57,-4.55,0.600,0
6.959,11.57,-4.55,0.600,0
6.959,11.57,-4.58,0.600,0
6.960,11.57,-4.58,0.600,0
6.960,11.57,-4.58,0.600,0
6.960,11.57,-4.58,0.600,0
6.960,11.57,-4.61,0.600,0
6.961,11.57,-4.61,0.600,0
6.961,11.57,-4.61,0.600,0
6.961,11.57,-4.64,0.600,0
6.962,11.57,-4.64,0.600,0
6.962,11.57,-4.64,0.600,0
6.962,11.57,-4.68,0.600,0
6.963,11.57,-4.68,0.600,0
6.963,11.57,-4.68,0.600,0
6.963,11.57,-4.68,0.600,0
6.963,11.57,-4.71,0.600,0
6.963,11.57,-4.71,0.600,0
6.964,11.57,-4.71,0.600,0
6.964,11.57,-4.71,0.600,0
6.964,11.57,-4.71,0.600,0
6.964,11.57,-4.74,0.600,0
6.965,11.57,-4.74,0.600,0
6.965,11.57,-4.74,0.600,0
6.965,11.57,-4.74,0.600,0
6.965,11.57,-4.78,0.600,0
6.966,11.57,-4.78,0.600,0
6.966,11.57,-4.78,0.600,0
6.966,11.57,-4.78,0.600,0
6.966,11.57,-4.81,0.600,0
6.967,11.57,-4.81,0.600,0
6.967,11.57,-4.81,0.600,0
6.967,11.57,-4.84,0.600,0
6.968,11.57,-4.84,0.600,0
6.968,11.57,-4.84,0.600,0
6.968,11.57,-4.84,0.600,0
6.968,11.57,-4.87,0.600,0
6.969,11.57,-4.87,0.600,0
6.969,11.57,-4.87,0.600,0
6.969,11.57,-4.87,0.600,0
6.969,11.57,-4.91,0.600,0
6.970,11.57,-4.91,0.600,0
6.970,11.57,-4.91,0.600,0
6.970,11.57,-4.91,0.600,0
6.970,11.57,-4.94,0.600,0
6.971,11.57,-4.94,0.600,0
6.971,11.57,-4.94,0.600,0
6.971,11.57,-4.94,0.600,0
6.971,11.57,-4.97,0.600,0
6.972,11.57,-4.97,0.600,0
6.972,11.57,-4.97,0.600,0
6.972,11.57,-4.97,0.600,0
6.972,11.57,-5.00,0.600,0
6.973,11.57,-5.00,0.600,0
6.973,11.57,-5.00,0.600,0
6.973,11.57,-5.04,0.600,0
6.973,11.57,-5.04,0.600,0
6.974,11.57,-5.04,0.600,0
6.974,11.57,-5.04,0.600,0
6.974,11.57,-5.07,0.600,0
6.975,11.57,-5.07,0.600,0
6.975,11.57,-5.07,0.600,0
6.975,11.57,-5.07,0.600,0
6.975,11.57,-5.10,0.600,0
6.976,11.57,-5.10,0.600,0
6.976,11.57,-5.10,0.600,0
6.976,11.57,-5.13,0.600,0
6.976,11.57,-5.13,0.600,0
6.977,11.57,-5.13,0.600,0
6.977,11.57,-5.13,0.600,0
6.977,11.57,-5.17,0.600,0
6.978,11.57,-5.17,0.600,0
6.978,11.57,-5.17,0.600,0
6.978,11.57,-5.17,0.600,0
6.978,11.57,-5.17,0.600,0
6.978,11.57,-5.20,0.600,0
6.979,11.57,-5.20,0.600,0
6.979,11.57,-5.20,0.600,0
6.979,11.57,-5.20,0.600,0
6.979,11.57,-5.23,0.600,0
6.980,11.57,-5.23,0.600,0
6.980,11.57,-5.23,0.600,0
6.980,11.57,-5.23,0.600,0
6.980,11.57,-5.26,0.600,0
6.981,11.57,-5.26,0.600,0
6.981,11.57,-5.26,0.600,0
6.981,11.57,-5.26,0.600,0
6.981,11.57,-5.30,0.600,0
6.982,11.57,-5.30,0.600,0
6.982,11.57,-5.30,0.600,0
6.982,11.57,-5.30,0.600,0
6.982,11.57,-5.33,0.600,0
6.983,11.57,-5.33,0.600,0
6.983,11.57,-5.33,0.600,0
6.983,11.57,-5.36,0.600,0
6.983,11.57,-5.36,0.600,0
6.984,11.57,-5.36,0.600,0
6.984,11.57,-5.36,0.600,0
6.984,11.57,-5.36,0.600,0
6.984,11.57,-5.39,0.600,0
6.985,11.57,-5.39,0.600,0
6.985,11.57,-5.39,0.600,0
6.985,11.57,-5.39,0.600,0
6.985,11.57,-5.43,0.600,0
6.985,11.57,-5.43,0.600,0
6.986,11.57,-5.43,0.600,0
6.986,11.57,-5.43,0.600,0
6.986,11.57,-5.43,0.600,0
6.986,11.57,-5.46,0.600,0
6.987,11.57,-5.46,0.600,0
6.987,11.57,-5.46,0.600,0
6.987,11.57,-5.49,0.600,0
6.988,11.57,-5.49,0.600,0
6.988,11.57,-5.49,0.600,0
6.988,11.57,-5.49,0.600,0
6.988,11.57,-5.52,0.600,0
6.989,11.57,-5.52,0.600,0
6.989,11.57,-5.52,0.600,0
6.989,11.57,-5.52,0.600,0
6.989,11.57,-5.56,0.600,0
6.990,11.57,-5.56,0.600,0
6.990,11.57,-5.56,0.600,0
6.990,11.57,-5.56,0.600,0
6.990,11.57,-5.59,0.600,0
6.991,11.57,-5.59,0.600,0
6.991,11.57,-5.59,0.600,0
6.991,11.57,-5.59,0.600,0
6.991,11.57,-5.62,0.600,0
6.992,11.57,-5.62,0.600,0
6.992,11.57,-5.62,0.600,0
6.992,11.57,-5.62,0.600,0
6.992,11.57,-5.65,0.600,0
6.993,11.57,-5.65,0.600,0
6.993,11.57,-5.65,0.600,0
6.993,11.57,-5.65,0.600,0
6.993,11.57,-5.69,0.600,0
6.994,11.57,-5.69,0.600,0
6.994,11.57,-5.69,0.600,0
6.994,11.57,-5.69,0.600,0
6.994,11.57,-5.72,0.600,0
6.995,11.57,-5.72,0.600,0
6.995,11.57,-5.72,0.600,0
6.995,11.57,-5.75,0.600,0
6.996,11.57,-5.75,0.600,0
6.996,11.57,-5.75,0.600,0
6.996,11.57,-5.79,0.600,0
6.997,11.57,-5.79,0.600,0
6.997,11.57,-5.79,0.600,0
6.997,11.57,-5.79,0.600,0
6.997,11.57,-5.82,0.600,0
6.998,11.57,-5.82,0.600,0
6.998,11.57,-5.82,0.600,0
6.998,11.57,-5.82,0.600,0
6.998,11.57,-5.85,0.600,0
6.998,11.57,-5.85,0.600,0
6.999,11.57,-5.85,0.600,0
6.999,11.57,-5.85,0.600,0
6.999,11.57,-5.88,0.600,0
6.999,11.57,-5.88,0.600,0
7.000,11.57,-5.88,0.600,0
7.000,11.57,-5.88,0.600,0
7.000,11.57,-5.88,0.600,0
7.000,11.57,-5.92,0.600,0
7.001,11.57,-5.92,0.600,0
7.001,11.57,-5.92,0.600,0
7.001,11.57,-5.92,0.600,0
7.001,11.57,-5.95,0.600,0
7.002,11.57,-5.95,0.600,0
7.002,11.57,-5.95,0.600,0
7.002,11.57,-5.95,0.600,0
7.002,11.57,-5.98,0.600,0
7.003,11.57,-5.98,0.600,0
7.003,11.57,-5.98,0.600,0
7.003,11.57,-5.98,0.600,0
7.003,11.57,-6.01,0.600,0
7.003,11.57,-6.01,0.600,0
7.004,11.57,-6.01,0.600,0
7.004,11.57,-6.01,0.600,0
7.004,11.57,-6.04,0.600,0
7.004,11.57,-6.04,0.600,0
7.005,11.57,-6.04,0.600,0
7.005,11.57,-6.04,0.600,0
7.005,11.57,-6.08,0.600,0
7.005,11.57,-6.08,0.600,0
7.006,11.57,-6.08,0.600,0
7.006,11.57,-6.08,0.600,0
7.006,11.57,-6.08,0.600,0
7.006,11.57,-6.11,0.600,0
7.007,11.57,-6.11,0.600,0
7.007,11.57,-6.11,0.600,0
7.007,11.57,-6.11,0.600,0
7.007,11.57,-6.14,0.600,0
7.007,11.57,-6.14,0.600,0
7.008,11.57,-6.14,0.600,0
7.008,11.57,-6.14,0.600,0
7.008,11.57,-6.18,0.600,0
7.008,11.57,-6.18,0.600,0
7.009,11.57,-6.18,0.600,0
7.009,11.57,-6.18,0.600,0
7.009,11.57,-6.18,0.600,0
7.009,11.57,-6.21,0.600,0
7.010,11.57,-6.21,0.600,0
7.010,11.57,-6.21,0.600,0
7.010,11.57,-6.21,0.600,0
7.010,11.57,-6.24,0.600,0
7.011,11.57,-6.24,0.600,0
7.011,11.57,-6.24,0.600,0
7.011,11.57,-6.24,0.600,0
7.011,11.57,-6.27,0.600,0
7.012,11.57,-6.27,0.600,0
7.012,11.57,-6.27,0.600,0
7.012,11.57,-6.27,0.600,0
7.012,11.57,-6.31,0.600,0
7.012,11.57,-6.31,0.600,0
7.013,11.57,-6.31,0.600,0
7.013,11.57,-6.31,0.600,0
7.013,11.57,-6.31,0.600,0
7.013,11.57,-6.34,0.600,0
7.014,11.57,-6.34,0.600,0
7.014,11.57,-6.34,0.600,0
7.014,11.57,-6.34,0.600,0
7.014,11.57,-6.37,0.600,0
7.014,11.57,-6.37,0.600,0
7.015,11.57,-6.37,0.600,0
7.015,11.57,-6.37,0.600,0
7.015,11.57,-6.40,0.600,0
7.015,11.57,-6.40,0.600,0
7.016,11.57,-6.40,0.600,0
7.016,11.57,-6.40,0.600,0
7.016,11.57,-6.40,0.600,0
7.016,11.57,-6.44,0.600,0
7.017,11.57,-6.44,0.600,0
7.017,11.57,-6.44,0.600,0
7.017,11.57,-6.47,0.600,0
7.017,11.57,-6.47,0.600,0
7.018,11.57,-6.47,0.600,0
7.018,11.57,-6.47,0.600,0
7.018,11.57,-6.47,0.600,0
7.018,11.57,-6.50,0.600,0
7.018,11.57,-6.50,0.600,0
7.019,11.57,-6.50,0.600,0
7.019,11.57,-6.50,0.600,0
7.019,11.57,-6.53,0.600,0
7.019,11.57,-6.53,0.600,0
7.020,11.57,-6.53,0.600,0
7.020,11.57,-6.53,0.600,0
7.020,11.57,-6.53,0.600,0
7.020,11.57,-6.57,0.600,0
7.021,11.57,-6.57,0.600,0
7.021,11.57,-6.57,0.600,0
7.021,11.57,-6.60,0.600,0
7.021,11.57,-6.60,0.600,0
7.022,11.57,-6.60,0.600,0
7.022,11.57,-6.60,0.600,0
7.022,11.57,-6.63,0.600,0
7.022,11.57,-6.63,0.600,0
7.023,11.57,-6.63,0.600,0
7.023,11.57,-6.63,0.600,0
7.023,11.57,-6.66,0.600,0
7.023,11.57,-6.66,0.600,0
7.024,11.57,-6.66,0.600,0
7.024,11.57,-6.66,0.600,0
7.024,11.57,-6.66,0.600,0
7.024,11.57,-6.70,0.600,0
7.025,11.57,-6.70,0.600,0
7.025,11.57,-6.70,0.600,0
7.025,11.57,-6.73,0.600,0
7.025,11.57,-6.73,0.600,0
7.026,11.57,-6.73,0.600,0
7.026,11.57,-6.73,0.600,0
7.026,11.57,-6.73,0.600,0
7.026,11.57,-6.76,0.600,0
7.027,11.57,-6.76,0.600,0
7.027,11.57,-6.76,0.600,0
7.027,11.57,-6.76,0.600,0
7.027,11.57,-6.79,0.600,0
7.028,11.57,-6.79,0.600,0
7.028,11.57,-6.79,0.600,0
7.028,11.57,-6.79,0.600,0
7.028,11.57,-6.83,0.600,0
7.029,11.57,-6.83,0.600,0
7.029,11.57,-6.83,0.600,0
7.029,11.57,-6.83,0.600,0
7.029,11.57,-6.86,0.600,0
7.030,11.57,-6.86,0.600,0
7.030,11.57,-6.86,0.600,0
7.030,11.57,-6.89,0.600,0
7.031,11.57,-6.89,0.600,0
7.031,11.57,-6.89,0.600,0
7.031,11.57,-6.89,0.600,0
7.031,11.57,-6.92,0.600,0
7.032,11.57,-6.92,0.600,0
7.032,11.57,-6.92,0.600,0
7.032,11.57,-6.92,0.600,0
7.032,11.57,-6.96,0.600,0
7.033,11.57,-6.96,0.600,0
7.033,11.57,-6.96,0.600,0
7.033,11.57,-6.99,0.600,0
7.034,11.57,-6.99,0.600,0
7.034,11.57,-6.99,0.600,0
7.034,11.57,-7.02,0.600,0
7.035,11.57,-7.02,0.600,1
7.035,7.83,-7.02,0.600,0
7.036,7.83,-7.06,0.600,0
7.036,7.83,-7.06,0.600,0
7.036,7.83,-7.06,0.600,0
7.036,7.83,-7.09,0.600,0
7.037,7.83,-7.09,0.600,0
7.037,7.83,-7.09,0.600,0
7.037,7.83,-7.09,0.600,0
7.038,7.83,-7.12,0.600,0
7.038,7.83,-7.12,0.600,0
7.038,7.83,-7.15,0.600,0
7.038,7.83,-7.15,0.600,0
7.039,7.83,-7.15,0.600,0
7.039,7.83,-7.15,0.600,0
7.039,7.83,-7.15,0.600,0
7.039,7.83,-7.19,0.600,0
7.040,7.83,-7.19,0.600,0
7.040,7.83,-7.19,0.600,0
7.040,7.83,-7.19,0.600,0
7.040,7.83,-7.22,0.600,0
7.040,7.83,-7.22,0.600,0
7.041,7.83,-7.22,0.600,0
7.041,7.83,-7.22,0.600,0
7.041,7.83,-7.25,0.600,0
7.041,7.83,-7.25,0.600,0
7.042,7.83,-7.25,0.600,0
7.042,7.83,-7.25,0.600,0
7.042,7.83,-7.28,0.600,0
7.042,7.83,-7.28,0.600,0
7.043,7.83,-7.28,0.600,0
7.043,7.83,-7.28,0.600,0
7.043,7.83,-7.32,0.600,0
7.044,7.83,-7.32,0.600,0
7.044,7.83,-7.32,0.600,0
7.044,7.83,-7.32,0.600,0
7.044,7.83,-7.35,0.600,0
7.045,7.83,-7.35,0.600,0
7.045,7.83,-7.35,0.600,0
7.045,7.83,-7.38,0.600,0
7.045,7.83,-7.38,0.600,0
7.046,7.83,-7.38,0.600,0
7.046,7.83,-7.38,0.600,0
7.046,7.83,-7.38,0.600,0
7.046,7.83,-7.41,0.600,0
7.047,7.83,-7.41,0.600,0
7.047,7.83,-7.41,0.600,0
7.047,7.83,-7.41,0.600,0
7.047,7.83,-7.45,0.600,0
7.047,7.83,-7.45,0.600,0
7.048,7.83,-7.45,0.600,0
7.048,7.83,-7.45,0.600,0
7.048,7.83,-7.45,0.600,0
7.048,7.83,-7.48,0.600,0
7.049,7.83,-7.48,0.600,0
7.049,7.83,-7.48,0.600,0
7.049,7.83,-7.48,0.600,0
7.049,7.83,-7.51,0.600,0
7.050,7.83,-7.51,0.600,0
7.050,7.83,-7.51,0.600,0
7.050,7.83,-7.54,0.600,0
7.050,7.83,-7.54,0.600,0
7.051,7.83,-7.54,0.600,0
7.051,7.83,-7.54,0.600,0
7.051,7.83,-7.58,0.600,0
7.052,7.83,-7.58,0.600,0
7.052,7.83,-7.58,0.600,0
7.052,7.83,-7.58,0.600,0
7.052,7.83,-7.61,0.600,0
7.053,7.83,-7.61,0.600,0
7.053,7.83,-7.61,0.600,0
7.053,7.83,-7.61,0.600,0
7.053,7.83,-7.64,0.600,0
7.054,7.83,-7.64,0.600,0
7.054,7.83,-7.64,0.600,0
7.054,7.83,-7.68,0.600,0
7.054,7.83,-7.68,0.600,0
7.055,7.83,-7.68,0.600,0
7.055,7.83,-7.68,0.600,0
7.055,7.83,-7.71,0.600,0
7.055,7.83,-7.71,0.600,0
7.056,7.83,-7.71,0.600,0
7.056,7.83,-7.71,0.600,0
7.056,7.83,-7.71,0.600,0
7.056,7.83,-7.74,0.600,0
7.057,7.83,-7.74,0.600,0
7.057,7.83,-7.74,0.600,0
7.057,7.83,-7.77,0.600,0
7.058,7.83,-7.77,0.600,0
7.058,7.83,-7.77,0.600,0
7.058,7.83,-7.81,0.600,0
7.058,7.83,-7.81,0.600,0
7.059,7.83,-7.81,0.600,0
7.059,7.83,-7.81,0.600,0
7.059,7.83,-7.84,0.600,0
7.060,7.83,-7.84,0.600,0
7.060,7.83,-7.84,0.600,0
7.060,7.83,-7.84,0.600,0
7.060,7.83,-7.87,0.600,0
7.061,7.83,-7.87,0.600,0
7.061,7.83,-7.87,0.600,0
7.061,7.83,-7.87,0.600,0
7.061,7.83,-7.90,0.600,0
7.061,7.83,-7.90,0.600,0
7.062,7.83,-7.90,0.600,0
7.062,7.83,-7.90,0.600,0
7.062,7.83,-7.94,0.600,0
7.062,7.83,-7.94,0.600,0
7.063,7.83,-7.94,0.600,0
7.063,7.83,-7.94,0.600,0
7.063,7.83,-7.97,0.600,0
7.063,7.83,-7.97,0.600,0
7.064,7.83,-7.97,0.600,0
7.064,7.83,-7.97,0.600,0
7.064,7.83,-8.00,0.600,0
7.065,7.83,-8.00,0.600,0
7.065,7.83,-8.00,0.600,0
7.065,7.83,-8.03,0.600,0
7.066,7.83,-8.03,0.600,0
7.066,7.83,-8.03,0.600,0
7.066,7.83,-8.03,0.600,0
7.066,7.83,-8.07,0.600,0
7.067,7.83,-8.07,0.600,0
7.067,7.83,-8.07,0.600,0
7.067,7.83,-8.10,0.600,0
7.067,7.83,-8.10,0.600,0
7.068,7.83,-8.10,0.600,0
7.068,7.83,-8.10,0.600,0
7.068,7.83,-8.10,0.600,0
7.068,7.83,-8.13,0.600,0
7.069,7.83,-8.13,0.600,0
7.069,7.83,-8.13,0.600,0
7.069,7.83,-8.13,0.600,0
7.069,7.83,-8.16,0.600,0
7.069,7.83,-8.16,0.600,0
7.070,7.83,-8.16,0.600,0
7.070,7.83,-8.16,0.600,0
7.070,7.83,-8.20,0.600,0
7.070,7.83,-8.20,0.600,0
7.071,7.83,-8.20,0.600,0
7.071,7.83,-8.20,0.600,0
7.071,7.83,-8.23,0.600,0
7.072,7.83,-8.23,0.600,0
7.072,7.83,-8.23,0.600,0
7.072,7.83,-8.26,0.600,0
7.072,7.83,-8.26,0.600,0
7.073,7.83,-8.26,0.600,0
7.073,7.83,-8.26,0.600,0
7.073,7.83,-8.29,0.600,0
7.073,7.83,-8.29,0.600,0
7.074,7.83,-8.29,0.600,0
7.074,7.83,-8.29,0.600,0
7.074,7.83,-8.33,0.600,0
7.074,7.83,-8.33,0.600,0
7.075,7.83,-8.33,0.600,0
7.075,7.83,-8.33,0.600,0
7.075,7.83,-8.33,0.600,0
7.075,7.83,-8.36,0.600,0
7.076,7.83,-8.36,0.600,0
7.076,7.83,-8.36,0.600,0
7.076,7.83,-8.36,0.600,0
7.076,7.83,-8.39,0.600,0
7.076,7.83,-8.39,0.600,0
7.077,7.83,-8.39,0.600,0
7.077,7.83,-8.39,0.600,0
7.077,7.83,-8.42,0.600,0
7.078,7.83,-8.42,0.600,0
7.078,7.83,-8.42,0.600,0
7.078,7.83,-8.42,0.600,0
7.078,7.83,-8.46,0.600,0
7.079,7.83,-8.46,0.600,0
7.079,7.83,-8.46,0.600,0
7.079,7.83,-8.49,0.600,0
7.080,7.83,-8.49,0.600,0
7.080,7.83,-8.49,0.600,0
7.080,7.83,-8.49,0.600,0
7.080,7.83,-8.52,0.600,0
7.081,7.83,-8.52,0.600,0
7.081,7.83,-8.52,0.600,0
7.081,7.83,-8.56,0.600,0
7.081,7.83,-8.56,0.600,0
7.082,7.83,-8.56,0.600,0
7.082,7.83,-8.56,0.600,0
7.082,7.83,-8.59,0.600,0
7.082,7.83,-8.59,0.600,0
7.083,7.83,-8.59,0.600,0
7.083,7.83,-8.59,0.600,0
7.083,7.83,-8.59,0.600,0
7.083,7.83,-8.62,0.600,0
7.084,7.83,-8.62,0.600,0
7.084,7.83,-8.62,0.600,0
7.084,7.83,-8.65,0.600,0
7.084,7.83,-8.65,0.600,0
7.085,7.83,-8.65,0.600,0
7.085,7.83,-8.65,0.600,0
7.085,7.83,-8.69,0.600,0
7.086,7.83,-8.69,0.600,0
7.086,7.83,-8.69,0.600,0
7.086,7.83,-8.69,0.600,0
7.086,7.83,-8.72,0.600,0
7.087,7.83,-8.72,0.600,0
7.087,7.83,-8.72,0.600,0
7.087,7.83,-8.72,0.600,0
7.088,7.83,-8.75,0.600,0
7.088,7.83,-8.75,0.600,0
7.088,7.83,-8.75,0.600,0
7.088,7.83,-8.78,0.600,0
7.089,7.83,-8.78,0.600,0
7.089,7.83,-8.78,0.600,0
7.089,7.83,-8.78,0.600,0
7.089,7.83,-8.82,0.600,0
7.089,7.83,-8.82,0.600,0
7.090,7.83,-8.82,0.600,0
7.090,7.83,-8.82,0.600,0
7.090,7.83,-8.82,0.600,0
7.090,7.83,-8.85,0.600,0
7.091,7.83,-8.85,0.600,0
7.091,7.83,-8.85,0.600,0
7.091,7.83,-8.85,0.600,0
7.091,7.83,-8.88,0.600,0
7.092,7.83,-8.88,0.600,0
7.092,7.83,-8.88,0.600,0
7.092,7.83,-8.91,0.600,0
7.092,7.83,-8.91,0.600,0
7.093,7.83,-8.91,0.600,0
7.093,7.83,-8.91,0.600,0
7.093,7.83,-8.91,0.600,0
7.094,7.83,-8.95,0.600,0
7.094,7.83,-8.95,0.600,0
7.094,7.83,-8.95,0.600,0
7.094,7.83,-8.98,0.600,0
7.095,7.83,-8.98,0.600,0
7.095,7.83,-8.98,0.600,0
7.095,7.83,-9.01,0.600,0
7.095,7.83,-9.01,0.600,0
7.096,7.83,-9.01,0.600,0
7.096,7.83,-9.01,0.600,0
7.096,7.83,-9.01,0.600,0
7.096,7.83,-9.05,0.600,0
7.096,7.83,-9.05,0.600,0
7.097,7.83,-9.05,0.600,0
7.097,7.83,-9.05,0.600,0
7.097,7.83,-9.08,0.600,0
7.097,7.83,-9.08,0.600,0
7.098,7.83,-9.08,0.600,0
7.098,7.83,-9.08,0.600,0
7.098,7.83,-9.11,0.600,0
7.099,7.83,-9.11,0.600,0
7.099,7.83,-9.11,0.600,0
7.099,7.83,-9.11,0.600,0
7.099,7.83,-9.14,0.600,0
7.100,7.83,-9.14,0.600,0
7.100,7.83,-9.14,0.600,0
7.100,7.83,-9.18,0.600,0
7.100,7.83,-9.18,0.600,0
7.101,7.83,-9.18,0.600,0
7.101,7.83,-9.18,0.600,0
7.101,7.83,-9.21,0.600,0
7.101,7.83,-9.21,0.600,0
7.102,7.83,-9.21,0.600,0
7.102,7.83,-9.21,0.600,0
7.102,7.83,-9.24,0.600,0
7.102,7.83,-9.24,0.600,0
7.103,7.83,-9.24,0.600,0
7.103,7.83,-9.24,0.600,0
7.103,7.83,-9.27,0.600,0
7.104,7.83,-9.27,0.600,0
7.104,7.83,-9.27,0.600,0
7.104,7.83,-9.31,0.600,0
7.105,7.83,-9.31,0.600,0
7.105,7.83,-9.31,0.600,0
7.105,7.83,-9.34,0.600,0
7.106,7.83,-9.34,0.600,0
7.106,7.83,-9.34,0.600,0
7.106,7.83,-9.37,0.600,0
7.107,7.83,-9.37,0.600,0
7.107,7.83,-9.37,0.600,0
7.107,7.83,-9.40,0.600,0
7.108,7.83,-9.40,0.600,0
7.108,7.83,-9.40,0.600,0
7.108,7.83,-9.40,0.600,0
7.108,7.83,-9.44,0.600,0
7.109,7.83,-9.44,0.600,0
7.109,7.83,-9.44,0.600,0
7.109,7.83,-9.44,0.600,0
7.109,7.83,-9.47,0.600,0
7.110,7.83,-9.47,0.600,0
7.110,7.83,-9.47,0.600,0
7.110,7.83,-9.50,0.600,0
7.110,7.83,-9.50,0.600,0
7.111,7.83,-9.50,0.600,0
7.111,7.83,-9.50,0.600,0
7.111,7.83,-9.54,0.600,0
7.112,7.83,-9.54,0.600,0
7.112,7.83,-9.54,0.600,0
7.112,7.83,-9.54,0.600,0
7.112,7.83,-9.57,0.600,0
7.113,7.83,-9.57,0.600,0
7.113,7.83,-9.57,0.600,0
7.113,7.83,-9.60,0.600,0
7.114,7.83,-9.60,0.600,0
7.114,7.83,-9.60,0.600,0
7.114,7.83,-9.63,0.600,0
7.115,7.83,-9.63,0.600,0
7.115,7.83,-9.63,0.600,0
7.115,7.83,-9.63,0.600,0
7.115,7.83,-9.67,0.600,0
7.116,7.83,-9.67,0.600,0
7.116,7.83,-9.67,0.600,0
7.116,7.83,-9.70,0.600,0
7.117,7.83,-9.70,0.600,0
7.117,7.83,-9.70,0.600,0
7.117,7.83,-9.73,0.600,0
7.118,7.83,-9.73,0.600,0
7.118,7.83,-9.73,0.600,0
7.118,7.83,-9.73,0.600,0
7.118,7.83,-9.76,0.600,0
7.119,7.83,-9.76,0.600,0
7.119,7.83,-9.76,0.600,0
7.119,7.83,-9.80,0.600,0
7.119,7.83,-9.80,0.600,0
7.120,7.83,-9.80,0.600,0
7.120,7.83,-9.80,0.600,0
7.120,7.83,-9.80,0.600,0
7.121,7.83,-9.83,0.600,0
7.121,7.83,-9.83,0.600,0
7.121,7.83,-9.86,0.600,0
7.122,7.83,-9.86,0.600,0
7.122,7.83,-9.86,0.600,0
7.122,7.83,-9.86,0.600,0
7.122,7.83,-9.89,0.600,0
7.123,7.83,-9.89,0.600,0
7.123,7.83,-9.89,0.600,0
7.123,7.83,-9.89,0.600,0
7.123,7.83,-9.93,0.600,0
7.124,7.83,-9.93,0.600,0
7.124,7.83,-9.93,0.600,0
7.124,7.83,-9.93,0.600,0
7.124,7.83,-9.96,0.600,0
7.124,7.83,-9.96,0.600,0
7.125,7.83,-9.96,0.600,0
7.125,7.83,-9.96,0.600,0
7.125,7.83,-9.99,0.600,0
7.125,7.83,-9.99,0.600,0
7.126,7.83,-9.99,0.600,0
7.126,7.83,-9.99,0.600,0
7.126,7.83,-10.02,0.600,0
7.126,7.83,-10.02,0.600,0
7.127,7.83,-10.02,0.600,0
7.127,7.83,-10.02,0.600,0
7.127,7.83,-10.06,0.600,0
7.128,7.83,-10.06,0.600,0
7.128,7.83,-10.06,0.600,0
7.128,7.83,-10.09,0.600,0
7.129,7.83,-10.09,0.600,0
7.129,7.83,-10.09,0.600,0
7.129,7.83,-10.09,0.600,0
7.129,7.83,-10.12,0.600,0
7.130,7.83,-10.12,0.600,0
7.130,7.83,-10.12,0.600,0
7.130,7.83,-10.12,0.600,0
7.130,7.83,-10.16,0.600,0
7.131,7.83,-10.16,0.600,0
7.131,7.83,-10.16,0.600,0
7.131,7.83,-10.19,0.600,0
7.132,7.83,-10.19,0.600,0
7.132,7.83,-10.19,0.600,0
7.133,7.83,-10.22,0.600,0
7.133,7.83,-10.22,0.600,0
7.133,7.83,-10.22,0.600,0
7.133,7.83,-10.25,0.600,0
7.134,7.83,-10.25,0.600,0
7.134,7.83,-10.25,0.600,0
7.134,7.83,-10.29,0.600,0
7.135,7.83,-10.29,0.600,0
7.135,7.83,-10.29,0.600,0
7.135,7.83,-10.32,0.600,0
7.135,7.83,-10.32,0.600,0
7.136,7.83,-10.32,0.600,0
7.136,7.83,-10.32,0.600,0
7.136,7.83,-10.32,0.600,0
7.136,7.83,-10.35,0.600,0
7.137,7.83,-10.35,0.600,0
7.137,7.83,-10.35,0.600,0
7.137,7.83,-10.35,0.600,0
7.137,7.83,-10.38,0.600,0
7.138,7.83,-10.38,0.600,0
7.138,7.83,-10.38,0.600,0
7.138,7.83,-10.38,0.600,0
7.139,7.83,-10.42,0.600,0
7.139,7.83,-10.42,0.600,0
7.139,7.83,-10.42,0.600,0
7.139,7.83,-10.45,0.600,0
7.140,7.83,-10.45,0.600,0
7.140,7.83,-10.45,0.600,0
7.140,7.83,-10.48,0.600,0
7.141,7.83,-10.48,0.600,0
7.141,7.83,-10.48,0.600,0
7.141,7.83,-10.48,0.600,0
7.141,7.83,-10.51,0.600,0
7.142,7.83,-10.51,0.600,0
7.142,7.83,-10.51,0.600,0
7.142,7.83,-10.51,0.600,0
7.142,7.83,-10.55,0.600,0
7.143,7.83,-10.55,0.600,0
7.143,7.83,-10.55,0.600,0
7.143,7.83,-10.55,0.600,0
7.143,7.83,-10.58,0.600,0
7.144,7.83,-10.58,0.600,0
7.144,7.83,-10.58,0.600,0
7.144,7.83,-10.58,0.600,0
7.144,7.83,-10.61,0.600,0
7.144,7.83,-10.61,0.600,0
7.145,7.83,-10.61,0.600,0
7.145,7.83,-10.61,0.600,0
7.145,7.83,-10.65,0.600,0
7.145,7.83,-10.65,0.600,0
7.146,7.83,-10.65,0.600,0
7.146,7.83,-10.65,0.600,0
7.146,7.83,-10.68,0.600,0
7.146,7.83,-10.68,0.600,0
7.147,7.83,-10.68,0.600,0
7.147,7.83,-10.68,0.600,0
7.147,7.83,-10.71,0.600,0
7.148,7.83,-10.71,0.600,0
7.148,7.83,-10.74,0.600,0
7.149,7.83,-10.74,0.600,0
7.149,7.83,-10.74,0.600,0
7.149,7.83,-10.78,0.600,0
7.150,7.83,-10.78,0.600,0
7.150,7.83,-10.78,0.600,0
7.150,7.83,-10.78,0.600,0
7.150,7.83,-10.81,0.600,0
7.151,7.83,-10.81,0.600,0
7.151,7.83,-10.81,0.600,0
7.151,7.83,-10.81,0.600,0
7.151,7.83,-10.84,0.600,0
7.152,7.83,-10.84,0.600,0
7.152,7.83,-10.84,0.600,0
7.152,7.83,-10.84,0.600,0
7.152,7.83,-10.87,0.600,0
7.153,7.83,-10.87,0.600,0
7.153,7.83,-10.87,0.600,0
7.153,7.83,-10.87,0.600,0
7.153,7.83,-10.91,0.600,0
7.154,7.83,-10.91,0.600,0
7.154,7.83,-10.91,0.600,0
7.154,7.83,-10.91,0.600,0
7.154,7.83,-10.94,0.600,0
7.154,7.83,-10.94,0.600,0
7.155,7.83,-10.94,0.600,0
7.155,7.83,-10.97,0.600,0
7.156,7.83,-10.97,0.600,0
7.156,7.83,-10.97,0.600,0
7.156,7.83,-10.97,0.600,0
7.156,7.83,-11.00,0.600,0
7.157,7.83,-11.00,0.600,0
7.157,7.83,-11.00,0.600,0
7.157,7.83,-11.00,0.600,0
7.157,7.83,-11.04,0.600,0
7.157,7.83,-11.04,0.600,0
7.158,7.83,-11.04,0.600,0
7.158,7.83,-11.04,0.600,0
7.158,7.83,-11.07,0.600,0
7.158,7.83,-11.07,0.600,0
7.159,7.83,-11.07,0.600,0
7.159,7.83,-11.07,0.600,0
7.159,7.83,-11.07,0.600,0
7.159,7.83,-11.10,0.600,0
7.160,7.83,-11.10,0.600,0
7.160,7.83,-11.10,0.600,0
7.160,7.83,-11.10,0.600,0
7.160,7.83,-11.14,0.600,0
7.160,7.83,-11.14,0.600,0
7.161,7.83,-11.14,0.600,0
7.161,7.83,-11.14,0.600,0
7.161,7.83,-11.14,0.600,0
7.161,7.83,-11.17,0.600,0
7.162,7.83,-11.17,0.600,0
7.162,7.83,-11.17,0.600,0
7.163,7.83,-11.20,0.600,0
7.163,7.83,-11.20,0.600,0
7.163,7.83,-11.20,0.600,0
7.163,7.83,-11.23,0.600,0
7.164,7.83,-11.23,0.600,0
7.164,7.83,-11.23,0.600,0
7.164,7.83,-11.23,0.600,0
7.164,7.83,-11.27,0.600,0
7.164,7.83,-11.27,0.600,0
7.165,7.83,-11.27,0.600,0
7.165,7.83,-11.27,0.600,0
7.165,7.83,-11.27,0.600,0
7.165,7.83,-11.30,0.600,0
7.166,7.83,-11.30,0.600,0
7.166,7.83,-11.30,0.600,0
7.166,7.83,-11.30,0.600,0
7.166,7.83,-11.33,0.600,0
7.167,7.83,-11.33,0.600,0
7.167,7.83,-11.33,0.600,0
7.167,7.83,-11.33,0.600,0
7.167,7.83,-11.36,0.600,0
7.168,7.83,-11.36,0.600,0
7.168,7.83,-11.36,0.600,0
7.168,7.83,-11.36,0.600,0
7.168,7.83,-11.40,0.600,0
7.169,7.83,-11.40,0.600,0
7.169,7.83,-11.40,0.600,0
7.169,7.83,-11.40,0.600,0
7.169,7.83,-11.43,0.600,0
7.170,7.83,-11.43,0.600,0
7.170,7.83,-11.43,0.600,0
7.170,7.83,-11.43,0.600,0
7.170,7.83,-11.46,0.600,0
7.171,7.83,-11.46,0.600,0
7.171,7.83,-11.46,0.600,0
7.171,7.83,-11.46,0.600,0
7.171,7.83,-11.49,0.600,0
7.172,7.83,-11.49,0.600,0
7.172,7.83,-11.49,0.600,0
7.172,7.83,-11.49,0.600,0
7.172,7.83,-11.53,0.600,0
7.173,7.83,-11.53,0.600,0
7.173,7.83,-11.53,0.600,0
7.173,7.83,-11.53,0.600,0
7.173,7.83,-11.56,0.600,0
7.174,7.83,-11.56,0.600,0
7.174,7.83,-11.56,0.600,0
7.174,7.83,-11.56,0.600,0
7.174,7.83,-11.59,0.600,0
7.175,7.83,-11.59,0.600,0
7.175,7.83,-11.59,0.600,0
7.175,7.83,-11.59,0.600,0
7.175,7.83,-11.63,0.600,0
7.175,7.83,-11.63,0.600,0
7.176,7.83,-11.63,0.600,0
7.176,7.83,-11.63,0.600,0
7.177,7.83,-11.66,0.600,0
7.177,7.83,-11.66,0.600,0
7.177,7.83,-11.66,0.600,0
7.177,7.83,-11.69,0.600,0
7.178,7.83,-11.69,0.600,0
7.178,7.83,-11.69,0.600,0
7.178,7.83,-11.69,0.600,0
7.178,7.83,-11.72,0.600,0
7.179,7.83,-11.72,0.600,0
7.179,7.83,-11.72,0.600,0
7.179,7.83,-11.72,0.600,0
7.179,7.83,-11.76,0.600,0
7.180,7.83,-11.76,0.600,0
7.180,7.83,-11.76,0.600,0
7.180,7.83,-11.76,0.600,0
7.180,7.83,-11.79,0.600,0
7.181,7.83,-11.79,0.600,0
7.181,7.83,-11.79,0.600,0
7.181,7.83,-11.79,0.600,0
7.181,7.83,-11.82,0.600,0
7.182,7.83,-11.82,0.600,0
7.182,7.83,-11.82,0.600,0
7.182,7.83,-11.82,0.600,0
7.182,7.83,-11.85,0.600,0
7.183,7.83,-11.85,0.600,0
7.183,7.83,-11.85,0.600,0
7.183,7.83,-11.85,0.600,0
7.183,7.83,-11.89,0.600,0
7.184,7.83,-11.89,0.600,0
7.184,7.83,-11.89,0.600,0
7.184,7.83,-11.89,0.600,0
7.184,7.83,-11.92,0.600,0
7.185,7.83,-11.92,0.600,0
7.185,7.83,-11.92,0.600,0
7.185,7.83,-11.92,0.600,0
7.185,7.83,-11.95,0.600,0
7.186,7.83,-11.95,0.600,0
7.186,7.83,-11.95,0.600,0
7.186,7.83,-11.95,0.600,0
7.186,7.83,-11.98,0.600,0
7.187,7.83,-11.98,0.600,0
7.187,7.83,-11.98,0.600,0
7.187,7.83,-11.98,0.600,0
7.187,7.83,-12.02,0.600,0
7.188,7.83,-12.02,0.600,0
7.188,7.83,-12.02,0.600,0
7.188,7.83,-12.02,0.600,0
7.188,7.83,-12.05,0.600,0
7.189,7.83,-12.05,0.600,0
7.189,7.83,-12.05,0.600,0
7.189,7.83,-12.05,0.600,0
7.189,7.83,-12.08,0.600,0
7.190,7.83,-12.08,0.600,0
7.190,7.83,-12.08,0.600,0
7.190,7.83,-12.08,0.600,0
7.190,7.83,-12.11,0.600,0
7.191,7.83,-12.11,0.600,0
7.191,7.83,-12.11,0.600,0
7.191,7.83,-12.11,0.600,0
7.191,7.83,-12.15,0.600,0
7.192,7.83,-12.15,0.600,0
7.192,7.83,-12.15,0.600,0
7.192,7.83,-12.15,0.600,0
7.192,7.83,-12.18,0.600,0
7.193,7.83,-12.18,0.600,0
7.193,7.83,-12.18,0.600,0
7.193,7.83,-12.18,0.600,0
7.193,7.83,-12.21,0.600,0
7.194,7.83,-12.21,0.600,0
7.194,7.83,-12.21,0.600,0
7.194,7.83,-12.21,0.600,0
7.194,7.83,-12.25,0.600,0
7.195,7.83,-12.25,0.600,0
7.195,7.83,-12.25,0.600,0
7.195,7.83,-12.25,0.600,0
7.195,7.83,-12.28,0.600,0
7.196,7.83,-12.28,0.600,0
7.196,7.83,-12.28,0.600,0
7.196,7.83,-12.28,0.600,0
7.196,7.83,-12.31,0.600,0
7.196,7.83,-12.31,0.600,0
7.197,7.83,-12.31,0.600,0
7.197,7.83,-12.31,0.600,0
7.197,7.83,-12.31,0.600,0
7.197,7.83,-12.34,0.600,0
7.198,7.83,-12.34,0.600,0
7.198,7.83,-12.34,0.600,0
7.198,7.83,-12.34,0.600,0
7.198,7.83,-12.38,0.600,0
7.199,7.83,-12.38,0.600,0
7.199,7.83,-12.38,0.600,0
7.199,7.83,-12.38,0.600,0
7.199,7.83,-12.41,0.600,0
7.200,7.83,-12.41,0.600,0
7.200,7.83,-12.41,0.600,0
7.200,7.83,-12.41,0.600,0
7.200,7.83,-12.44,0.600,0
7.201,7.83,-12.44,0.600,0
7.201,7.83,-12.44,0.600,0
7.201,7.83,-12.47,0.600,0
7.201,7.83,-12.47,0.600,0
7.202,7.83,-12.47,0.600,0
7.202,7.83,-12.47,0.600,0
7.202,7.83,-12.47,0.600,0
7.202,7.83,-12.51,0.600,0
7.203,7.83,-12.51,0.600,0
7.203,7.83,-12.51,0.600,0
7.203,7.83,-12.51,0.600,0
7.203,7.83,-12.54,0.600,0
7.204,7.83,-12.54,0.600,0
7.204,7.83,-12.54,0.600,0
7.204,7.83,-12.54,0.600,0
7.204,7.83,-12.57,0.600,0
7.204,7.83,-12.57,0.600,0
7.205,7.83,-12.57,0.600,0
7.205,7.83,-12.57,0.600,0
7.205,7.83,-12.60,0.600,0
7.205,7.83,-12.60,0.600,0
7.206,7.83,-12.60,0.600,0
7.206,7.83,-12.60,0.600,0
7.206,7.83,-12.60,0.600,0
7.206,7.83,-12.64,0.600,0
7.207,7.83,-12.64,0.600,0
7.207,7.83,-12.64,0.600,0
7.207,7.83,-12.64,0.600,0
7.207,7.83,-12.67,0.600,0
7.208,7.83,-12.67,0.600,0
7.208,7.83,-12.67,0.600,0
7.208,7.83,-12.67,0.600,0
7.208,7.83,-12.67,0.600,0
7.208,7.83,-12.70,0.600,0
7.209,7.83,-12.70,0.600,0
7.209,7.83,-12.70,0.600,0
7.209,7.83,-12.70,0.600,0
7.209,7.83,-12.74,0.600,0
7.210,7.83,-12.74,0.600,0
7.210,7.83,-12.74,0.600,0
7.210,7.83,-12.77,0.600,0
7.211,7.83,-12.77,0.600,0
7.211,7.83,-12.77,0.600,0
7.211,7.83,-12.80,0.600,0
7.212,7.83,-12.80,0.600,0
7.212,7.83,-12.80,0.600,0
7.212,7.83,-12.80,0.600,0
7.212,7.83,-12.83,0.600,0
7.213,7.83,-12.83,0.600,0
7.213,7.83,-12.83,0.600,0
7.213,7.83,-12.83,0.600,0
7.213,7.83,-12.87,0.600,0
7.214,7.83,-12.87,0.600,0
7.214,7.83,-12.87,0.600,0
7.214,7.83,-12.87,0.600,0
7.214,7.83,-12.90,0.600,0
7.215,7.83,-12.90,0.600,0
7.215,7.83,-12.90,0.600,0
7.215,7.83,-12.90,0.600,0
7.215,7.83,-12.93,0.600,0
7.216,7.83,-12.93,0.600,0
7.216,7.83,-12.93,0.600,0
7.217,7.83,-12.96,0.600,0
7.217,7.83,-12.96,0.600,0
7.218,7.83,-13.00,0.600,0
7.218,7.83,-13.00,0.600,0
7.218,7.83,-13.00,0.600,0
7.219,7.83,-13.03,0.600,0
7.219,7.83,-13.03,0.600,0
7.219,7.83,-13.03,0.600,0
7.219,7.83,-13.06,0.600,0
7.220,7.83,-13.06,0.600,0
7.220,7.83,-13.06,0.600,0
7.220,7.83,-13.06,0.600,0
7.220,7.83,-13.09,0.600,0
7.221,7.83,-13.09,0.600,0
7.221,7.83,-13.09,0.600,0
7.221,7.83,-13.09,0.600,0
7.221,7.83,-13.13,0.600,0
7.222,7.83,-13.13,0.600,0
7.222,7.83,-13.13,0.600,0
7.222,7.83,-13.13,0.600,0
7.222,7.83,-13.16,0.600,0
7.223,7.83,-13.16,0.600,0
7.223,7.83,-13.16,0.600,0
7.223,7.83,-13.19,0.600,0
7.224,7.83,-13.19,0.600,0
7.224,7.83,-13.19,0.600,0
7.224,7.83,-13.19,0.600,0
7.224,7.83,-13.23,0.600,0
7.225,7.83,-13.23,0.600,0
7.225,7.83,-13.23,0.600,0
7.225,7.83,-13.23,0.600,0
7.225,7.83,-13.26,0.600,0
7.226,7.83,-13.26,0.600,0
7.226,7.83,-13.26,0.600,0
7.226,7.83,-13.29,0.600,0
7.226,7.83,-13.29,0.600,0
7.227,7.83,-13.29,0.600,0
7.227,7.83,-13.29,0.600,0
7.227,7.83,-13.29,0.600,0
7.227,7.83,-13.32,0.600,0
7.228,7.83,-13.32,0.600,0
7.228,7.83,-13.32,0.600,0
7.228,7.83,-13.36,0.600,0
7.229,7.83,-13.36,0.600,0
7.229,7.83,-13.36,0.600,0
7.229,7.83,-13.36,0.600,0
7.229,7.83,-13.39,0.600,0
7.230,7.83,-13.39,0.600,0
7.230,7.83,-13.39,0.600,0
7.230,7.83,-13.39,0.600,0
7.230,7.83,-13.42,0.600,0
7.231,7.83,-13.42,0.600,0
7.231,7.83,-13.42,0.600,0
7.231,7.83,-13.42,0.600,0
7.231,7.83,-13.45,0.600,0
7.232,7.83,-13.45,0.600,0
7.232,7.83,-13.45,0.600,0
7.232,7.83,-13.49,0.600,0
7.233,7.83,-13.49,0.600,0
7.233,7.83,-13.49,0.600,0
7.233,7.83,-13.49,0.600,0
7.233,7.83,-13.52,0.600,0
7.234,7.83,-13.52,0.600,0
7.234,7.83,-13.52,0.600,0
7.234,7.83,-13.52,0.600,0
7.234,7.83,-13.55,0.600,0
7.235,7.83,-13.55,0.600,0
7.235,7.83,-13.55,0.600,0
7.235,7.83,-13.55,0.600,0
7.235,7.83,-13.58,0.600,0
7.236,7.83,-13.58,0.600,0
7.236,7.83,-13.58,0.600,0
7.236,7.83,-13.58,0.600,0
7.236,7.83,-13.62,0.600,0
7.237,7.83,-13.62,0.600,0
7.237,7.83,-13.62,0.600,0
7.237,7.83,-13.62,0.600,0
7.237,7.83,-13.65,0.600,0
7.238,7.83,-13.65,0.600,0
7.238,7.83,-13.65,0.600,0
7.238,7.83,-13.65,0.600,0
7.239,7.83,-13.68,0.600,0
7.239,7.83,-13.68,0.600,0
7.239,7.83,-13.72,0.600,0
7.240,7.83,-13.72,0.600,0
7.240,7.83,-13.72,0.600,0
7.240,7.83,-13.72,0.600,0
7.240,7.83,-13.75,0.600,0
7.241,7.83,-13.75,0.600,0
7.241,7.83,-13.75,0.600,0
7.241,7.83,-13.78,0.600,0
7.242,7.83,-13.78,0.600,0
7.242,7.83,-13.78,0.600,0
7.242,7.83,-13.78,0.600,0
7.242,7.83,-13.81,0.600,0
7.243,7.83,-13.81,0.600,0
7.243,7.83,-13.81,0.600,0
7.243,7.83,-13.81,0.600,0
7.243,7.83,-13.85,0.600,0
7.243,7.83,-13.85,0.600,0
7.244,7.83,-13.85,0.600,0
7.244,7.83,-13.85,0.600,0
7.244,7.83,-13.85,0.600,0
7.244,7.83,-13.88,0.600,0
7.245,7.83,-13.88,0.600,0
7.245,7.83,-13.88,0.600,0
7.245,7.83,-13.88,0.600,0
7.246,7.83,-13.91,0.600,0
7.246,7.83,-13.91,0.600,0
7.246,7.83,-13.91,0.600,0
7.246,7.83,-13.94,0.600,0
7.247,7.83,-13.94,0.600,0
7.247,7.83,-13.94,0.600,0
7.247,7.83,-13.94,0.600,0
7.247,7.83,-13.98,0.600,0
7.248,7.83,-13.98,0.600,0
7.248,7.83,-13.98,0.600,0
7.248,7.83,-13.98,0.600,0
7.248,7.83,-14.01,0.600,0
7.249,7.83,-14.01,0.600,0
7.249,7.83,-14.01,0.600,0
7.249,7.83,-14.01,0.600,0
7.249,7.83,-14.04,0.600,0
7.249,7.83,-14.04,0.600,0
7.250,7.83,-14.04,0.600,0
7.250,7.83,-14.04,0.600,0
7.250,7.83,-14.04,0.600,0
7.250,7.83,-14.07,0.600,0
7.251,7.83,-14.07,0.600,0
7.251,7.83,-14.07,0.600,0
7.251,7.83,-14.11,0.600,0
7.251,7.83,-14.11,0.600,0
7.252,7.83,-14.11,0.600,0
7.252,7.83,-14.11,0.600,0
7.252,7.83,-14.11,0.600,0
7.252,7.83,-14.14,0.600,0
7.253,7.83,-14.14,0.600,0
7.253,7.83,-14.14,0.600,0
7.253,7.83,-14.17,0.600,0
7.254,7.83,-14.17,0.600,0
7.254,7.83,-14.17,0.600,0
7.254,7.83,-14.17,0.600,0
7.254,7.83,-14.21,0.600,0
7.255,7.83,-14.21,0.600,0
7.255,7.83,-14.21,0.600,0
7.255,7.83,-14.21,0.600,0
7.256,7.83,-14.24,0.600,0
7.256,7.83,-14.24,0.600,0
7.256,7.83,-14.27,0.600,0
7.257,7.83,-14.27,0.600,0
7.257,7.83,-14.27,0.600,0
7.257,7.83,-14.27,0.600,0
7.257,7.83,-14.30,0.600,0
7.258,7.83,-14.30,0.600,0
7.258,7.83,-14.30,0.600,0
7.258,7.83,-14.30,0.600,0
7.259,7.83,-14.34,0.600,0
7.259,7.83,-14.34,0.600,0
7.259,7.83,-14.37,0.600,0
7.260,7.83,-14.37,0.600,0
7.260,7.83,-14.37,0.600,0
7.260,7.83,-14.40,0.600,0
7.261,7.83,-14.40,0.600,0
7.261,7.83,-14.40,0.600,0
7.261,7.83,-14.40,0.600,0
7.261,7.83,-14.43,0.600,0
7.262,7.83,-14.43,0.600,0
7.262,7.83,-14.43,0.600,0
7.262,7.83,-14.43,0.600,0
7.262,7.83,-14.47,0.600,0
7.262,7.83,-14.47,0.600,0
7.263,7.83,-14.47,0.600,0
7.263,7.83,-14.47,0.600,0
7.263,7.83,-14.50,0.600,0
7.264,7.83,-14.50,0.600,0
7.264,7.83,-14.50,0.600,0
7.264,7.83,-14.50,0.600,0
7.264,7.83,-14.53,0.600,0
7.265,7.83,-14.53,0.600,0
7.265,7.83,-14.53,0.600,0
7.265,7.83,-14.53,0.600,0
7.265,7.83,-14.56,0.600,0
7.266,7.83,-14.56,0.600,0
7.266,7.83,-14.56,0.600,0
7.266,7.83,-14.60,0.600,0
7.267,7.83,-14.60,0.600,0
7.267,7.83,-14.60,0.600,0
7.267,7.83,-14.60,0.600,0
7.267,7.83,-14.63,0.600,0
7.268,7.83,-14.63,0.600,0
7.268,7.83,-14.63,0.600,0
7.268,7.83,-14.63,0.600,0
7.268,7.83,-14.66,0.600,0
7.269,7.83,-14.66,0.600,0
7.269,7.83,-14.66,0.600,0
7.269,7.83,-14.66,0.600,0
7.269,7.83,-14.70,0.600,0
7.270,7.83,-14.70,0.600,0
7.270,7.83,-14.70,0.600,0
7.270,7.83,-14.70,0.600,0
7.270,7.83,-14.73,0.600,0
7.271,7.83,-14.73,0.600,0
7.271,7.83,-14.73,0.600,0
7.271,7.83,-14.73,0.600,0
7.271,7.83,-14.76,0.600,0
7.272,7.83,-14.76,0.600,0
7.272,7.83,-14.76,0.600,0
7.272,7.83,-14.76,0.600,0
7.272,7.83,-14.79,0.600,0
7.273,7.83,-14.79,0.600,0
7.273,7.83,-14.79,0.600,0
7.273,7.83,-14.79,0.600,0
7.273,7.83,-14.83,0.600,0
7.274,7.83,-14.83,0.600,0
7.274,7.83,-14.83,0.600,0
7.274,7.83,-14.83,0.600,0
7.274,7.83,-14.86,0.600,0
7.275,7.83,-14.86,0.600,0
7.275,7.83,-14.86,0.600,0
7.275,7.83,-14.86,0.600,0
7.275,7.83,-14.89,0.600,0
7.276,7.83,-14.89,0.600,0
7.276,7.83,-14.89,0.600,0
7.276,7.83,-14.92,0.600,0
7.276,7.83,-14.92,0.600,0
7.277,7.83,-14.92,0.600,0
7.277,7.83,-14.92,0.600,0
7.277,7.83,-14.96,0.600,0
7.277,7.83,-14.96,0.600,0
7.278,7.83,-14.96,0.600,0
7.278,7.83,-14.96,0.600,0
7.278,7.83,-14.96,0.600,0
7.278,7.83,-14.99,0.600,0
7.279,7.83,-14.99,0.600,0
7.279,7.83,-14.99,0.600,0
7.279,7.83,-14.99,0.600,0
7.279,7.83,-15.02,0.600,0
7.280,7.83,-15.02,0.600,0
7.280,7.83,-15.02,0.600,0
7.280,7.83,-15.06,0.600,0
7.281,7.83,-15.06,0.600,0
7.281,7.83,-15.06,0.600,0
7.281,7.83,-15.06,0.600,0
7.282,7.83,-15.09,0.600,0
7.282,7.83,-15.09,0.600,0
7.282,7.83,-15.09,0.600,0
7.282,7.83,-15.12,0.600,0
7.283,7.83,-15.12,0.600,0
7.283,7.83,-15.12,0.600,0
7.283,7.83,-15.12,0.600,0
7.283,7.83,-15.15,0.600,0
7.283,7.83,-15.15,0.600,0
7.284,7.83,-15.15,0.600,0
7.284,7.83,-15.15,0.600,0
7.284,7.83,-15.15,0.600,0
7.284,7.83,-15.19,0.600,0
7.285,7.83,-15.19,0.600,0
7.285,7.83,-15.19,0.600,0
7.285,7.83,-15.19,0.600,0
7.285,7.83,-15.22,0.600,0
7.285,7.83,-15.22,0.600,0
7.286,7.83,-15.22,0.600,0
7.286,7.83,-15.22,0.600,0
7.286,7.83,-15.25,0.600,0
7.286,7.83,-15.25,0.600,0
7.287,7.83,-15.25,0.600,0
7.287,7.83,-15.25,0.600,0
7.287,7.83,-15.28,0.600,0
7.288,7.83,-15.28,0.600,0
7.288,7.83,-15.28,0.600,0
7.288,7.83,-15.32,0.600,0
7.289,7.83,-15.32,0.600,0
7.289,7.83,-15.32,0.600,0
7.289,7.83,-15.32,0.600,0
7.289,7.83,-15.35,0.600,0
7.289,7.83,-15.35,0.600,0
7.290,7.83,-15.35,0.600,0
7.290,7.83,-15.35,0.600,0
7.290,7.83,-15.35,0.600,0
7.290,7.83,-15.38,0.600,0
7.291,7.83,-15.38,0.600,0
7.291,7.83,-15.38,0.600,0
7.291,7.83,-15.38,0.600,0
7.291,7.83,-15.41,0.600,0
7.292,7.83,-15.41,0.600,0
7.292,7.83,-15.41,0.600,0
7.292,7.83,-15.41,0.600,0
7.292,7.83,-15.45,0.600,0
7.293,7.83,-15.45,0.600,0
7.293,7.83,-15.45,0.600,0
7.293,7.83,-15.45,0.600,0
7.293,7.83,-15.48,0.600,0
7.294,7.83,-15.48,0.600,0
7.294,7.83,-15.48,0.600,0
7.294,7.83,-15.48,0.600,0
7.295,7.83,-15.51,0.600,0
7.295,7.83,-15.51,0.600,0
7.295,7.83,-15.51,0.600,0
7.296,7.83,-15.55,0.600,0
7.296,7.83,-15.55,0.600,0
7.296,7.83,-15.55,0.600,0
7.296,7.83,-15.55,0.600,0
7.296,7.83,-15.58,0.600,0
7.297,7.83,-15.58,0.600,0
7.297,7.83,-15.58,0.600,0
7.297,7.83,-15.58,0.600,0
7.297,7.83,-15.61,0.600,0
7.298,7.83,-15.61,0.600,0
7.298,7.83,-15.61,0.600,0
7.298,7.83,-15.61,0.600,0
7.298,7.83,-15.61,0.600,0
7.299,7.83,-15.64,0.600,0
7.299,7.83,-15.64,0.600,0
7.299,7.83,-15.64,0.600,0
7.299,7.83,-15.64,0.600,0
7.300,7.83,-15.68,0.600,0
7.300,7.83,-15.68,0.600,0
7.300,7.83,-15.68,0.600,0
7.300,7.83,-15.71,0.600,0
7.301,7.83,-15.71,0.600,0
7.301,7.83,-15.71,0.600,0
7.302,7.83,-15.74,0.600,0
7.302,7.83,-15.74,0.600,0
7.302,7.83,-15.74,0.600,0
7.302,7.83,-15.77,0.600,0
7.303,7.83,-15.77,0.600,0
7.303,7.83,-15.77,0.600,0
7.303,7.83,-15.77,0.600,0
7.304,7.83,-15.81,0.600,0
7.304,7.83,-15.81,0.600,0
7.304,7.83,-15.81,0.600,0
7.304,7.83,-15.84,0.600,0
7.305,7.83,-15.84,0.600,0
7.305,7.83,-15.84,0.600,0
7.305,7.83,-15.84,0.600,0
7.305,7.83,-15.87,0.600,0
7.306,7.83,-15.87,0.600,0
7.306,7.83,-15.87,0.600,0
7.306,7.83,-15.87,0.600,0
7.306,7.83,-15.87,0.600,0
7.306,7.83,-15.90,0.600,0
7.307,7.83,-15.90,0.600,0
7.307,7.83,-15.90,0.600,0
7.307,7.83,-15.90,0.600,0
7.307,7.83,-15.94,0.600,0
7.308,7.83,-15.94,0.600,0
7.308,7.83,-15.94,0.600,0
7.308,7.83,-15.94,0.600,0
7.308,7.83,-15.97,0.600,0
7.309,7.83,-15.97,0.600,0
7.309,7.83,-15.97,0.600,0
7.309,7.83,-16.00,0.600,0
7.310,7.83,-16.00,0.600,0
7.310,7.83,-16.00,0.600,0
7.310,7.83,-16.00,0.600,0
7.310,7.83,-16.00,0.600,0
7.311,7.83,-16.04,0.600,0
7.311,7.83,-16.04,0.600,0
7.311,7.83,-16.04,0.600,0
7.311,7.83,-16.04,0.600,0
7.311,7.83,-16.07,0.600,0
7.312,7.83,-16.07,0.600,0
7.312,7.83,-16.07,0.600,0
7.312,7.83,-16.07,0.600,0
7.312,7.83,-16.10,0.600,0
7.313,7.83,-16.10,0.600,0
7.313,7.83,-16.10,0.600,0
7.313,7.83,-16.10,0.600,0
7.313,7.83,-16.10,0.600,0
7.314,7.83,-16.13,0.600,0
7.314,7.83,-16.13,0.600,0
7.314,7.83,-16.13,0.600,0
7.314,7.83,-16.13,0.600,0
7.314,7.83,-16.17,0.600,0
7.315,7.83,-16.17,0.600,0
7.315,7.83,-16.17,0.600,0
7.315,7.83,-16.17,0.600,0
7.315,7.83,-16.20,0.600,0
7.316,7.83,-16.20,0.600,0
7.316,7.83,-16.20,0.600,0
7.316,7.83,-16.20,0.600,0
7.316,7.83,-16.23,0.600,0
7.317,7.83,-16.23,0.600,0
7.317,7.83,-16.23,0.600,0
7.317,7.83,-16.26,0.600,0
7.318,7.83,-16.26,0.600,0
7.318,7.83,-16.26,0.600,0
7.318,7.83,-16.26,0.600,0
7.318,7.83,-16.26,0.600,0
7.318,7.83,-16.30,0.600,0
7.319,7.83,-16.30,0.600,0
7.319,7.83,-16.30,0.600,0
7.319,7.83,-16.30,0.600,0
7.319,7.83,-16.33,0.600,0
7.320,7.83,-16.33,0.600,0
7.320,7.83,-16.33,0.600,0
7.320,7.83,-16.33,0.600,0
7.320,7.83,-16.36,0.600,0
7.321,7.83,-16.36,0.600,0
7.321,7.83,-16.36,0.600,0
7.321,7.83,-16.36,0.600,0
7.321,7.83,-16.39,0.600,0
7.322,7.83,-16.39,0.600,0
7.322,7.83,-16.39,0.600,0
7.322,7.83,-16.39,0.600,0
7.322,7.83,-16.43,0.600,0
7.323,7.83,-16.43,0.600,0
7.323,7.83,-16.43,0.600,0
7.323,7.83,-16.43,0.600,0
7.323,7.83,-16.46,0.600,0
7.324,7.83,-16.46,0.600,0
7.324,7.83,-16.46,0.600,0
7.324,7.83,-16.46,0.600,0
7.324,7.83,-16.49,0.600,0
7.325,7.83,-16.49,0.600,0
7.325,7.83,-16.49,0.600,0
7.325,7.83,-16.49,0.600,0
7.325,7.83,-16.53,0.600,0
7.326,7.83,-16.53,0.600,0
7.326,7.83,-16.53,0.600,0
7.326,7.83,-16.53,0.600,0
7.326,7.83,-16.56,0.600,0
7.327,7.83,-16.56,0.600,0
7.327,7.83,-16.56,0.600,0
7.327,7.83,-16.56,0.600,0
7.327,7.83,-16.59,0.600,0
7.328,7.83,-16.59,0.600,0
7.328,7.83,-16.59,0.600,0
7.328,7.83,-16.59,0.600,0
7.329,7.83,-16.62,0.600,0
7.329,7.83,-16.62,0.600,0
7.329,7.83,-16.62,0.600,0
7.329,7.83,-16.66,0.600,0
7.330,7.83,-16.66,0.600,0
7.330,7.83,-16.66,0.600,0
7.330,7.83,-16.66,0.600,0
7.330,7.83,-16.69,0.600,0
7.331,7.83,-16.69,0.600,0
7.331,7.83,-16.69,0.600,0
7.331,7.83,-16.69,0.600,0
7.331,7.83,-16.72,0.600,0
7.332,7.83,-16.72,0.600,0
7.332,7.83,-16.72,0.600,0
7.332,7.83,-16.72,0.600,0
7.332,7.83,-16.75,0.600,0
7.333,7.83,-16.75,0.600,0
7.333,7.83,-16.75,0.600,0
7.333,7.83,-16.75,0.600,0
7.333,7.83,-16.79,0.600,0
7.334,7.83,-16.79,0.600,0
7.334,7.83,-16.79,0.600,0
7.334,7.83,-16.79,0.600,0
7.334,7.83,-16.82,0.600,0
7.335,7.83,-16.82,0.600,0
7.335,7.83,-16.82,0.600,0
7.335,7.83,-16.82,0.600,0
7.335,7.83,-16.85,0.600,0
7.336,7.83,-16.85,0.600,0
7.336,7.83,-16.85,0.600,0
7.336,7.83,-16.85,0.600,0
7.336,7.83,-16.88,0.600,0
7.337,7.83,-16.88,0.600,0
7.337,7.83,-16.88,0.600,0
7.337,7.83,-16.88,0.600,0
7.337,7.83,-16.92,0.600,0
7.338,7.83,-16.92,0.600,0
7.338,7.83,-16.92,0.600,0
7.338,7.83,-16.92,0.600,0
7.338,7.83,-16.92,0.600,0
7.339,7.83,-16.95,0.600,0
7.339,7.83,-16.95,0.600,0
7.339,7.83,-16.95,0.600,0
7.339,7.83,-16.95,0.600,0
7.339,7.83,-16.98,0.600,0
7.340,7.83,-16.98,0.600,0
7.340,7.83,-16.98,0.600,0
7.340,7.83,-16.98,0.600,0
7.340,7.83,-17.02,0.600,0
7.341,7.83,-17.02,0.600,0
7.341,7.83,-17.02,0.600,0
7.341,7.83,-17.02,0.600,0
7.341,7.83,-17.02,0.600,0
7.342,7.83,-17.05,0.600,0
7.342,7.83,-17.05,0.600,0
7.342,7.83,-17.05,0.600,0
7.342,7.83,-17.05,0.600,0
7.343,7.83,-17.08,0.600,0
7.343,7.83,-17.08,0.600,0
7.343,7.83,-17.08,0.600,0
7.343,7.83,-17.11,0.600,0
7.344,7.83,-17.11,0.600,0
7.344,7.83,-17.11,0.600,0
7.344,7.83,-17.11,0.600,0
7.344,7.83,-17.15,0.600,0
7.345,7.83,-17.15,0.600,0
7.345,7.83,-17.15,0.600,0
7.345,7.83,-17.15,0.600,0
7.345,7.83,-17.18,0.600,0
7.346,7.83,-17.18,0.600,0
7.346,7.83,-17.18,0.600,0
7.346,7.83,-17.18,0.600,0
7.347,7.83,-17.21,0.600,0
7.347,7.83,-17.21,0.600,0
7.347,7.83,-17.21,0.600,0
7.347,7.83,-17.24,0.600,0
7.348,7.83,-17.24,0.600,0
7.348,7.83,-17.24,0.600,0
7.348,7.83,-17.24,0.600,0
7.348,7.83,-17.28,0.600,0
7.349,7.83,-17.28,0.600,0
7.349,7.83,-17.28,0.600,0
7.349,7.83,-17.28,0.600,0
7.350,7.83,-17.31,0.600,0
7.350,7.83,-17.31,0.600,0
7.350,7.83,-17.31,0.600,0
7.350,7.83,-17.34,0.600,0
7.351,7.83,-17.34,0.600,0
7.351,7.83,-17.34,0.600,0
7.351,7.83,-17.34,0.600,0
7.351,7.83,-17.38,0.600,0
7.352,7.83,-17.38,0.600,0
7.352,7.83,-17.38,0.600,0
7.352,7.83,-17.38,0.600,0
7.352,7.83,-17.38,0.600,0
7.352,7.83,-17.41,0.600,0
7.353,7.83,-17.41,0.600,0
7.353,7.83,-17.41,0.600,0
7.353,7.83,-17.41,0.600,0
7.354,7.83,-17.44,0.600,0
7.354,7.83,-17.44,0.600,0
7.354,7.83,-17.44,0.600,0
7.354,7.83,-17.47,0.600,0
7.355,7.83,-17.47,0.600,0
7.355,7.83,-17.47,0.600,0
7.355,7.83,-17.47,0.600,0
7.355,7.83,-17.51,0.600,0
7.356,7.83,-17.51,0.600,0
7.356,7.83,-17.51,0.600,0
7.356,7.83,-17.51,0.600,0
7.357,7.83,-17.54,0.600,0
7.357,7.83,-17.54,0.600,0
7.357,7.83,-17.54,0.600,0
7.357,7.83,-17.57,0.600,0
7.358,7.83,-17.57,0.600,0
7.358,7.83,-17.57,0.600,0
7.358,7.83,-17.57,0.600,0
7.358,7.83,-17.60,0.600,0
7.359,7.83,-17.60,0.600,0
7.359,7.83,-17.60,0.600,0
7.359,7.83,-17.60,0.600,0
7.359,7.83,-17.64,0.600,0
7.360,7.83,-17.64,0.600,0
7.360,7.83,-17.64,0.600,0
7.360,7.83,-17.64,0.600,0
7.360,7.83,-17.64,0.600,0
7.361,7.83,-17.67,0.600,0
7.361,7.83,-17.67,0.600,0
7.361,7.83,-17.67,0.600,0
7.361,7.83,-17.67,0.600,0
7.362,7.83,-17.70,0.600,0
7.362,7.83,-17.70,0.600,0
7.362,7.83,-17.70,0.600,0
7.362,7.83,-17.70,0.600,0
7.363,7.83,-17.73,0.600,0
7.363,7.83,-17.73,0.600,0
7.363,7.83,-17.73,0.600,0
7.363,7.83,-17.77,0.600,0
7.364,7.83,-17.77,0.600,0
7.364,7.83,-17.77,0.600,0
7.364,7.83,-17.80,0.600,0
7.365,7.83,-17.80,0.600,0
7.365,7.83,-17.80,0.600,0
7.365,7.83,-17.80,0.600,0
7.365,7.83,-17.83,0.600,0
7.366,7.83,-17.83,0.600,0
7.366,7.83,-17.83,0.600,0
7.366,7.83,-17.83,0.600,0
7.366,7.83,-17.87,0.600,0
7.367,7.83,-17.87,0.600,0
7.367,7.83,-17.87,0.600,0
7.367,7.83,-17.87,0.600,0
7.367,7.83,-17.90,0.600,0
7.368,7.83,-17.90,0.600,0
7.368,7.83,-17.90,0.600,0
7.368,7.83,-17.90,0.600,0
7.368,7.83,-17.93,0.600,0
7.369,7.83,-17.93,0.600,0
7.369,7.83,-17.93,0.600,0
7.369,7.83,-17.93,0.600,0
7.369,7.83,-17.96,0.600,0
7.370,7.83,-17.96,0.600,0
7.370,7.83,-17.96,0.600,0
7.370,7.83,-17.96,0.600,0
7.371,7.83,-18.00,0.600,0
7.371,7.83,-18.00,0.600,0
7.371,7.83,-18.00,0.600,0
7.371,7.83,-18.00,0.600,0
7.371,7.83,-18.03,0.600,0
7.372,7.83,-18.03,0.600,0
7.372,7.83,-18.03,0.600,0
7.372,7.83,-18.03,0.600,0
7.372,7.83,-18.06,0.600,0
7.373,7.83,-18.06,0.600,0
7.373,7.83,-18.06,0.600,0
7.373,7.83,-18.06,0.600,0
7.373,7.83,-18.09,0.600,0
7.374,7.83,-18.09,0.600,0
7.374,7.83,-18.09,0.600,0
7.374,7.83,-18.09,0.600,0
7.374,7.83,-18.13,0.600,0
7.375,7.83,-18.13,0.600,0
7.375,7.83,-18.13,0.600,0
7.375,7.83,-18.13,0.600,0
7.375,7.83,-18.16,0.600,0
7.376,7.83,-18.16,0.600,0
7.376,7.83,-18.16,0.600,0
7.376,7.83,-18.16,0.600,0
7.376,7.83,-18.16,0.600,0
7.377,7.83,-18.19,0.600,0
7.377,7.83,-18.19,0.600,0
7.377,7.83,-18.19,0.600,0
7.377,7.83,-18.22,0.600,0
7.378,7.83,-18.22,0.600,0
7.378,7.83,-18.22,0.600,0
7.378,7.83,-18.26,0.600,0
7.379,7.83,-18.26,0.600,0
7.379,7.83,-18.26,0.600,0
7.379,7.83,-18.26,0.600,0
7.379,7.83,-18.29,0.600,0
7.380,7.83,-18.29,0.600,0
7.380,7.83,-18.29,0.600,0
7.380,7.83,-18.29,0.600,0
7.380,7.83,-18.29,0.600,0
7.381,7.83,-18.32,0.600,0
7.381,7.83,-18.32,0.600,0
7.381,7.83,-18.32,0.600,0
7.381,7.83,-18.32,0.600,0
7.382,7.83,-18.36,0.600,0
7.382,7.83,-18.36,0.600,0
7.382,7.83,-18.36,0.600,0
7.382,7.83,-18.36,0.600,0
7.382,7.83,-18.39,0.600,0
7.383,7.83,-18.39,0.600,0
7.383,7.83,-18.39,0.600,0
7.383,7.83,-18.39,0.600,0
7.383,7.83,-18.42,0.600,0
7.384,7.83,-18.42,0.600,0
7.384,7.83,-18.42,0.600,0
7.384,7.83,-18.42,0.600,0
7.384,7.83,-18.45,0.600,0
7.385,7.83,-18.45,0.600,0
7.385,7.83,-18.45,0.600,0
7.385,7.83,-18.45,0.600,0
7.386,7.83,-18.49,0.600,0
7.386,7.83,-18.49,0.600,0
7.386,7.83,-18.49,0.600,0
7.386,7.83,-18.49,0.600,0
7.387,7.83,-18.52,0.600,0
7.387,7.83,-18.52,0.600,0
7.387,7.83,-18.52,0.600,0
7.387,7.83,-18.52,0.600,0
7.387,7.83,-18.55,0.600,0
7.388,7.83,-18.55,0.600,0
7.388,7.83,-18.55,0.600,0
7.388,7.83,-18.55,0.600,0
7.388,7.83,-18.58,0.600,0
7.389,7.83,-18.58,0.600,0
7.389,7.83,-18.58,0.600,0
7.389,7.83,-18.58,0.600,0
7.389,7.83,-18.62,0.600,0
7.390,7.83,-18.62,0.600,0
7.390,7.83,-18.62,0.600,0
7.390,7.83,-18.62,0.600,0
7.390,7.83,-18.65,0.600,0
7.391,7.83,-18.65,0.600,0
7.391,7.83,-18.65,0.600,0
7.391,7.83,-18.65,0.600,0
7.392,7.83,-18.68,0.600,0
7.392,7.83,-18.68,0.600,0
7.392,7.83,-18.68,0.600,0
7.392,7.83,-18.68,0.600,0
7.393,7.83,-18.71,0.600,0
7.393,7.83,-18.71,0.600,0
7.393,7.83,-18.71,0.600,0
7.393,7.83,-18.75,0.600,0
7.394,7.83,-18.75,0.600,0
7.394,7.83,-18.75,0.600,0
7.394,7.83,-18.75,0.600,0
7.394,7.83,-18.78,0.600,0
7.395,7.83,-18.78,0.600,0
7.395,7.83,-18.78,0.600,0
7.395,7.83,-18.78,0.600,0
7.395,7.83,-18.81,0.600,0
7.396,7.83,-18.81,0.600,0
7.396,7.83,-18.81,0.600,0
7.396,7.83,-18.81,0.600,0
7.396,7.83,-18.81,0.600,0
7.397,7.83,-18.85,0.600,0
7.397,7.83,-18.85,0.600,0
7.397,7.83,-18.85,0.600,0
7.397,7.83,-18.88,0.600,0
7.398,7.83,-18.88,0.600,0
7.398,7.83,-18.88,0.600,0
7.398,7.83,-18.88,0.600,0
7.398,7.83,-18.91,0.600,0
7.399,7.83,-18.91,0.600,0
7.399,7.83,-18.91,0.600,0
7.399,7.83,-18.94,0.600,0
7.400,7.83,-18.94,0.600,0
7.400,7.83,-18.94,0.600,0
7.400,7.83,-18.94,0.600,0
7.400,7.83,-18.94,0.600,0
7.401,7.83,-18.98,0.600,0
7.401,7.83,-18.98,0.600,0
7.401,7.83,-18.98,0.600,0
7.401,7.83,-19.01,0.600,0
7.402,7.83,-19.01,0.600,0
7.402,7.83,-19.01,0.600,0
7.402,7.83,-19.01,0.600,0
7.402,7.83,-19.04,0.600,0
7.403,7.83,-19.04,0.600,0
7.403,7.83,-19.04,0.600,0
7.403,7.83,-19.04,0.600,0
7.403,7.83,-19.07,0.600,0
7.404,7.83,-19.07,0.600,0
7.404,7.83,-19.07,0.600,0
7.404,7.83,-19.07,0.600,0
7.404,7.83,-19.11,0.600,0
7.405,7.83,-19.11,0.600,0
7.405,7.83,-19.11,0.600,0
7.405,7.83,-19.11,0.600,0
7.406,7.83,-19.14,0.600,0
7.406,7.83,-19.14,0.600,0
7.406,7.83,-19.14,0.600,0
7.406,7.83,-19.17,0.600,0
7.407,7.83,-19.17,0.600,0
7.407,7.83,-19.17,0.600,0
7.407,7.83,-19.17,0.600,0
7.407,7.83,-19.21,0.600,0
7.408,7.83,-19.21,0.600,0
7.408,7.83,-19.21,0.600,0
7.408,7.83,-19.21,0.600,0
7.408,7.83,-19.21,0.600,0
7.409,7.83,-19.24,0.600,0
7.409,7.83,-19.24,0.600,0
7.409,7.83,-19.24,0.600,0
7.409,7.83,-19.27,0.600,0
7.410,7.83,-19.27,0.600,0
7.410,7.83,-19.27,0.600,0
7.410,7.83,-19.27,0.600,0
7.410,7.83,-19.30,0.600,0
7.411,7.83,-19.30,0.600,0
7.411,7.83,-19.30,0.600,0
7.411,7.83,-19.34,0.600,0
7.412,7.83,-19.34,0.600,0
7.412,7.83,-19.34,0.600,0
7.412,7.83,-19.37,0.600,0
7.413,7.83,-19.37,0.600,0
7.413,7.83,-19.37,0.600,0
7.413,7.83,-19.37,0.600,0
7.413,7.83,-19.40,0.600,0
7.414,7.83,-19.40,0.600,0
7.414,7.83,-19.40,0.600,0
7.414,7.83,-19.40,0.600,0
7.414,7.83,-19.43,0.600,0
7.415,7.83,-19.43,0.600,0
7.415,7.83,-19.43,0.600,0
7.415,7.83,-19.43,0.600,0
7.415,7.83,-19.47,0.600,0
7.416,7.83,-19.47,0.600,0
7.416,7.83,-19.47,0.600,0
7.416,7.83,-19.47,0.600,0
7.416,7.83,-19.47,0.600,0
7.417,7.83,-19.50,0.600,0
7.417,7.83,-19.50,0.600,0
7.417,7.83,-19.50,0.600,0
7.417,7.83,-19.50,0.600,0
7.417,7.83,-19.53,0.600,0
7.418,7.83,-19.53,0.600,0
7.418,7.83,-19.53,0.600,0
7.418,7.83,-19.56,0.600,0
7.419,7.83,-19.56,0.600,0
7.419,7.83,-19.56,0.600,0
7.419,7.83,-19.56,0.600,0
7.419,7.83,-19.60,0.600,0
7.420,7.83,-19.60,0.600,0
7.420,7.83,-19.60,0.600,0
7.420,7.83,-19.60,0.600,0
7.421,7.83,-19.63,0.600,0
7.421,7.83,-19.63,0.600,0
7.421,7.83,-19.63,0.600,0
7.421,7.83,-19.66,0.600,0
7.422,7.83,-19.66,0.600,0
7.422,7.83,-19.66,0.600,0
7.422,7.83,-19.66,0.600,0
7.422,7.83,-19.66,0.600,0
7.422,7.83,-19.70,0.600,0
7.423,7.83,-19.70,0.600,0
7.423,7.83,-19.70,0.600,0
7.423,7.83,-19.70,0.600,0
7.423,7.83,-19.73,0.600,0
7.424,7.83,-19.73,0.600,0
7.424,7.83,-19.73,0.600,0
7.424,7.83,-19.73,0.600,0
7.424,7.83,-19.76,0.600,0
7.425,7.83,-19.76,0.600,0
7.425,7.83,-19.76,0.600,0
7.425,7.83,-19.76,0.600,0
7.426,7.83,-19.79,0.600,0
7.426,7.83,-19.79,0.600,0
7.426,7.83,-19.79,0.600,0
7.426,7.83,-19.83,0.600,0
7.427,7.83,-19.83,0.600,0
7.427,7.83,-19.83,0.600,0
7.427,7.83,-19.83,0.600,0
7.427,7.83,-19.86,0.600,0
7.428,7.83,-19.86,0.600,0
7.428,7.83,-19.86,0.600,0
7.428,7.83,-19.86,0.600,0
7.428,7.83,-19.89,0.600,0
7.429,7.83,-19.89,0.600,0
7.429,7.83,-19.89,0.600,0
7.429,7.83,-19.89,0.600,0
7.429,7.83,-19.92,0.600,0
7.430,7.83,-19.92,0.600,0
7.430,7.83,-19.92,0.600,0
7.430,7.83,-19.92,0.600,0
7.430,7.83,-19.96,0.600,0
7.431,7.83,-19.96,0.600,0
7.431,7.83,-19.96,0.600,0
7.431,7.83,-19.96,0.600,0
7.431,7.83,-19.99,0.600,0
7.432,7.83,-19.99,0.600,0
7.432,7.83,-19.99,0.600,0
7.432,7.83,-20.02,0.600,0
7.433,7.83,-20.02,0.600,0
7.433,7.83,-20.02,0.600,0
7.433,7.83,-20.05,0.600,0
7.434,7.83,-20.05,0.600,0
7.434,7.83,-20.05,0.600,0
7.434,7.83,-20.05,0.600,0
7.434,7.83,-20.09,0.600,0
7.435,7.83,-20.09,0.600,0
7.435,7.83,-20.09,0.600,0
7.435,7.83,-20.09,0.600,0
7.435,7.83,-20.12,0.600,0
7.436,7.83,-20.12,0.600,0
7.436,7.83,-20.12,0.600,0
7.436,7.83,-20.12,0.600,0
7.436,7.83,-20.15,0.600,0
7.437,7.83,-20.15,0.600,0
7.437,7.83,-20.15,0.600,0
7.437,7.83,-20.15,0.600,0
7.437,7.83,-20.19,0.600,0
7.438,7.83,-20.19,0.600,0
7.438,7.83,-20.19,0.600,0
7.438,7.83,-20.19,0.600,0
7.438,7.83,-20.22,0.600,0
7.439,7.83,-20.22,0.600,0
7.439,7.83,-20.22,0.600,0
7.439,7.83,-20.22,0.600,0
7.440,7.83,-20.25,0.600,0
7.440,7.83,-20.25,0.600,0
7.440,7.83,-20.25,0.600,0
7.440,7.83,-20.28,0.600,0
7.441,7.83,-20.28,0.600,0
7.441,7.83,-20.28,0.600,0
7.441,7.83,-20.28,0.600,0
7.441,7.83,-20.28,0.600,0
7.441,7.83,-20.32,0.600,0
7.442,7.83,-20.32,0.600,0
7.442,7.83,-20.32,0.600,0
7.442,7.83,-20.32,0.600,0
7.442,7.83,-20.32,0.600,0
7.443,7.83,-20.35,0.600,0
7.443,7.83,-20.35,0.600,0
7.443,7.83,-20.35,0.600,0
7.443,7.83,-20.35,0.600,0
7.443,7.83,-20.38,0.600,0
7.444,7.83,-20.38,0.600,0
7.444,7.83,-20.38,0.600,0
7.444,7.83,-20.38,0.600,0
7.444,7.83,-20.41,0.600,0
7.445,7.83,-20.41,0.600,0
7.445,7.83,-20.41,0.600,0
7.445,7.83,-20.41,0.600,0
7.445,7.83,-20.41,0.600,0
7.446,7.83,-20.45,0.600,0
7.446,7.83,-20.45,0.600,0
7.446,7.83,-20.45,0.600,0
7.446,7.83,-20.45,0.600,0
7.446,7.83,-20.48,0.600,0
7.447,7.83,-20.48,0.600,0
7.447,7.83,-20.48,0.600,0
7.447,7.83,-20.48,0.600,0
7.448,7.83,-20.51,0.600,0
7.448,7.83,-20.51,0.600,0
7.448,7.83,-20.51,0.600,0
7.448,7.83,-20.55,0.600,0
7.449,7.83,-20.55,0.600,0
7.449,7.83,-20.55,0.600,0
7.449,7.83,-20.55,0.600,0
7.449,7.83,-20.55,0.600,0
7.449,7.83,-20.58,0.600,0
7.450,7.83,-20.58,0.600,0
7.450,7.83,-20.58,0.600,0
7.450,7.83,-20.58,0.600,0
7.450,7.83,-20.61,0.600,0
7.451,7.83,-20.61,0.600,0
7.451,7.83,-20.61,0.600,0
7.451,7.83,-20.61,0.600,0
7.451,7.83,-20.64,0.600,0
7.452,7.83,-20.64,0.600,0
7.452,7.83,-20.64,0.600,0
7.452,7.83,-20.64,0.600,0
7.452,7.83,-20.68,0.600,0
7.453,7.83,-20.68,0.600,0
7.453,7.83,-20.68,0.600,0
7.453,7.83,-20.68,0.600,0
7.453,7.83,-20.71,0.600,0
7.454,7.83,-20.71,0.600,0
7.454,7.83,-20.71,0.600,0
7.454,7.83,-20.71,0.600,0
7.454,7.83,-20.74,0.600,0
7.455,7.83,-20.74,0.600,0
7.455,7.83,-20.74,0.600,0
7.455,7.83,-20.74,0.600,0
7.455,7.83,-20.77,0.600,0
7.456,7.83,-20.77,0.600,0
7.456,7.83,-20.77,0.600,0
7.456,7.83,-20.77,0.600,0
7.456,7.83,-20.81,0.600,0
7.457,7.83,-20.81,0.600,0
7.457,7.83,-20.81,0.600,0
7.457,7.83,-20.81,0.600,0
7.457,7.83,-20.81,0.600,0
7.457,7.83,-20.84,0.600,0
7.458,7.83,-20.84,0.600,0
7.458,7.83,-20.84,0.600,0
7.458,7.83,-20.84,0.600,0
7.458,7.83,-20.87,0.600,0
7.459,7.83,-20.87,0.600,0
7.459,7.83,-20.87,0.600,0
7.459,7.83,-20.87,0.600,0
7.459,7.83,-20.90,0.600,0
7.460,7.83,-20.90,0.600,0
7.460,7.83,-20.90,0.600,0
7.460,7.83,-20.90,0.600,0
7.461,7.83,-20.94,0.600,0
7.461,7.83,-20.94,0.600,0
7.461,7.83,-20.94,0.600,0
7.461,7.83,-20.97,0.600,0
7.462,7.83,-20.97,0.600,0
7.462,7.83,-20.97,0.600,0
7.462,7.83,-20.97,0.600,0
7.463,7.83,-21.00,0.600,0
7.463,7.83,-21.00,0.600,0
7.463,7.83,-21.00,0.600,0
7.463,7.83,-21.00,0.600,0
7.463,7.83,-21.04,0.600,0
7.464,7.83,-21.04,0.600,0
7.464,7.83,-21.04,0.600,0
7.464,7.83,-21.04,0.600,0
7.464,7.83,-21.07,0.600,0
7.465,7.83,-21.07,0.600,0
7.465,7.83,-21.07,0.600,0
7.465,7.83,-21.07,0.600,0
7.465,7.83,-21.10,0.600,0
7.466,7.83,-21.10,0.600,0
7.466,7.83,-21.10,0.600,0
7.466,7.83,-21.10,0.600,0
7.466,7.83,-21.13,0.600,0
7.467,7.83,-21.13,0.600,0
7.467,7.83,-21.13,0.600,0
7.467,7.83,-21.13,0.600,0
7.467,7.83,-21.17,0.600,0
7.468,7.83,-21.17,0.600,0
7.468,7.83,-21.17,0.600,0
7.468,7.83,-21.17,0.600,0
7.468,7.83,-21.17,0.600,0
7.468,7.83,-21.20,0.600,0
7.469,7.83,-21.20,0.600,0
7.469,7.83,-21.20,0.600,0
7.469,7.83,-21.20,0.600,0
7.469,7.83,-21.23,0.600,0
7.470,7.83,-21.23,0.600,0
7.470,7.83,-21.23,0.600,0
7.470,7.83,-21.23,0.600,0
7.470,7.83,-21.26,0.600,0
7.471,7.83,-21.26,0.600,0
7.471,7.83,-21.26,0.600,0
7.471,7.83,-21.26,0.600,0
7.471,7.83,-21.30,0.600,0
7.472,7.83,-21.30,0.600,0
7.472,7.83,-21.30,0.600,0
7.472,7.83,-21.30,0.600,0
7.472,7.83,-21.30,0.600,0
7.473,7.83,-21.33,0.600,0
7.473,7.83,-21.33,0.600,0
7.473,7.83,-21.33,0.600,0
7.473,7.83,-21.36,0.600,0
7.474,7.83,-21.36,0.600,0
7.474,7.83,-21.36,0.600,0
7.474,7.83,-21.36,0.600,0
7.474,7.83,-21.39,0.600,0
7.475,7.83,-21.39,0.600,0
7.475,7.83,-21.39,0.600,0
7.475,7.83,-21.39,0.600,0
7.475,7.83,-21.43,0.600,0
7.476,7.83,-21.43,0.600,0
7.476,7.83,-21.43,0.600,0
7.476,7.83,-21.43,0.600,0
7.476,7.83,-21.46,0.600,0
7.477,7.83,-21.46,0.600,0
7.477,7.83,-21.46,0.600,0
7.477,7.83,-21.46,0.600,0
7.477,7.83,-21.46,0.600,0
7.477,7.83,-21.49,0.600,0
7.478,7.83,-21.49,0.600,0
7.478,7.83,-21.49,0.600,0
7.478,7.83,-21.49,0.600,0
7.478,7.83,-21.53,0.600,0
7.479,7.83,-21.53,0.600,0
7.479,7.83,-21.53,0.600,0
7.479,7.83,-21.53,0.600,0
7.479,7.83,-21.53,0.600,0
7.480,7.83,-21.56,0.600,0
7.480,7.83,-21.56,0.600,0
7.480,7.83,-21.56,0.600,0
7.480,7.83,-21.56,0.600,0
7.480,7.83,-21.59,0.600,0
7.481,7.83,-21.59,0.600,0
7.481,7.83,-21.59,0.600,0
7.481,7.83,-21.59,0.600,0
7.482,7.83,-21.62,0.600,0
7.482,7.83,-21.62,0.600,0
7.482,7.83,-21.62,0.600,0
7.482,7.83,-21.66,0.600,0
7.483,7.83,-21.66,0.600,0
7.483,7.83,-21.66,0.600,0
7.483,7.83,-21.66,0.600,0
7.483,7.83,-21.66,0.600,0
7.483,7.83,-21.69,0.600,0
7.484,7.83,-21.69,0.600,0
7.484,7.83,-21.69,0.600,0
7.484,7.83,-21.69,0.600,0
7.484,7.83,-21.72,0.600,0
7.485,7.83,-21.72,0.600,0
7.485,7.83,-21.72,0.600,0
7.485,7.83,-21.72,0.600,0
7.485,7.83,-21.75,0.600,0
7.486,7.83,-21.75,0.600,0
7.486,7.83,-21.75,0.600,0
7.486,7.83,-21.75,0.600,0
7.486,7.83,-21.79,0.600,0
7.487,7.83,-21.79,0.600,0
7.487,7.83,-21.79,0.600,0
7.487,7.83,-21.79,0.600,0
7.487,7.83,-21.82,0.600,0
7.488,7.83,-21.82,0.600,0
7.488,7.83,-21.82,0.600,0
7.488,7.83,-21.82,0.600,0
7.489,7.83,-21.85,0.600,0
7.489,7.83,-21.85,0.600,0
7.489,7.83,-21.85,0.600,0
7.489,7.83,-21.85,0.600,0
7.490,7.83,-21.89,0.600,0
7.490,7.83,-21.89,0.600,0
7.490,7.83,-21.89,0.600,0
7.490,7.83,-21.89,0.600,0
7.490,7.83,-21.92,0.600,0
7.491,7.83,-21.92,0.600,0
7.491,7.83,-21.92,0.600,0
7.491,7.83,-21.92,0.600,0
7.491,7.83,-21.95,0.600,0
7.492,7.83,-21.95,0.600,0
7.492,7.83,-21.95,0.600,0
7.492,7.83,-21.95,0.600,0
7.492,7.83,-21.98,0.600,0
7.493,7.83,-21.98,0.600,0
7.493,7.83,-21.98,0.600,0
7.493,7.83,-21.98,0.600,0
7.493,7.83,-22.02,0.600,0
7.494,7.83,-22.02,0.600,0
7.494,7.83,-22.02,0.600,0
7.494,7.83,-22.02,0.600,0
7.495,7.83,-22.05,0.600,0
7.495,7.83,-22.05,0.600,0
7.495,7.83,-22.05,0.600,0
7.495,7.83,-22.08,0.600,0
7.496,7.83,-22.08,0.600,0
7.496,7.83,-22.08,0.600,0
7.496,7.83,-22.08,0.600,0
7.497,7.83,-22.11,0.600,0
7.497,7.83,-22.11,0.600,0
7.497,7.83,-22.11,0.600,0
7.497,7.83,-22.11,0.600,0
7.498,7.83,-22.15,0.600,0
7.498,7.83,-22.15,0.600,0
7.498,7.83,-22.15,0.600,0
7.498,7.83,-22.15,0.600,0
7.498,7.83,-22.18,0.600,0
7.499,7.83,-22.18,0.600,0
7.499,7.83,-22.18,0.600,0
7.499,7.83,-22.18,0.600,0
7.499,7.83,-22.21,0.600,0
7.500,7.83,-22.21,0.600,0
7.500,7.83,-22.21,0.600,0
7.500,7.83,-22.21,0.600,0
7.501,7.83,-22.24,0.600,0
7.501,7.83,-22.24,0.600,0
7.501,7.83,-22.24,0.600,1
7.502,-4.66,-22.28,-0.600,0
7.502,-4.66,-22.28,-0.600,0
7.503,-4.66,-22.31,-0.600,0
7.503,-4.66,-22.31,-0.600,0
7.503,-4.66,-22.31,-0.600,0
7.504,-4.66,-22.34,-0.600,0
7.504,-4.66,-22.34,-0.600,0
7.504,-4.66,-22.34,-0.600,0
7.504,-4.66,-22.38,-0.600,0
7.505,-4.66,-22.38,-0.600,0
7.505,-4.66,-22.38,-0.600,0
7.505,-4.66,-22.38,-0.600,0
7.505,-4.66,-22.41,-0.600,0
7.506,-4.66,-22.41,-0.600,0
7.506,-4.66,-22.41,-0.600,0
7.506,-4.66,-22.41,-0.600,0
7.506,-4.66,-22.41,-0.600,0
7.507,-4.66,-22.44,-0.600,0
7.507,-4.66,-22.44,-0.600,0
7.507,-4.66,-22.44,-0.600,0
7.507,-4.66,-22.44,-0.600,0
7.508,-4.66,-22.47,-0.600,0
7.508,-4.66,-22.47,-0.600,0
7.508,-4.66,-22.47,-0.600,0
7.508,-4.66,-22.47,-0.600,0
7.509,-4.66,-22.51,-0.600,0
7.509,-4.66,-22.51,-0.600,0
7.509,-4.66,-22.51,-0.600,0
7.509,-4.66,-22.51,-0.600,0
7.510,-4.66,-22.54,-0.600,0
7.510,-4.66,-22.54,-0.600,0
7.510,-4.66,-22.54,-0.600,0
7.511,-4.66,-22.57,-0.600,0
7.511,-4.66,-22.57,-0.600,0
7.511,-4.66,-22.57,-0.600,0
7.511,-4.66,-22.60,-0.600,0
7.512,-4.66,-22.60,-0.600,0
7.512,-4.66,-22.60,-0.600,0
7.512,-4.66,-22.60,-0.600,0
7.512,-4.66,-22.60,-0.600,0
7.513,-4.66,-22.63,-0.600,0
7.513,-4.66,-22.63,-0.600,0
7.513,-4.66,-22.63,-0.600,0
7.513,-4.66,-22.63,-0.600,0
7.513,-4.66,-22.66,-0.600,0
7.514,-4.66,-22.66,-0.600,0
7.514,-4.66,-22.66,-0.600,0
7.514,-4.66,-22.66,-0.600,0
7.514,-4.66,-22.66,-0.600,0
7.515,-4.66,-22.69,-0.600,0
7.515,-4.66,-22.69,-0.600,0
7.515,-4.66,-22.69,-0.600,0
7.515,-4.66,-22.69,-0.600,0
7.516,-4.66,-22.72,-0.600,0
7.516,-4.66,-22.72,-0.600,0
7.516,-4.66,-22.72,-0.600,0
7.517,-4.66,-22.74,-0.600,0
7.517,-4.66,-22.74,-0.600,0
7.517,-4.66,-22.74,-0.600,0
7.517,-4.66,-22.77,-0.600,0
7.518,-4.66,-22.77,-0.600,0
7.518,-4.66,-22.77,-0.600,0
7.518,-4.66,-22.77,-0.600,0
7.518,-4.66,-22.77,-0.600,0
7.519,-4.66,-22.80,-0.600,0
7.519,-4.66,-22.80,-0.600,0
7.519,-4.66,-22.80,-0.600,0
7.519,-4.66,-22.80,-0.600,0
7.520,-4.66,-22.83,-0.600,0
7.520,-4.66,-22.83,-0.600,0
7.520,-4.66,-22.83,-0.600,0
7.520,-4.66,-22.86,-0.600,0
7.521,-4.66,-22.86,-0.600,0
7.521,-4.66,-22.86,-0.600,0
7.521,-4.66,-22.86,-0.600,0
7.521,-4.66,-22.86,-0.600,0
7.521,-4.66,-22.88,-0.600,0
7.522,-4.66,-22.88,-0.600,0
7.522,-4.66,-22.88,-0.600,0
7.522,-4.66,-22.88,-0.600,0
7.522,-4.66,-22.91,-0.600,0
7.523,-4.66,-22.91,-0.600,0
7.523,-4.66,-22.91,-0.600,0
7.523,-4.66,-22.91,-0.600,0
7.523,-4.66,-22.93,-0.600,0
7.524,-4.66,-22.93,-0.600,0
7.524,-4.66,-22.93,-0.600,0
7.524,-4.66,-22.93,-0.600,0
7.524,-4.66,-22.96,-0.600,0
7.525,-4.66,-22.96,-0.600,0
7.525,-4.66,-22.96,-0.600,0
7.525,-4.66,-22.96,-0.600,0
7.525,-4.66,-22.98,-0.600,0
7.526,-4.66,-22.98,-0.600,0
7.526,-4.66,-22.98,-0.600,0
7.526,-4.66,-22.98,-0.600,0
7.526,-4.66,-22.98,-0.600,0
7.526,-4.66,-23.00,-0.600,0
7.527,-4.66,-23.00,-0.600,0
7.527,-4.66,-23.00,-0.600,0
7.527,-4.66,-23.00,-0.600,0
7.527,-4.66,-23.03,-0.600,0
7.528,-4.66,-23.03,-0.600,0
7.528,-4.66,-23.03,-0.600,0
7.528,-4.66,-23.03,-0.600,0
7.528,-4.66,-23.05,-0.600,0
7.529,-4.66,-23.05,-0.600,0
7.529,-4.66,-23.05,-0.600,0
7.529,-4.66,-23.05,-0.600,0
7.529,-4.66,-23.05,-0.600,0
7.530,-4.66,-23.08,-0.600,0
7.530,-4.66,-23.08,-0.600,0
7.530,-4.66,-23.08,-0.600,0
7.530,-4.66,-23.08,-0.600,0
7.531,-4.66,-23.10,-0.600,0
7.531,-4.66,-23.10,-0.600,0
7.531,-4.66,-23.10,-0.600,0
7.531,-4.66,-23.12,-0.600,0
7.532,-4.66,-23.12,-0.600,0
7.532,-4.66,-23.12,-0.600,0
7.532,-4.66,-23.12,-0.600,0
7.532,-4.66,-23.12,-0.600,0
7.533,-4.66,-23.14,-0.600,0
7.533,-4.66,-23.14,-0.600,0
7.533,-4.66,-23.14,-0.600,0
7.533,-4.66,-23.14,-0.600,0
7.533,-4.66,-23.16,-0.600,0
7.534,-4.66,-23.16,-0.600,0
7.534,-4.66,-23.16,-0.600,0
7.534,-4.66,-23.16,-0.600,0
7.535,-4.66,-23.18,-0.600,0
7.535,-4.66,-23.18,-0.600,0
7.535,-4.66,-23.18,-0.600,0
7.535,-4.66,-23.18,-0.600,0
7.536,-4.66,-23.20,-0.600,0
7.537,-4.66,-23.20,-0.600,0
7.537,-4.66,-23.22,-0.600,0
7.537,-4.66,-23.22,-0.600,0
7.538,-4.66,-23.24,-0.600,0
7.538,-4.66,-23.24,-0.600,0
7.538,-4.66,-23.24,-0.600,0
7.539,-4.66,-23.26,-0.600,0
7.539,-4.66,-23.26,-0.600,0
7.539,-4.66,-23.26,-0.600,0
7.539,-4.66,-23.26,-0.600,0
7.540,-4.66,-23.28,-0.600,0
7.540,-4.66,-23.28,-0.600,0
7.540,-4.66,-23.28,-0.600,0
7.540,-4.66,-23.30,-0.600,0
7.541,-4.66,-23.30,-0.600,0
7.541,-4.66,-23.30,-0.600,0
7.541,-4.66,-23.30,-0.600,0
7.542,-4.66,-23.32,-0.600,0
7.542,-4.66,-23.32,-0.600,0
7.542,-4.66,-23.32,-0.600,0
7.542,-4.66,-23.32,-0.600,0
7.543,-4.66,-23.34,-0.600,0
7.543,-4.66,-23.34,-0.600,0
7.543,-4.66,-23.34,-0.600,0
7.543,-4.66,-23.34,-0.600,0
7.544,-4.66,-23.35,-0.600,0
7.544,-4.66,-23.35,-0.600,0
7.544,-4.66,-23.35,-0.600,0
7.544,-4.66,-23.35,-0.600,0
7.545,-4.66,-23.37,-0.600,0
7.545,-4.66,-23.37,-0.600,0
7.545,-4.66,-23.37,-0.600,0
7.545,-4.66,-23.37,-0.600,0
7.545,-4.66,-23.39,-0.600,0
7.546,-4.66,-23.39,-0.600,0
7.546,-4.66,-23.39,-0.600,0
7.546,-4.66,-23.39,-0.600,0
7.546,-4.66,-23.40,-0.600,0
7.547,-4.66,-23.40,-0.600,0
7.547,-4.66,-23.40,-0.600,0
7.547,-4.66,-23.40,-0.600,0
7.548,-4.66,-23.42,-0.600,0
7.548,-4.66,-23.42,-0.600,0
7.548,-4.66,-23.42,-0.600,0
7.548,-4.66,-23.42,-0.600,0
7.548,-4.66,-23.43,-0.600,0
7.549,-4.66,-23.43,-0.600,0
7.549,-4.66,-23.43,-0.600,0
7.549,-4.66,-23.43,-0.600,0
7.549,-4.66,-23.43,-0.600,0
7.550,-4.66,-23.45,-0.600,0
7.550,-4.66,-23.45,-0.600,0
7.550,-4.66,-23.45,-0.600,0
7.550,-4.66,-23.45,-0.600,0
7.551,-4.66,-23.47,-0.600,0
7.551,-4.66,-23.47,-0.600,0
7.551,-4.66,-23.47,-0.600,0
7.551,-4.66,-23.47,-0.600,0
7.552,-4.66,-23.48,-0.600,0
7.552,-4.66,-23.48,-0.600,0
7.552,-4.66,-23.48,-0.600,0
7.552,-4.66,-23.48,-0.600,0
7.553,-4.66,-23.49,-0.600,0
7.553,-4.66,-23.49,-0.600,0
7.553,-4.66,-23.49,-0.600,0
7.553,-4.66,-23.49,-0.600,0
7.553,-4.66,-23.50,-0.600,0
7.554,-4.66,-23.50,-0.600,0
7.554,-4.66,-23.50,-0.600,0
7.554,-4.66,-23.50,-0.600,0
7.554,-4.66,-23.52,-0.600,0
7.555,-4.66,-23.52,-0.600,0
7.555,-4.66,-23.52,-0.600,0
7.555,-4.66,-23.52,-0.600,0
7.555,-4.66,-23.53,-0.600,0
7.556,-4.66,-23.53,-0.600,0
7.556,-4.66,-23.53,-0.600,0
7.556,-4.66,-23.53,-0.600,0
7.556,-4.66,-23.53,-0.600,0
7.557,-4.66,-23.54,-0.600,0
7.557,-4.66,-23.54,-0.600,0
7.557,-4.66,-23.54,-0.600,0
7.557,-4.66,-23.54,-0.600,0
7.558,-4.66,-23.55,-0.600,0
7.558,-4.66,-23.55,-0.600,0
7.558,-4.66,-23.55,-0.600,0
7.558,-4.66,-23.55,-0.600,0
7.559,-4.66,-23.57,-0.600,0
7.559,-4.66,-23.57,-0.600,0
7.559,-4.66,-23.57,-0.600,0
7.559,-4.66,-23.58,-0.600,0
7.560,-4.66,-23.58,-0.600,0
7.560,-4.66,-23.58,-0.600,0
7.560,-4.66,-23.58,-0.600,0
7.560,-4.66,-23.59,-0.600,0
7.561,-4.66,-23.59,-0.600,0
7.561,-4.66,-23.59,-0.600,0
7.561,-4.66,-23.59,-0.600,0
7.561,-4.66,-23.60,-0.600,0
7.562,-4.66,-23.60,-0.600,0
7.562,-4.66,-23.60,-0.600,0
7.562,-4.66,-23.60,-0.600,0
7.562,-4.66,-23.60,-0.600,0
7.563,-4.66,-23.61,-0.600,0
7.563,-4.66,-23.61,-0.600,0
7.563,-4.66,-23.61,-0.600,0
7.563,-4.66,-23.61,-0.600,0
7.564,-4.66,-23.61,-0.600,0
7.564,-4.66,-23.61,-0.600,0
7.564,-4.66,-23.61,-0.600,0
7.565,-4.66,-23.62,-0.600,0
7.565,-4.66,-23.62,-0.600,0
7.565,-4.66,-23.62,-0.600,0
7.565,-4.66,-23.63,-0.600,0
7.566,-4.66,-23.63,-0.600,0
7.566,-4.66,-23.63,-0.600,0
7.566,-4.66,-23.63,-0.600,0
7.567,-4.66,-23.64,-0.600,0
7.567,-4.66,-23.64,-0.600,0
7.567,-4.66,-23.64,-0.600,0
7.567,-4.66,-23.65,-0.600,0
7.568,-4.66,-23.65,-0.600,0
7.568,-4.66,-23.65,-0.600,0
7.568,-4.66,-23.65,-0.600,0
7.568,-4.66,-23.65,-0.600,0
7.569,-4.66,-23.65,-0.600,0
7.569,-4.66,-23.65,-0.600,0
7.569,-4.66,-23.65,-0.600,0
7.569,-4.66,-23.66,-0.600,0
7.570,-4.66,-23.66,-0.600,0
7.570,-4.66,-23.66,-0.600,0
7.570,-4.66,-23.66,-0.600,0
7.570,-4.66,-23.67,-0.600,0
7.571,-4.66,-23.67,-0.600,0
7.571,-4.66,-23.67,-0.600,0
7.571,-4.66,-23.67,-0.600,0
7.572,-4.66,-23.67,-0.600,0
7.572,-4.66,-23.67,-0.600,0
7.572,-4.66,-23.67,-0.600,0
7.572,-4.66,-23.68,-0.600,0
7.573,-4.66,-23.68,-0.600,0
7.573,-4.66,-23.68,-0.600,0
7.573,-4.66,-23.68,-0.600,0
7.573,-4.66,-23.68,-0.600,0
7.574,-4.66,-23.68,-0.600,0
7.574,-4.66,-23.68,-0.600,0
7.574,-4.66,-23.68,-0.600,0
7.574,-4.66,-23.69,-0.600,0
7.575,-4.66,-23.69,-0.600,0
7.575,-4.66,-23.69,-0.600,0
7.575,-4.66,-23.69,-0.600,0
7.575,-4.66,-23.69,-0.600,0
7.576,-4.66,-23.69,-0.600,0
7.576,-4.66,-23.69,-0.600,0
7.576,-4.66,-23.69,-0.600,0
7.576,-4.66,-23.69,-0.600,0
7.577,-4.66,-23.69,-0.600,0
7.577,-4.66,-23.69,-0.600,0
7.577,-4.66,-23.69,-0.600,0
7.577,-4.66,-23.70,-0.600,0
7.578,-4.66,-23.70,-0.600,0
7.578,-4.66,-23.70,-0.600,0
7.578,-4.66,-23.70,-0.600,0
7.579,-4.66,-23.70,-0.600,0
7.579,-4.66,-23.70,-0.600,0
7.579,-4.66,-23.70,-0.600,0
7.579,-4.66,-23.70,-0.600,0
7.580,-4.66,-23.71,-0.600,0
7.580,-4.66,-23.71,-0.600,0
7.580,-4.66,-23.71,-0.600,0
7.580,-4.66,-23.71,-0.600,0
7.581,-4.66,-23.71,-0.600,0
7.581,-4.66,-23.71,-0.600,0
7.581,-4.66,-23.71,-0.600,0
7.581,-4.66,-23.71,-0.600,0
7.582,-4.66,-23.71,-0.600,0
7.582,-4.66,-23.71,-0.600,0
7.582,-4.66,-23.71,-0.600,0
7.582,-4.66,-23.71,-0.600,0
7.583,-4.66,-23.71,-0.600,0
7.583,-4.66,-23.71,-0.600,0
7.583,-4.66,-23.71,-0.600,0
7.583,-4.66,-23.71,-0.600,0
7.584,-4.66,-23.71,-0.600,0
7.584,-4.66,-23.71,-0.600,0
7.584,-4.66,-23.71,-0.600,0
7.584,-4.66,-23.71,-0.600,0
7.585,-4.66,-23.71,-0.600,0
7.585,-4.66,-23.71,-0.600,0
7.585,-4.66,-23.71,-0.600,0
7.585,-4.66,-23.71,-0.600,0
7.586,-4.66,-23.71,-0.600,0
7.586,-4.66,-23.71,-0.600,0
7.586,-4.66,-23.71,-0.600,0
7.586,-4.66,-23.71,-0.600,0
7.587,-4.66,-23.71,-0.600,0
7.587,-4.66,-23.71,-0.600,0
7.587,-4.66,-23.71,-0.600,0
7.587,-4.66,-23.71,-0.600,0
7.588,-4.66,-23.71,-0.600,0
7.588,-4.66,-23.71,-0.600,0
7.588,-4.66,-23.71,-0.600,0
7.588,-4.66,-23.71,-0.600,0
7.589,-4.66,-23.71,-0.600,0
7.589,-4.66,-23.71,-0.600,0
7.589,-4.66,-23.71,-0.600,0
7.589,-4.66,-23.71,-0.600,0
7.590,-4.66,-23.71,-0.600,0
7.590,-4.66,-23.71,-0.600,0
7.590,-4.66,-23.71,-0.600,0
7.590,-4.66,-23.71,-0.600,0
7.591,-4.66,-23.71,-0.600,0
7.591,-4.66,-23.71,-0.600,0
7.591,-4.66,-23.71,-0.600,0
7.591,-4.66,-23.70,-0.600,0
7.592,-4.66,-23.70,-0.600,0
7.592,-4.66,-23.70,-0.600,0
7.592,-4.66,-23.70,-0.600,0
7.593,-4.66,-23.70,-0.600,0
7.593,-4.66,-23.70,-0.600,0
7.593,-4.66,-23.70,-0.600,0
7.593,-4.66,-23.70,-0.600,0
7.593,-4.66,-23.70,-0.600,0
7.594,-4.66,-23.70,-0.600,0
7.594,-4.66,-23.70,-0.600,0
7.594,-4.66,-23.70,-0.600,0
7.594,-4.66,-23.69,-0.600,0
7.595,-4.66,-23.69,-0.600,0
7.595,-4.66,-23.69,-0.600,0
7.595,-4.66,-23.69,-0.600,0
7.595,-4.66,-23.69,-0.600,0
7.596,-4.66,-23.69,-0.600,0
7.596,-4.66,-23.69,-0.600,0
7.596,-4.66,-23.69,-0.600,0
7.596,-4.66,-23.69,-0.600,0
7.597,-4.66,-23.69,-0.600,0
7.597,-4.66,-23.69,-0.600,0
7.597,-4.66,-23.69,-0.600,0
7.597,-4.66,-23.68,-0.600,0
7.598,-4.66,-23.68,-0.600,0
7.598,-4.66,-23.68,-0.600,0
7.598,-4.66,-23.68,-0.600,0
7.598,-4.66,-23.68,-0.600,0
7.599,-4.66,-23.68,-0.600,0
7.599,-4.66,-23.68,-0.600,0
7.599,-4.66,-23.68,-0.600,0
7.599,-4.66,-23.68,-0.600,0
7.600,-4.66,-23.68,-0.600,0
7.600,-4.66,-23.68,-0.600,0
7.600,-4.66,-23.68,-0.600,0
7.600,-4.66,-23.68,-0.600,0
7.601,-4.66,-23.67,-0.600,0
7.601,-4.66,-23.67,-0.600,0
7.601,-4.66,-23.67,-0.600,0
7.601,-4.66,-23.67,-0.600,0
7.601,-4.66,-23.66,-0.600,0
7.602,-4.66,-23.66,-0.600,0
7.602,-4.66,-23.66,-0.600,0
7.602,-4.66,-23.66,-0.600,0
7.602,-4.66,-23.66,-0.600,0
7.603,-4.66,-23.66,-0.600,0
7.603,-4.66,-23.66,-0.600,0
7.603,-4.66,-23.66,-0.600,0
7.604,-4.66,-23.65,-0.600,0
7.604,-4.66,-23.65,-0.600,0
7.604,-4.66,-23.65,-0.600,0
7.604,-4.66,-23.65,-0.600,0
7.605,-4.66,-23.64,-0.600,0
7.605,-4.66,-23.64,-0.600,0
7.605,-4.66,-23.64,-0.600,0
7.605,-4.66,-23.64,-0.600,0
7.606,-4.66,-23.64,-0.600,0
7.606,-4.66,-23.64,-0.600,0
7.606,-4.66,-23.64,-0.600,0
7.606,-4.66,-23.64,-0.600,0
7.607,-4.66,-23.63,-0.600,0
7.607,-4.66,-23.63,-0.600,0
7.607,-4.66,-23.63,-0.600,0
7.607,-4.66,-23.62,-0.600,0
7.608,-4.66,-23.62,-0.600,0
7.608,-4.66,-23.62,-0.600,0
7.608,-4.66,-23.62,-0.600,0
7.608,-4.66,-23.61,-0.600,0
7.609,-4.66,-23.61,-0.600,0
7.609,-4.66,-23.61,-0.600,0
7.609,-4.66,-23.61,-0.600,0
7.609,-4.66,-23.60,-0.600,0
7.610,-4.66,-23.60,-0.600,0
7.610,-4.66,-23.60,-0.600,0
7.610,-4.66,-23.60,-0.600,0
7.610,-4.66,-23.59,-0.600,0
7.611,-4.66,-23.59,-0.600,0
7.611,-4.66,-23.59,-0.600,0
7.611,-4.66,-23.59,-0.600,0
7.611,-4.66,-23.59,-0.600,0
7.612,-4.66,-23.59,-0.600,0
7.612,-4.66,-23.59,-0.600,0
7.612,-4.66,-23.59,-0.600,0
7.613,-4.66,-23.58,-0.600,0
7.613,-4.66,-23.58,-0.600,0
7.613,-4.66,-23.58,-0.600,0
7.613,-4.66,-23.58,-0.600,0
7.614,-4.66,-23.57,-0.600,0
7.614,-4.66,-23.57,-0.600,0
7.614,-4.66,-23.57,-0.600,0
7.614,-4.66,-23.55,-0.600,0
7.615,-4.66,-23.55,-0.600,0
7.615,-4.66,-23.55,-0.600,0
7.615,-4.66,-23.55,-0.600,0
7.615,-4.66,-23.54,-0.600,0
7.616,-4.66,-23.54,-0.600,0
7.616,-4.66,-23.54,-0.600,0
7.616,-4.66,-23.54,-0.600,0
7.616,-4.66,-23.53,-0.600,0
7.617,-4.66,-23.53,-0.600,0
7.617,-4.66,-23.53,-0.600,0
7.617,-4.66,-23.53,-0.600,0
7.617,-4.66,-23.53,-0.600,0
7.617,-4.66,-23.52,-0.600,0
7.618,-4.66,-23.52,-0.600,0
7.618,-4.66,-23.52,-0.600,0
7.618,-4.66,-23.52,-0.600,0
7.618,-4.66,-23.52,-0.600,0
7.619,-4.66,-23.51,-0.600,0
7.619,-4.66,-23.51,-0.600,0
7.619,-4.66,-23.51,-0.600,0
7.619,-4.66,-23.51,-0.600,0
7.620,-4.66,-23.49,-0.600,0
7.620,-4.66,-23.49,-0.600,0
7.620,-4.66,-23.49,-0.600,0
7.620,-4.66,-23.48,-0.600,0
7.621,-4.66,-23.48,-0.600,0
7.621,-4.66,-23.48,-0.600,0
7.621,-4.66,-23.48,-0.600,0
7.621,-4.66,-23.47,-0.600,0
7.622,-4.66,-23.47,-0.600,0
7.622,-4.66,-23.47,-0.600,0
7.622,-4.66,-23.47,-0.600,0
7.622,-4.66,-23.47,-0.600,0
7.623,-4.66,-23.45,-0.600,0
7.623,-4.66,-23.45,-0.600,0
7.623,-4.66,-23.45,-0.600,0
7.623,-4.66,-23.45,-0.600,0
7.624,-4.66,-23.44,-0.600,0
7.624,-4.66,-23.44,-0.600,0
7.624,-4.66,-23.44,-0.600,0
7.624,-4.66,-23.44,-0.600,0
7.624,-4.66,-23.42,-0.600,0
7.625,-4.66,-23.42,-0.600,0
7.625,-4.66,-23.42,-0.600,0
7.625,-4.66,-23.42,-0.600,0
7.625,-4.66,-23.41,-0.600,0
7.626,-4.66,-23.41,-0.600,0
7.626,-4.66,-23.41,-0.600,0
7.626,-4.66,-23.41,-0.600,0
7.626,-4.66,-23.41,-0.600,0
7.627,-4.66,-23.39,-0.600,0
7.627,-4.66,-23.39,-0.600,0
7.627,-4.66,-23.39,-0.600,0
7.627,-4.66,-23.38,-0.600,0
7.628,-4.66,-23.38,-0.600,0
7.628,-4.66,-23.38,-0.600,0
7.628,-4.66,-23.38,-0.600,0
7.628,-4.66,-23.36,-0.600,0
7.629,-4.66,-23.36,-0.600,0
7.629,-4.66,-23.36,-0.600,0
7.629,-4.66,-23.36,-0.600,0
7.629,-4.66,-23.34,-0.600,0
7.630,-4.66,-23.34,-0.600,0
7.630,-4.66,-23.34,-0.600,0
7.630,-4.66,-23.34,-0.600,0
7.630,-4.66,-23.34,-0.600,0
7.631,-4.66,-23.33,-0.600,0
7.631,-4.66,-23.33,-0.600,0
7.631,-4.66,-23.33,-0.600,0
7.632,-4.66,-23.31,-0.600,0
7.632,-4.66,-23.31,-0.600,0
7.632,-4.66,-23.31,-0.600,0
7.633,-4.66,-23.29,-0.600,1
7.633,-8.36,-23.29,-0.600,0
7.633,-8.36,-23.29,-0.600,0
7.634,-8.36,-23.27,-0.600,0
7.634,-8.36,-23.27,-0.600,0
7.634,-8.36,-23.27,-0.600,0
7.634,-8.36,-23.27,-0.600,0
7.635,-8.36,-23.25,-0.600,0
7.635,-8.36,-23.25,-0.600,0
7.635,-8.36,-23.25,-0.600,0
7.635,-8.36,-23.23,-0.600,0
7.636,-8.36,-23.23,-0.600,0
7.636,-8.36,-23.23,-0.600,0
7.636,-8.36,-23.23,-0.600,0
7.636,-8.36,-23.23,-0.600,0
7.637,-8.36,-23.21,-0.600,0
7.637,-8.36,-23.21,-0.600,0
7.637,-8.36,-23.21,-0.600,0
7.637,-8.36,-23.19,-0.600,0
7.638,-8.36,-23.19,-0.600,0
7.638,-8.36,-23.19,-0.600,0
7.638,-8.36,-23.19,-0.600,0
7.638,-8.36,-23.19,-0.600,0
7.639,-8.36,-23.17,-0.600,0
7.639,-8.36,-23.17,-0.600,0
7.639,-8.36,-23.17,-0.600,0
7.639,-8.36,-23.15,-0.600,0
7.640,-8.36,-23.15,-0.600,0
7.640,-8.36,-23.15,-0.600,0
7.640,-8.36,-23.15,-0.600,0
7.640,-8.36,-23.13,-0.600,0
7.641,-8.36,-23.13,-0.600,0
7.641,-8.36,-23.13,-0.600,0
7.641,-8.36,-23.13,-0.600,0
7.641,-8.36,-23.11,-0.600,0
7.642,-8.36,-23.11,-0.600,0
7.642,-8.36,-23.11,-0.600,0
7.642,-8.36,-23.11,-0.600,0
7.642,-8.36,-23.09,-0.600,0
7.643,-8.36,-23.09,-0.600,0
7.643,-8.36,-23.09,-0.600,0
7.643,-8.36,-23.09,-0.600,0
7.643,-8.36,-23.06,-0.600,0
7.644,-8.36,-23.06,-0.600,0
7.644,-8.36,-23.06,-0.600,0
7.644,-8.36,-23.06,-0.600,0
7.644,-8.36,-23.04,-0.600,0
7.645,-8.36,-23.04,-0.600,0
7.645,-8.36,-23.04,-0.600,0
7.645,-8.36,-23.04,-0.600,0
7.645,-8.36,-23.02,-0.600,0
7.646,-8.36,-23.02,-0.600,0
7.646,-8.36,-23.02,-0.600,0
7.646,-8.36,-23.02,-0.600,0
7.647,-8.36,-22.99,-0.600,0
7.647,-8.36,-22.99,-0.600,0
7.647,-8.36,-22.99,-0.600,0
7.647,-8.36,-22.97,-0.600,0
7.648,-8.36,-22.97,-0.600,0
7.648,-8.36,-22.97,-0.600,0
7.648,-8.36,-22.97,-0.600,0
7.648,-8.36,-22.94,-0.600,0
7.649,-8.36,-22.94,-0.600,0
7.649,-8.36,-22.94,-0.600,0
7.649,-8.36,-22.94,-0.600,0
7.650,-8.36,-22.92,-0.600,0
7.650,-8.36,-22.92,-0.600,0
7.650,-8.36,-22.92,-0.600,0
7.650,-8.36,-22.89,-0.600,0
7.651,-8.36,-22.89,-0.600,0
7.651,-8.36,-22.89,-0.600,0
7.651,-8.36,-22.89,-0.600,0
7.651,-8.36,-22.87,-0.600,0
7.652,-8.36,-22.87,-0.600,0
7.652,-8.36,-22.87,-0.600,0
7.652,-8.36,-22.87,-0.600,0
7.652,-8.36,-22.84,-0.600,0
7.653,-8.36,-22.84,-0.600,0
7.653,-8.36,-22.84,-0.600,0
7.653,-8.36,-22.84,-0.600,0
7.653,-8.36,-22.82,-0.600,0
7.654,-8.36,-22.82,-0.600,0
7.654,-8.36,-22.82,-0.600,0
7.654,-8.36,-22.82,-0.600,0
7.654,-8.36,-22.79,-0.600,0
7.655,-8.36,-22.79,-0.600,0
7.655,-8.36,-22.79,-0.600,0
7.655,-8.36,-22.79,-0.600,0
7.656,-8.36,-22.76,-0.600,0
7.656,-8.36,-22.76,-0.600,0
7.656,-8.36,-22.76,-0.600,0
7.656,-8.36,-22.76,-0.600,0
7.657,-8.36,-22.73,-0.600,0
7.657,-8.36,-22.73,-0.600,0
7.657,-8.36,-22.73,-0.600,0
7.657,-8.36,-22.73,-0.600,0
7.658,-8.36,-22.70,-0.600,0
7.658,-8.36,-22.70,-0.600,0
7.658,-8.36,-22.70,-0.600,0
7.658,-8.36,-22.70,-0.600,0
7.658,-8.36,-22.68,-0.600,0
7.659,-8.36,-22.68,-0.600,0
7.659,-8.36,-22.68,-0.600,0
7.659,-8.36,-22.68,-0.600,0
7.659,-8.36,-22.65,-0.600,0
7.660,-8.36,-22.65,-0.600,0
7.660,-8.36,-22.65,-0.600,0
7.660,-8.36,-22.65,-0.600,0
7.660,-8.36,-22.62,-0.600,0
7.661,-8.36,-22.62,-0.600,0
7.661,-8.36,-22.62,-0.600,0
7.661,-8.36,-22.62,-0.600,0
7.662,-8.36,-22.59,-0.600,0
7.662,-8.36,-22.59,-0.600,0
7.662,-8.36,-22.59,-0.600,0
7.663,-8.36,-22.56,-0.600,0
7.663,-8.36,-22.56,-0.600,0
7.663,-8.36,-22.56,-0.600,0
7.663,-8.36,-22.53,-0.600,0
7.664,-8.36,-22.53,-0.600,0
7.664,-8.36,-22.53,-0.600,0
7.664,-8.36,-22.53,-0.600,0
7.665,-8.36,-22.50,-0.600,0
7.665,-8.36,-22.50,-0.600,0
7.665,-8.36,-22.50,-0.600,0
7.665,-8.36,-22.50,-0.600,0
7.666,-8.36,-22.47,-0.600,0
7.666,-8.36,-22.47,-0.600,0
7.666,-8.36,-22.47,-0.600,0
7.666,-8.36,-22.43,-0.600,0
7.667,-8.36,-22.43,-0.600,0
7.667,-8.36,-22.43,-0.600,0
7.667,-8.36,-22.43,-0.600,0
7.667,-8.36,-22.40,-0.600,0
7.668,-8.36,-22.40,-0.600,0
7.668,-8.36,-22.40,-0.600,0
7.668,-8.36,-22.40,-0.600,0
7.668,-8.36,-22.37,-0.600,0
7.669,-8.36,-22.37,-0.600,0
7.669,-8.36,-22.37,-0.600,0
7.669,-8.36,-22.37,-0.600,0
7.669,-8.36,-22.34,-0.600,0
7.670,-8.36,-22.34,-0.600,0
7.670,-8.36,-22.34,-0.600,0
7.670,-8.36,-22.34,-0.600,0
7.670,-8.36,-22.30,-0.600,0
7.671,-8.36,-22.30,-0.600,0
7.671,-8.36,-22.30,-0.600,0
7.671,-8.36,-22.30,-0.600,0
7.671,-8.36,-22.27,-0.600,0
7.672,-8.36,-22.27,-0.600,0
7.672,-8.36,-22.27,-0.600,0
7.672,-8.36,-22.27,-0.600,0
7.672,-8.36,-22.24,-0.600,0
7.673,-8.36,-22.24,-0.600,0
7.673,-8.36,-22.24,-0.600,0
7.673,-8.36,-22.24,-0.600,0
7.674,-8.36,-22.21,-0.600,0
7.674,-8.36,-22.21,-0.600,0
7.674,-8.36,-22.21,-0.600,0
7.674,-8.36,-22.17,-0.600,0
7.675,-8.36,-22.17,-0.600,0
7.675,-8.36,-22.17,-0.600,0
7.675,-8.36,-22.17,-0.600,0
7.675,-8.36,-22.14,-0.600,0
7.676,-8.36,-22.14,-0.600,0
7.676,-8.36,-22.14,-0.600,0
7.676,-8.36,-22.14,-0.600,0
7.676,-8.36,-22.11,-0.600,0
7.677,-8.36,-22.11,-0.600,0
7.677,-8.36,-22.11,-0.600,0
7.677,-8.36,-22.11,-0.600,0
7.677,-8.36,-22.11,-0.600,0
7.678,-8.36,-22.08,-0.600,0
7.678,-8.36,-22.08,-0.600,0
7.678,-8.36,-22.08,-0.600,0
7.678,-8.36,-22.08,-0.600,0
7.678,-8.36,-22.04,-0.600,0
7.679,-8.36,-22.04,-0.600,0
7.679,-8.36,-22.04,-0.600,0
7.679,-8.36,-22.04,-0.600,0
7.679,-8.36,-22.01,-0.600,0
7.680,-8.36,-22.01,-0.600,0
7.680,-8.36,-22.01,-0.600,0
7.680,-8.36,-22.01,-0.600,0
7.680,-8.36,-21.98,-0.600,0
7.681,-8.36,-21.98,-0.600,0
7.681,-8.36,-21.98,-0.600,0
7.681,-8.36,-21.98,-0.600,0
7.681,-8.36,-21.95,-0.600,0
7.682,-8.36,-21.95,-0.600,0
7.682,-8.36,-21.95,-0.600,0
7.682,-8.36,-21.91,-0.600,0
7.683,-8.36,-21.91,-0.600,0
7.683,-8.36,-21.91,-0.600,0
7.683,-8.36,-21.91,-0.600,0
7.684,-8.36,-21.88,-0.600,0
7.684,-8.36,-21.88,-0.600,0
7.684,-8.36,-21.88,-0.600,0
7.684,-8.36,-21.88,-0.600,0
7.685,-8.36,-21.85,-0.600,0
7.685,-8.36,-21.85,-0.600,0
7.685,-8.36,-21.85,-0.600,0
7.685,-8.36,-21.81,-0.600,0
7.686,-8.36,-21.81,-0.600,0
7.686,-8.36,-21.81,-0.600,0
7.686,-8.36,-21.81,-0.600,0
7.686,-8.36,-21.81,-0.600,0
7.687,-8.36,-21.78,-0.600,0
7.687,-8.36,-21.78,-0.600,0
7.687,-8.36,-21.78,-0.600,0
7.687,-8.36,-21.78,-0.600,0
7.687,-8.36,-21.75,-0.600,0
7.688,-8.36,-21.75,-0.600,0
7.688,-8.36,-21.75,-0.600,0
7.688,-8.36,-21.75,-0.600,0
7.688,-8.36,-21.72,-0.600,0
7.689,-8.36,-21.72,-0.600,0
7.689,-8.36,-21.72,-0.600,0
7.689,-8.36,-21.72,-0.600,0
7.689,-8.36,-21.68,-0.600,0
7.690,-8.36,-21.68,-0.600,0
7.690,-8.36,-21.68,-0.600,0
7.690,-8.36,-21.68,-0.600,0
7.691,-8.36,-21.65,-0.600,0
7.691,-8.36,-21.65,-0.600,0
7.691,-8.36,-21.65,-0.600,0
7.691,-8.36,-21.65,-0.600,0
7.692,-8.36,-21.62,-0.600,0
7.692,-8.36,-21.62,-0.600,0
7.692,-8.36,-21.62,-0.600,0
7.692,-8.36,-21.62,-0.600,0
7.692,-8.36,-21.59,-0.600,0
7.693,-8.36,-21.59,-0.600,0
7.693,-8.36,-21.59,-0.600,0
7.693,-8.36,-21.59,-0.600,0
7.693,-8.36,-21.55,-0.600,0
7.694,-8.36,-21.55,-0.600,0
7.694,-8.36,-21.55,-0.600,0
7.694,-8.36,-21.52,-0.600,0
7.695,-8.36,-21.52,-0.600,0
7.695,-8.36,-21.52,-0.600,0
7.695,-8.36,-21.52,-0.600,0
7.695,-8.36,-21.49,-0.600,0
7.696,-8.36,-21.49,-0.600,0
7.696,-8.36,-21.49,-0.600,0
7.696,-8.36,-21.49,-0.600,0
7.697,-8.36,-21.46,-0.600,0
7.697,-8.36,-21.46,-0.600,0
7.697,-8.36,-21.46,-0.600,0
7.697,-8.36,-21.42,-0.600,0
7.698,-8.36,-21.42,-0.600,0
7.698,-8.36,-21.42,-0.600,0
7.698,-8.36,-21.42,-0.600,0
7.699,-8.36,-21.39,-0.600,0
7.699,-8.36,-21.39,-0.600,0
7.699,-8.36,-21.39,-0.600,0
7.699,-8.36,-21.39,-0.600,0
7.700,-8.36,-21.36,-0.600,0
7.700,-8.36,-21.36,-0.600,0
7.700,-8.36,-21.36,-0.600,0
7.700,-8.36,-21.32,-0.600,0
7.701,-8.36,-21.32,-0.600,0
7.701,-8.36,-21.32,-0.600,0
7.701,-8.36,-21.32,-0.600,0
7.702,-8.36,-21.29,-0.600,0
7.702,-8.36,-21.29,-0.600,0
7.702,-8.36,-21.29,-0.600,0
7.702,-8.36,-21.29,-0.600,0
7.703,-8.36,-21.26,-0.600,0
7.703,-8.36,-21.26,-0.600,0
7.703,-8.36,-21.26,-0.600,0
7.703,-8.36,-21.26,-0.600,0
7.704,-8.36,-21.23,-0.600,0
7.704,-8.36,-21.23,-0.600,0
7.704,-8.36,-21.23,-0.600,0
7.704,-8.36,-21.23,-0.600,0
7.705,-8.36,-21.19,-0.600,0
7.705,-8.36,-21.19,-0.600,0
7.705,-8.36,-21.19,-0.600,0
7.705,-8.36,-21.16,-0.600,0
7.706,-8.36,-21.16,-0.600,0
7.706,-8.36,-21.16,-0.600,0
7.706,-8.36,-21.16,-0.600,0
7.706,-8.36,-21.13,-0.600,0
7.707,-8.36,-21.13,-0.600,0
7.707,-8.36,-21.13,-0.600,0
7.707,-8.36,-21.13,-0.600,0
7.707,-8.36,-21.10,-0.600,0
7.708,-8.36,-21.10,-0.600,0
7.708,-8.36,-21.10,-0.600,0
7.708,-8.36,-21.10,-0.600,0
7.708,-8.36,-21.06,-0.600,0
7.709,-8.36,-21.06,-0.600,0
7.709,-8.36,-21.06,-0.600,0
7.709,-8.36,-21.06,-0.600,0
7.710,-8.36,-21.03,-0.600,0
7.710,-8.36,-21.03,-0.600,0
7.710,-8.36,-21.03,-0.600,0
7.710,-8.36,-21.03,-0.600,0
7.711,-8.36,-21.00,-0.600,0
7.711,-8.36,-21.00,-0.600,0
7.711,-8.36,-21.00,-0.600,0
7.711,-8.36,-21.00,-0.600,0
7.712,-8.36,-20.97,-0.600,0
7.712,-8.36,-20.97,-0.600,0
7.712,-8.36,-20.97,-0.600,0
7.712,-8.36,-20.93,-0.600,0
7.713,-8.36,-20.93,-0.600,0
7.713,-8.36,-20.93,-0.600,0
7.713,-8.36,-20.93,-0.600,0
7.713,-8.36,-20.90,-0.600,0
7.714,-8.36,-20.90,-0.600,0
7.714,-8.36,-20.90,-0.600,0
7.714,-8.36,-20.90,-0.600,0
7.714,-8.36,-20.87,-0.600,0
7.715,-8.36,-20.87,-0.600,0
7.715,-8.36,-20.87,-0.600,0
7.715,-8.36,-20.87,-0.600,0
7.715,-8.36,-20.84,-0.600,0
7.716,-8.36,-20.84,-0.600,0
7.716,-8.36,-20.84,-0.600,0
7.716,-8.36,-20.84,-0.600,0
7.716,-8.36,-20.84,-0.600,0
7.717,-8.36,-20.80,-0.600,0
7.717,-8.36,-20.80,-0.600,0
7.717,-8.36,-20.80,-0.600,0
7.717,-8.36,-20.77,-0.600,0
7.718,-8.36,-20.77,-0.600,0
7.718,-8.36,-20.77,-0.600,0
7.718,-8.36,-20.77,-0.600,0
7.718,-8.36,-20.74,-0.600,0
7.719,-8.36,-20.74,-0.600,0
7.719,-8.36,-20.74,-0.600,0
7.719,-8.36,-20.74,-0.600,0
7.719,-8.36,-20.71,-0.600,0
7.720,-8.36,-20.71,-0.600,0
7.720,-8.36,-20.71,-0.600,0
7.720,-8.36,-20.71,-0.600,0
7.720,-8.36,-20.67,-0.600,0
7.721,-8.36,-20.67,-0.600,0
7.721,-8.36,-20.67,-0.600,0
7.721,-8.36,-20.67,-0.600,0
7.721,-8.36,-20.64,-0.600,0
7.722,-8.36,-20.64,-0.600,0
7.722,-8.36,-20.64,-0.600,0
7.722,-8.36,-20.64,-0.600,0
7.722,-8.36,-20.61,-0.600,0
7.723,-8.36,-20.61,-0.600,0
7.723,-8.36,-20.61,-0.600,0
7.723,-8.36,-20.61,-0.600,0
7.723,-8.36,-20.57,-0.600,0
7.724,-8.36,-20.57,-0.600,0
7.724,-8.36,-20.57,-0.600,0
7.724,-8.36,-20.57,-0.600,0
7.724,-8.36,-20.57,-0.600,0
7.725,-8.36,-20.54,-0.600,0
7.725,-8.36,-20.54,-0.600,0
7.725,-8.36,-20.54,-0.600,0
7.726,-8.36,-20.51,-0.600,0
7.726,-8.36,-20.51,-0.600,0
7.726,-8.36,-20.51,-0.600,0
7.726,-8.36,-20.51,-0.600,0
7.727,-8.36,-20.48,-0.600,0
7.727,-8.36,-20.48,-0.600,0
7.727,-8.36,-20.48,-0.600,0
7.727,-8.36,-20.48,-0.600,0
7.728,-8.36,-20.44,-0.600,0
7.728,-8.36,-20.44,-0.600,0
7.728,-8.36,-20.44,-0.600,0
7.728,-8.36,-20.44,-0.600,0
7.729,-8.36,-20.41,-0.600,0
7.729,-8.36,-20.41,-0.600,0
7.729,-8.36,-20.41,-0.600,0
7.729,-8.36,-20.41,-0.600,0
7.730,-8.36,-20.38,-0.600,0
7.730,-8.36,-20.38,-0.600,0
7.730,-8.36,-20.38,-0.600,0
7.730,-8.36,-20.35,-0.600,0
7.731,-8.36,-20.35,-0.600,0
7.731,-8.36,-20.35,-0.600,0
7.731,-8.36,-20.35,-0.600,0
7.731,-8.36,-20.31,-0.600,0
7.732,-8.36,-20.31,-0.600,0
7.732,-8.36,-20.31,-0.600,0
7.732,-8.36,-20.31,-0.600,0
7.733,-8.36,-20.28,-0.600,0
7.733,-8.36,-20.28,-0.600,0
7.733,-8.36,-20.28,-0.600,0
7.733,-8.36,-20.28,-0.600,0
7.734,-8.36,-20.25,-0.600,0
7.734,-8.36,-20.25,-0.600,0
7.734,-8.36,-20.25,-0.600,0
7.734,-8.36,-20.25,-0.600,0
7.734,-8.36,-20.22,-0.600,0
7.735,-8.36,-20.22,-0.600,0
7.735,-8.36,-20.22,-0.600,0
7.735,-8.36,-20.22,-0.600,0
7.735,-8.36,-20.18,-0.600,0
7.736,-8.36,-20.18,-0.600,0
7.736,-8.36,-20.18,-0.600,0
7.736,-8.36,-20.18,-0.600,0
7.737,-8.36,-20.15,-0.600,0
7.737,-8.36,-20.15,-0.600,0
7.737,-8.36,-20.15,-0.600,0
7.738,-8.36,-20.12,-0.600,0
7.738,-8.36,-20.12,-0.600,0
7.738,-8.36,-20.12,-0.600,0
7.738,-8.36,-20.09,-0.600,0
7.739,-8.36,-20.09,-0.600,0
7.739,-8.36,-20.09,-0.600,0
7.739,-8.36,-20.09,-0.600,0
7.740,-8.36,-20.05,-0.600,0
7.740,-8.36,-20.05,-0.600,0
7.740,-8.36,-20.05,-0.600,0
7.740,-8.36,-20.05,-0.600,0
7.741,-8.36,-20.02,-0.600,0
7.741,-8.36,-20.02,-0.600,0
7.741,-8.36,-20.02,-0.600,0
7.741,-8.36,-20.02,-0.600,0
7.742,-8.36,-19.99,-0.600,0
7.742,-8.36,-19.99,-0.600,0
7.742,-8.36,-19.99,-0.600,0
7.742,-8.36,-19.99,-0.600,0
7.743,-8.36,-19.96,-0.600,0
7.743,-8.36,-19.96,-0.600,0
7.743,-8.36,-19.96,-0.600,0
7.743,-8.36,-19.96,-0.600,0
7.744,-8.36,-19.92,-0.600,0
7.744,-8.36,-19.92,-0.600,0
7.744,-8.36,-19.92,-0.600,0
7.744,-8.36,-19.92,-0.600,0
7.744,-8.36,-19.89,-0.600,0
7.745,-8.36,-19.89,-0.600,0
7.745,-8.36,-19.89,-0.600,0
7.745,-8.36,-19.89,-0.600,0
7.746,-8.36,-19.86,-0.600,0
7.746,-8.36,-19.86,-0.600,0
7.746,-8.36,-19.86,-0.600,0
7.747,-8.36,-19.82,-0.600,0
7.747,-8.36,-19.82,-0.600,0
7.747,-8.36,-19.82,-0.600,0
7.747,-8.36,-19.79,-0.600,0
7.748,-8.36,-19.79,-0.600,0
7.748,-8.36,-19.79,-0.600,0
7.748,-8.36,-19.79,-0.600,0
7.748,-8.36,-19.79,-0.600,0
7.748,-8.36,-19.76,-0.600,0
7.749,-8.36,-19.76,-0.600,0
7.749,-8.36,-19.76,-0.600,0
7.749,-8.36,-19.76,-0.600,0
7.749,-8.36,-19.73,-0.600,0
7.750,-8.36,-19.73,-0.600,0
7.750,-8.36,-19.73,-0.600,0
7.750,-8.36,-19.73,-0.600,0
7.750,-8.36,-19.73,-0.600,0
7.751,-8.36,-19.69,-0.600,0
7.751,-8.36,-19.69,-0.600,0
7.751,-8.36,-19.69,-0.600,0
7.751,-8.36,-19.69,-0.600,0
7.752,-8.36,-19.66,-0.600,0
7.752,-8.36,-19.66,-0.600,0
7.752,-8.36,-19.66,-0.600,0
7.752,-8.36,-19.66,-0.600,0
7.753,-8.36,-19.63,-0.600,0
7.753,-8.36,-19.63,-0.600,0
7.753,-8.36,-19.63,-0.600,0
7.753,-8.36,-19.60,-0.600,0
7.754,-8.36,-19.60,-0.600,0
7.754,-8.36,-19.60,-0.600,0
7.754,-8.36,-19.60,-0.600,0
7.754,-8.36,-19.60,-0.600,0
7.755,-8.36,-19.56,-0.600,0
7.755,-8.36,-19.56,-0.600,0
7.755,-8.36,-19.56,-0.600,0
7.755,-8.36,-19.53,-0.600,0
7.756,-8.36,-19.53,-0.600,0
7.756,-8.36,-19.53,-0.600,0
7.756,-8.36,-19.53,-0.600,0
7.756,-8.36,-19.50,-0.600,0
7.757,-8.36,-19.50,-0.600,0
7.757,-8.36,-19.50,-0.600,0
7.757,-8.36,-19.50,-0.600,0
7.757,-8.36,-19.47,-0.600,0
7.758,-8.36,-19.47,-0.600,0
7.758,-8.36,-19.47,-0.600,0
7.758,-8.36,-19.47,-0.600,0
7.758,-8.36,-19.47,-0.600,0
7.759,-8.36,-19.43,-0.600,0
7.759,-8.36,-19.43,-0.600,0
7.759,-8.36,-19.43,-0.600,0
7.760,-8.36,-19.40,-0.600,0
7.760,-8.36,-19.40,-0.600,0
7.760,-8.36,-19.40,-0.600,0
7.760,-8.36,-19.37,-0.600,0
7.761,-8.36,-19.37,-0.600,0
7.761,-8.36,-19.37,-0.600,0
7.761,-8.36,-19.37,-0.600,0
7.761,-8.36,-19.34,-0.600,0
7.762,-8.36,-19.34,-0.600,0
7.762,-8.36,-19.34,-0.600,0
7.762,-8.36,-19.34,-0.600,0
7.762,-8.36,-19.30,-0.600,0
7.763,-8.36,-19.30,-0.600,0
7.763,-8.36,-19.30,-0.600,0
7.763,-8.36,-19.30,-0.600,0
7.764,-8.36,-19.27,-0.600,0
7.764,-8.36,-19.27,-0.600,0
7.764,-8.36,-19.27,-0.600,0
7.764,-8.36,-19.27,-0.600,0
7.765,-8.36,-19.24,-0.600,0
7.765,-8.36,-19.24,-0.600,0
7.765,-8.36,-19.24,-0.600,0
7.766,-8.36,-19.20,-0.600,0
7.766,-8.36,-19.20,-0.600,0
7.767,-8.36,-19.17,-0.600,1
7.767,-12.18,-19.17,-0.600,0
7.767,-12.18,-19.14,-0.600,0
7.768,-12.18,-19.14,-0.600,0
7.768,-12.18,-19.14,-0.600,0
7.768,-12.18,-19.11,-0.600,0
7.769,-12.18,-19.11,-0.600,0
7.769,-12.18,-19.11,-0.600,0
7.769,-12.18,-19.11,-0.600,0
7.769,-12.18,-19.11,-0.600,0
7.770,-12.18,-19.07,-0.600,0
7.770,-12.18,-19.07,-0.600,0
7.770,-12.18,-19.07,-0.600,0
7.770,-12.18,-19.04,-0.600,0
7.771,-12.18,-19.04,-0.600,0
7.771,-12.18,-19.04,-0.600,0
7.771,-12.18,-19.04,-0.600,0
7.771,-12.18,-19.04,-0.600,0
7.772,-12.18,-19.01,-0.600,0
7.772,-12.18,-19.01,-0.600,0
7.772,-12.18,-19.01,-0.600,0
7.772,-12.18,-18.98,-0.600,0
7.773,-12.18,-18.98,-0.600,0
7.773,-12.18,-18.98,-0.600,0
7.773,-12.18,-18.98,-0.600,0
7.774,-12.18,-18.94,-0.600,0
7.774,-12.18,-18.94,-0.600,0
7.774,-12.18,-18.94,-0.600,0
7.774,-12.18,-18.94,-0.600,0
7.775,-12.18,-18.91,-0.600,0
7.775,-12.18,-18.91,-0.600,0
7.775,-12.18,-18.91,-0.600,0
7.775,-12.18,-18.91,-0.600,0
7.776,-12.18,-18.88,-0.600,0
7.776,-12.18,-18.88,-0.600,0
7.776,-12.18,-18.88,-0.600,0
7.776,-12.18,-18.88,-0.600,0
7.776,-12.18,-18.85,-0.600,0
7.777,-12.18,-18.85,-0.600,0
7.777,-12.18,-18.85,-0.600,0
7.777,-12.18,-18.85,-0.600,0
7.777,-12.18,-18.81,-0.600,0
7.778,-12.18,-18.81,-0.600,0
7.778,-12.18,-18.81,-0.600,0
7.778,-12.18,-18.81,-0.600,0
7.778,-12.18,-18.81,-0.600,0
7.778,-12.18,-18.78,-0.600,0
7.779,-12.18,-18.78,-0.600,0
7.779,-12.18,-18.78,-0.600,0
7.779,-12.18,-18.78,-0.600,0
7.779,-12.18,-18.78,-0.600,0
7.780,-12.18,-18.75,-0.600,0
7.780,-12.18,-18.75,-0.600,0
7.780,-12.18,-18.75,-0.600,0
7.780,-12.18,-18.75,-0.600,0
7.781,-12.18,-18.72,-0.600,0
7.781,-12.18,-18.72,-0.600,0
7.781,-12.18,-18.72,-0.600,0
7.781,-12.18,-18.72,-0.600,0
7.782,-12.18,-18.68,-0.600,0
7.782,-12.18,-18.68,-0.600,0
7.782,-12.18,-18.68,-0.600,0
7.783,-12.18,-18.65,-0.600,0
7.783,-12.18,-18.65,-0.600,0
7.783,-12.18,-18.65,-0.600,0
7.783,-12.18,-18.65,-0.600,0
7.783,-12.18,-18.62,-0.600,0
7.784,-12.18,-18.62,-0.600,0
7.784,-12.18,-18.62,-0.600,0
7.784,-12.18,-18.62,-0.600,0
7.784,-12.18,-18.59,-0.600,0
7.785,-12.18,-18.59,-0.600,0
7.785,-12.18,-18.59,-0.600,0
7.785,-12.18,-18.59,-0.600,0
7.785,-12.18,-18.55,-0.600,0
7.786,-12.18,-18.55,-0.600,0
7.786,-12.18,-18.55,-0.600,0
7.786,-12.18,-18.55,-0.600,0
7.786,-12.18,-18.52,-0.600,0
7.787,-12.18,-18.52,-0.600,0
7.787,-12.18,-18.52,-0.600,0
7.787,-12.18,-18.52,-0.600,0
7.787,-12.18,-18.52,-0.600,0
7.788,-12.18,-18.49,-0.600,0
7.788,-12.18,-18.49,-0.600,0
7.788,-12.18,-18.49,-0.600,0
7.788,-12.18,-18.45,-0.600,0
7.789,-12.18,-18.45,-0.600,0
7.789,-12.18,-18.45,-0.600,0
7.789,-12.18,-18.45,-0.600,0
7.789,-12.18,-18.45,-0.600,0
7.790,-12.18,-18.42,-0.600,0
7.790,-12.18,-18.42,-0.600,0
7.790,-12.18,-18.42,-0.600,0
7.790,-12.18,-18.42,-0.600,0
7.790,-12.18,-18.39,-0.600,0
7.791,-12.18,-18.39,-0.600,0
7.791,-12.18,-18.39,-0.600,0
7.791,-12.18,-18.39,-0.600,0
7.791,-12.18,-18.36,-0.600,0
7.792,-12.18,-18.36,-0.600,0
7.792,-12.18,-18.36,-0.600,0
7.792,-12.18,-18.36,-0.600,0
7.792,-12.18,-18.36,-0.600,0
7.793,-12.18,-18.32,-0.600,0
7.793,-12.18,-18.32,-0.600,0
7.793,-12.18,-18.32,-0.600,0
7.793,-12.18,-18.32,-0.600,0
7.794,-12.18,-18.29,-0.600,0
7.794,-12.18,-18.29,-0.600,0
7.794,-12.18,-18.29,-0.600,0
7.794,-12.18,-18.26,-0.600,0
7.795,-12.18,-18.26,-0.600,0
7.795,-12.18,-18.26,-0.600,0
7.795,-12.18,-18.26,-0.600,0
7.796,-12.18,-18.23,-0.600,0
7.796,-12.18,-18.23,-0.600,0
7.796,-12.18,-18.23,-0.600,0
7.796,-12.18,-18.23,-0.600,0
7.797,-12.18,-18.19,-0.600,0
7.797,-12.18,-18.19,-0.600,0
7.797,-12.18,-18.19,-0.600,0
7.797,-12.18,-18.19,-0.600,0
7.798,-12.18,-18.16,-0.600,0
7.798,-12.18,-18.16,-0.600,0
7.798,-12.18,-18.16,-0.600,0
7.798,-12.18,-18.16,-0.600,0
7.799,-12.18,-18.13,-0.600,0
7.799,-12.18,-18.13,-0.600,0
7.799,-12.18,-18.13,-0.600,0
7.799,-12.18,-18.10,-0.600,0
7.800,-12.18,-18.10,-0.600,0
7.800,-12.18,-18.10,-0.600,0
7.800,-12.18,-18.10,-0.600,0
7.800,-12.18,-18.06,-0.600,0
7.801,-12.18,-18.06,-0.600,0
7.801,-12.18,-18.06,-0.600,0
7.801,-12.18,-18.06,-0.600,0
7.802,-12.18,-18.03,-0.600,0
7.802,-12.18,-18.03,-0.600,0
7.802,-12.18,-18.03,-0.600,0
7.802,-12.18,-18.03,-0.600,0
7.803,-12.18,-18.00,-0.600,0
7.803,-12.18,-18.00,-0.600,0
7.803,-12.18,-18.00,-0.600,0
7.803,-12.18,-18.00,-0.600,0
7.803,-12.18,-17.97,-0.600,0
7.804,-12.18,-17.97,-0.600,0
7.804,-12.18,-17.97,-0.600,0
7.804,-12.18,-17.97,-0.600,0
7.804,-12.18,-17.93,-0.600,0
7.805,-12.18,-17.93,-0.600,0
7.805,-12.18,-17.93,-0.600,0
7.805,-12.18,-17.93,-0.600,0
7.805,-12.18,-17.93,-0.600,0
7.806,-12.18,-17.90,-0.600,0
7.806,-12.18,-17.90,-0.600,0
7.806,-12.18,-17.90,-0.600,0
7.806,-12.18,-17.90,-0.600,0
7.807,-12.18,-17.87,-0.600,0
7.807,-12.18,-17.87,-0.600,0
7.807,-12.18,-17.87,-0.600,0
7.807,-12.18,-17.87,-0.600,0
7.807,-12.18,-17.84,-0.600,0
7.808,-12.18,-17.84,-0.600,0
7.808,-12.18,-17.84,-0.600,0
7.808,-12.18,-17.84,-0.600,0
7.808,-12.18,-17.80,-0.600,0
7.809,-12.18,-17.80,-0.600,0
7.809,-12.18,-17.80,-0.600,0
7.809,-12.18,-17.80,-0.600,0
7.810,-12.18,-17.77,-0.600,0
7.810,-12.18,-17.77,-0.600,0
7.810,-12.18,-17.77,-0.600,0
7.810,-12.18,-17.77,-0.600,0
7.811,-12.18,-17.74,-0.600,0
7.811,-12.18,-17.74,-0.600,0
7.811,-12.18,-17.74,-0.600,0
7.811,-12.18,-17.74,-0.600,0
7.811,-12.18,-17.70,-0.600,0
7.812,-12.18,-17.70,-0.600,0
7.812,-12.18,-17.70,-0.600,0
7.812,-12.18,-17.70,-0.600,0
7.812,-12.18,-17.67,-0.600,0
7.813,-12.18,-17.67,-0.600,0
7.813,-12.18,-17.67,-0.600,0
7.813,-12.18,-17.67,-0.600,0
7.813,-12.18,-17.64,-0.600,0
7.814,-12.18,-17.64,-0.600,0
7.814,-12.18,-17.64,-0.600,0
7.814,-12.18,-17.64,-0.600,0
7.814,-12.18,-17.64,-0.600,0
7.815,-12.18,-17.61,-0.600,0
7.815,-12.18,-17.61,-0.600,0
7.815,-12.18,-17.61,-0.600,0
7.815,-12.18,-17.61,-0.600,0
7.816,-12.18,-17.57,-0.600,0
7.816,-12.18,-17.57,-0.600,0
7.816,-12.18,-17.57,-0.600,0
7.816,-12.18,-17.57,-0.600,0
7.816,-12.18,-17.54,-0.600,0
7.817,-12.18,-17.54,-0.600,0
7.817,-12.18,-17.54,-0.600,0
7.817,-12.18,-17.54,-0.600,0
7.817,-12.18,-17.51,-0.600,0
7.818,-12.18,-17.51,-0.600,0
7.818,-12.18,-17.51,-0.600,0
7.818,-12.18,-17.51,-0.600,0
7.818,-12.18,-17.48,-0.600,0
7.819,-12.18,-17.48,-0.600,0
7.819,-12.18,-17.48,-0.600,0
7.819,-12.18,-17.48,-0.600,0
7.819,-12.18,-17.44,-0.600,0
7.820,-12.18,-17.44,-0.600,0
7.820,-12.18,-17.44,-0.600,0
7.820,-12.18,-17.44,-0.600,0
7.820,-12.18,-17.41,-0.600,0
7.821,-12.18,-17.41,-0.600,0
7.821,-12.18,-17.41,-0.600,0
7.821,-12.18,-17.41,-0.600,0
7.821,-12.18,-17.38,-0.600,0
7.822,-12.18,-17.38,-0.600,0
7.822,-12.18,-17.38,-0.600,0
7.822,-12.18,-17.38,-0.600,0
7.823,-12.18,-17.35,-0.600,0
7.823,-12.18,-17.35,-0.600,0
7.823,-12.18,-17.35,-0.600,0
7.823,-12.18,-17.35,-0.600,0
7.823,-12.18,-17.31,-0.600,0
7.824,-12.18,-17.31,-0.600,0
7.824,-12.18,-17.31,-0.600,0
7.824,-12.18,-17.31,-0.600,0
7.824,-12.18,-17.28,-0.600,0
7.825,-12.18,-17.28,-0.600,0
7.825,-12.18,-17.28,-0.600,0
7.825,-12.18,-17.28,-0.600,0
7.825,-12.18,-17.28,-0.600,0
7.826,-12.18,-17.25,-0.600,0
7.826,-12.18,-17.25,-0.600,0
7.826,-12.18,-17.25,-0.600,0
7.826,-12.18,-17.25,-0.600,0
7.827,-12.18,-17.22,-0.600,0
7.827,-12.18,-17.22,-0.600,0
7.827,-12.18,-17.22,-0.600,0
7.827,-12.18,-17.22,-0.600,0
7.828,-12.18,-17.18,-0.600,0
7.828,-12.18,-17.18,-0.600,0
7.828,-12.18,-17.18,-0.600,0
7.828,-12.18,-17.15,-0.600,0
7.829,-12.18,-17.15,-0.600,0
7.829,-12.18,-17.15,-0.600,0
7.829,-12.18,-17.15,-0.600,0
7.830,-12.18,-17.12,-0.600,0
7.830,-12.18,-17.12,-0.600,0
7.830,-12.18,-17.12,-0.600,0
7.830,-12.18,-17.12,-0.600,0
7.831,-12.18,-17.08,-0.600,0
7.831,-12.18,-17.08,-0.600,0
7.831,-12.18,-17.08,-0.600,0
7.831,-12.18,-17.08,-0.600,0
7.832,-12.18,-17.05,-0.600,0
7.832,-12.18,-17.05,-0.600,0
7.832,-12.18,-17.05,-0.600,0
7.832,-12.18,-17.05,-0.600,0
7.832,-12.18,-17.02,-0.600,0
7.833,-12.18,-17.02,-0.600,0
7.833,-12.18,-17.02,-0.600,0
7.833,-12.18,-17.02,-0.600,0
7.834,-12.18,-16.99,-0.600,0
7.834,-12.18,-16.99,-0.600,0
7.834,-12.18,-16.99,-0.600,0
7.834,-12.18,-16.99,-0.600,0
7.834,-12.18,-16.95,-0.600,0
7.835,-12.18,-16.95,-0.600,0
7.835,-12.18,-16.95,-0.600,0
7.835,-12.18,-16.95,-0.600,0
7.835,-12.18,-16.92,-0.600,0
7.836,-12.18,-16.92,-0.600,0
7.836,-12.18,-16.92,-0.600,0
7.836,-12.18,-16.92,-0.600,0
7.836,-12.18,-16.92,-0.600,0
7.837,-12.18,-16.89,-0.600,0
7.837,-12.18,-16.89,-0.600,0
7.837,-12.18,-16.89,-0.600,0
7.837,-12.18,-16.89,-0.600,0
7.838,-12.18,-16.86,-0.600,0
7.838,-12.18,-16.86,-0.600,0
7.838,-12.18,-16.86,-0.600,0
7.838,-12.18,-16.86,-0.600,0
7.838,-12.18,-16.82,-0.600,0
7.839,-12.18,-16.82,-0.600,0
7.839,-12.18,-16.82,-0.600,0
7.839,-12.18,-16.82,-0.600,0
7.839,-12.18,-16.82,-0.600,0
7.840,-12.18,-16.79,-0.600,0
7.840,-12.18,-16.79,-0.600,0
7.840,-12.18,-16.79,-0.600,0
7.840,-12.18,-16.79,-0.600,0
7.840,-12.18,-16.79,-0.600,0
7.841,-12.18,-16.76,-0.600,0
7.841,-12.18,-16.76,-0.600,0
7.841,-12.18,-16.76,-0.600,0
7.841,-12.18,-16.76,-0.600,0
7.842,-12.18,-16.73,-0.600,0
7.842,-12.18,-16.73,-0.600,0
7.842,-12.18,-16.73,-0.600,0
7.842,-12.18,-16.69,-0.600,0
7.843,-12.18,-16.69,-0.600,0
7.843,-12.18,-16.69,-0.600,0
7.843,-12.18,-16.69,-0.600,0
7.843,-12.18,-16.66,-0.600,0
7.844,-12.18,-16.66,-0.600,0
7.844,-12.18,-16.66,-0.600,0
7.844,-12.18,-16.66,-0.600,0
7.844,-12.18,-16.63,-0.600,0
7.845,-12.18,-16.63,-0.600,0
7.845,-12.18,-16.63,-0.600,0
7.845,-12.18,-16.63,-0.600,0
7.845,-12.18,-16.60,-0.600,0
7.846,-12.18,-16.60,-0.600,0
7.846,-12.18,-16.60,-0.600,0
7.846,-12.18,-16.60,-0.600,0
7.846,-12.18,-16.60,-0.600,0
7.847,-12.18,-16.56,-0.600,0
7.847,-12.18,-16.56,-0.600,0
7.847,-12.18,-16.56,-0.600,0
7.847,-12.18,-16.56,-0.600,0
7.847,-12.18,-16.53,-0.600,0
7.848,-12.18,-16.53,-0.600,0
7.848,-12.18,-16.53,-0.600,0
7.848,-12.18,-16.53,-0.600,0
7.848,-12.18,-16.53,-0.600,0
7.849,-12.18,-16.50,-0.600,0
7.849,-12.18,-16.50,-0.600,0
7.849,-12.18,-16.50,-0.600,0
7.849,-12.18,-16.50,-0.600,0
7.850,-12.18,-16.46,-0.600,0
7.850,-12.18,-16.46,-0.600,0
7.850,-12.18,-16.46,-0.600,0
7.850,-12.18,-16.46,-0.600,0
7.850,-12.18,-16.43,-0.600,0
7.851,-12.18,-16.43,-0.600,0
7.851,-12.18,-16.43,-0.600,0
7.851,-12.18,-16.43,-0.600,0
7.851,-12.18,-16.40,-0.600,0
7.852,-12.18,-16.40,-0.600,0
7.852,-12.18,-16.40,-0.600,0
7.852,-12.18,-16.40,-0.600,0
7.852,-12.18,-16.40,-0.600,0
7.853,-12.18,-16.37,-0.600,0
7.853,-12.18,-16.37,-0.600,0
7.853,-12.18,-16.37,-0.600,0
7.853,-12.18,-16.37,-0.600,0
7.853,-12.18,-16.34,-0.600,0
7.854,-12.18,-16.34,-0.600,0
7.854,-12.18,-16.34,-0.600,0
7.854,-12.18,-16.34,-0.600,0
7.854,-12.18,-16.30,-0.600,0
7.855,-12.18,-16.30,-0.600,0
7.855,-12.18,-16.30,-0.600,0
7.855,-12.18,-16.30,-0.600,0
7.855,-12.18,-16.27,-0.600,0
7.856,-12.18,-16.27,-0.600,0
7.856,-12.18,-16.27,-0.600,0
7.856,-12.18,-16.27,-0.600,0
7.856,-12.18,-16.27,-0.600,0
7.857,-12.18,-16.24,-0.600,0
7.857,-12.18,-16.24,-0.600,0
7.857,-12.18,-16.24,-0.600,0
7.857,-12.18,-16.24,-0.600,0
7.858,-12.18,-16.20,-0.600,0
7.858,-12.18,-16.20,-0.600,0
7.858,-12.18,-16.20,-0.600,0
7.858,-12.18,-16.20,-0.600,0
7.858,-12.18,-16.17,-0.600,0
7.859,-12.18,-16.17,-0.600,0
7.859,-12.18,-16.17,-0.600,0
7.859,-12.18,-16.17,-0.600,0
7.859,-12.18,-16.17,-0.600,0
7.860,-12.18,-16.14,-0.600,0
7.860,-12.18,-16.14,-0.600,0
7.860,-12.18,-16.14,-0.600,0
7.860,-12.18,-16.14,-0.600,0
7.861,-12.18,-16.11,-0.600,0
7.861,-12.18,-16.11,-0.600,0
7.861,-12.18,-16.11,-0.600,0
7.861,-12.18,-16.11,-0.600,0
7.862,-12.18,-16.07,-0.600,0
7.862,-12.18,-16.07,-0.600,0
7.862,-12.18,-16.07,-0.600,0
7.862,-12.18,-16.07,-0.600,0
7.863,-12.18,-16.04,-0.600,0
7.863,-12.18,-16.04,-0.600,0
7.863,-12.18,-16.04,-0.600,0
7.863,-12.18,-16.04,-0.600,0
7.864,-12.18,-16.01,-0.600,0
7.864,-12.18,-16.01,-0.600,0
7.864,-12.18,-16.01,-0.600,0
7.865,-12.18,-15.98,-0.600,0
7.865,-12.18,-15.98,-0.600,0
7.865,-12.18,-15.98,-0.600,0
7.865,-12.18,-15.98,-0.600,0
7.865,-12.18,-15.94,-0.600,0
7.866,-12.18,-15.94,-0.600,0
7.866,-12.18,-15.94,-0.600,0
7.866,-12.18,-15.94,-0.600,0
7.866,-12.18,-15.91,-0.600,0
7.867,-12.18,-15.91,-0.600,0
7.867,-12.18,-15.91,-0.600,0
7.867,-12.18,-15.91,-0.600,0
7.867,-12.18,-15.88,-0.600,0
7.868,-12.18,-15.88,-0.600,0
7.868,-12.18,-15.88,-0.600,0
7.868,-12.18,-15.88,-0.600,0
7.868,-12.18,-15.88,-0.600,0
7.868,-12.18,-15.84,-0.600,0
7.869,-12.18,-15.84,-0.600,0
7.869,-12.18,-15.84,-0.600,0
7.869,-12.18,-15.84,-0.600,0
7.869,-12.18,-15.81,-0.600,0
7.870,-12.18,-15.81,-0.600,0
7.870,-12.18,-15.81,-0.600,0
7.870,-12.18,-15.81,-0.600,0
7.870,-12.18,-15.78,-0.600,0
7.871,-12.18,-15.78,-0.600,0
7.871,-12.18,-15.78,-0.600,0
7.871,-12.18,-15.78,-0.600,0
7.871,-12.18,-15.78,-0.600,0
7.872,-12.18,-15.75,-0.600,0
7.872,-12.18,-15.75,-0.600,0
7.872,-12.18,-15.75,-0.600,0
7.872,-12.18,-15.75,-0.600,0
7.873,-12.18,-15.71,-0.600,0
7.873,-12.18,-15.71,-0.600,0
7.873,-12.18,-15.71,-0.600,0
7.873,-12.18,-15.71,-0.600,0
7.873,-12.18,-15.68,-0.600,0
7.874,-12.18,-15.68,-0.600,0
7.874,-12.18,-15.68,-0.600,0
7.874,-12.18,-15.68,-0.600,0
7.874,-12.18,-15.68,-0.600,0
7.875,-12.18,-15.65,-0.600,0
7.875,-12.18,-15.65,-0.600,0
7.875,-12.18,-15.65,-0.600,0
7.875,-12.18,-15.65,-0.600,0
7.876,-12.18,-15.62,-0.600,0
7.876,-12.18,-15.62,-0.600,0
7.876,-12.18,-15.62,-0.600,0
7.876,-12.18,-15.62,-0.600,0
7.876,-12.18,-15.58,-0.600,0
7.877,-12.18,-15.58,-0.600,0
7.877,-12.18,-15.58,-0.600,0
7.877,-12.18,-15.58,-0.600,0
7.877,-12.18,-15.55,-0.600,0
7.878,-12.18,-15.55,-0.600,0
7.878,-12.18,-15.55,-0.600,0
7.878,-12.18,-15.55,-0.600,0
7.878,-12.18,-15.52,-0.600,0
7.879,-12.18,-15.52,-0.600,0
7.879,-12.18,-15.52,-0.600,0
7.879,-12.18,-15.52,-0.600,0
7.879,-12.18,-15.52,-0.600,0
7.880,-12.18,-15.49,-0.600,0
7.880,-12.18,-15.49,-0.600,0
7.880,-12.18,-15.49,-0.600,0
7.880,-12.18,-15.49,-0.600,0
7.880,-12.18,-15.45,-0.600,0
7.881,-12.18,-15.45,-0.600,0
7.881,-12.18,-15.45,-0.600,0
7.881,-12.18,-15.45,-0.600,0
7.881,-12.18,-15.42,-0.600,0
7.882,-12.18,-15.42,-0.600,0
7.882,-12.18,-15.42,-0.600,0
7.882,-12.18,-15.42,-0.600,0
7.882,-12.18,-15.42,-0.600,0
7.883,-12.18,-15.39,-0.600,0
7.883,-12.18,-15.39,-0.600,0
7.883,-12.18,-15.39,-0.600,0
7.883,-12.18,-15.39,-0.600,0
7.883,-12.18,-15.36,-0.600,0
7.884,-12.18,-15.36,-0.600,0
7.884,-12.18,-15.36,-0.600,0
7.884,-12.18,-15.36,-0.600,0
7.885,-12.18,-15.32,-0.600,0
7.885,-12.18,-15.32,-0.600,0
7.885,-12.18,-15.32,-0.600,0
7.885,-12.18,-15.32,-0.600,0
7.886,-12.18,-15.29,-0.600,0
7.886,-12.18,-15.29,-0.600,0
7.886,-12.18,-15.29,-0.600,0
7.886,-12.18,-15.29,-0.600,0
7.886,-12.18,-15.26,-0.600,0
7.887,-12.18,-15.26,-0.600,0
7.887,-12.18,-15.26,-0.600,0
7.887,-12.18,-15.26,-0.600,0
7.887,-12.18,-15.23,-0.600,0
7.888,-12.18,-15.23,-0.600,0
7.888,-12.18,-15.23,-0.600,0
7.888,-12.18,-15.23,-0.600,0
7.888,-12.18,-15.23,-0.600,0
7.889,-12.18,-15.19,-0.600,0
7.889,-12.18,-15.19,-0.600,0
7.889,-12.18,-15.19,-0.600,0
7.889,-12.18,-15.19,-0.600,0
7.889,-12.18,-15.16,-0.600,0
7.890,-12.18,-15.16,-0.600,0
7.890,-12.18,-15.16,-0.600,0
7.890,-12.18,-15.16,-0.600,0
7.890,-12.18,-15.13,-0.600,0
7.891,-12.18,-15.13,-0.600,0
7.891,-12.18,-15.13,-0.600,0
7.891,-12.18,-15.13,-0.600,0
7.891,-12.18,-15.09,-0.600,0
7.892,-12.18,-15.09,-0.600,0
7.892,-12.18,-15.09,-0.600,0
7.892,-12.18,-15.09,-0.600,0
7.892,-12.18,-15.09,-0.600,0
7.893,-12.18,-15.06,-0.600,0
7.893,-12.18,-15.06,-0.600,0
7.893,-12.18,-15.06,-0.600,0
7.893,-12.18,-15.06,-0.600,0
7.893,-12.18,-15.03,-0.600,0
7.894,-12.18,-15.03,-0.600,0
7.894,-12.18,-15.03,-0.600,0
7.894,-12.18,-15.03,-0.600,0
7.894,-12.18,-15.00,-0.600,0
7.895,-12.18,-15.00,-0.600,0
7.895,-12.18,-15.00,-0.600,0
7.895,-12.18,-15.00,-0.600,0
7.895,-12.18,-14.96,-0.600,0
7.896,-12.18,-14.96,-0.600,0
7.896,-12.18,-14.96,-0.600,0
7.896,-12.18,-14.96,-0.600,0
7.896,-12.18,-14.93,-0.600,0
7.897,-12.18,-14.93,-0.600,0
7.897,-12.18,-14.93,-0.600,0
7.897,-12.18,-14.93,-0.600,0
7.898,-12.18,-14.90,-0.600,0
7.898,-12.18,-14.90,-0.600,0
7.898,-12.18,-14.90,-0.600,0
7.898,-12.18,-14.90,-0.600,0
7.899,-12.18,-14.87,-0.600,0
7.899,-12.18,-14.87,-0.600,0
7.899,-12.18,-14.87,-0.600,0
7.899,-12.18,-14.83,-0.600,0
7.900,-12.18,-14.83,-0.600,0
7.900,-12.18,-14.83,-0.600,0
7.900,-12.18,-14.83,-0.600,0
7.900,-12.18,-14.80,-0.600,0
7.901,-12.18,-14.80,-0.600,0
7.901,-12.18,-14.80,-0.600,0
7.901,-12.18,-14.80,-0.600,0
7.901,-12.18,-14.77,-0.600,0
7.902,-12.18,-14.77,-0.600,0
7.902,-12.18,-14.77,-0.600,0
7.902,-12.18,-14.77,-0.600,0
7.902,-12.18,-14.74,-0.600,0
7.903,-12.18,-14.74,-0.600,0
7.903,-12.18,-14.74,-0.600,0
7.903,-12.18,-14.74,-0.600,0
7.903,-12.18,-14.70,-0.600,0
7.904,-12.18,-14.70,-0.600,0
7.904,-12.18,-14.70,-0.600,0
7.904,-12.18,-14.70,-0.600,0
7.905,-12.18,-14.67,-0.600,0
7.905,-12.18,-14.67,-0.600,0
7.905,-12.18,-14.64,-0.600,0
7.906,-12.18,-14.64,-0.600,0
7.906,-12.18,-14.64,-0.600,0
7.906,-12.18,-14.64,-0.600,0
7.906,-12.18,-14.60,-0.600,0
7.907,-12.18,-14.60,-0.600,0
7.907,-12.18,-14.60,-0.600,0
7.907,-12.18,-14.60,-0.600,0
7.907,-12.18,-14.57,-0.600,0
7.908,-12.18,-14.57,-0.600,0
7.908,-12.18,-14.57,-0.600,0
7.908,-12.18,-14.57,-0.600,0
7.908,-12.18,-14.54,-0.600,0
7.909,-12.18,-14.54,-0.600,0
7.909,-12.18,-14.54,-0.600,0
7.909,-12.18,-14.54,-0.600,0
7.909,-12.18,-14.51,-0.600,0
7.910,-12.18,-14.51,-0.600,0
7.910,-12.18,-14.51,-0.600,0
7.910,-12.18,-14.51,-0.600,0
7.910,-12.18,-14.47,-0.600,0
7.911,-12.18,-14.47,-0.600,0
7.911,-12.18,-14.47,-0.600,0
7.911,-12.18,-14.47,-0.600,0
7.911,-12.18,-14.44,-0.600,0
7.912,-12.18,-14.44,-0.600,0
7.912,-12.18,-14.44,-0.600,0
7.912,-12.18,-14.44,-0.600,0
7.913,-12.18,-14.41,-0.600,0
7.913,-12.18,-14.41,-0.600,0
7.913,-12.18,-14.41,-0.600,0
7.913,-12.18,-14.38,-0.600,0
7.914,-12.18,-14.38,-0.600,0
7.914,-12.18,-14.38,-0.600,0
7.914,-12.18,-14.38,-0.600,0
7.914,-12.18,-14.34,-0.600,0
7.915,-12.18,-14.34,-0.600,0
7.915,-12.18,-14.34,-0.600,0
7.915,-12.18,-14.34,-0.600,0
7.915,-12.18,-14.31,-0.600,0
7.916,-12.18,-14.31,-0.600,0
7.916,-12.18,-14.31,-0.600,0
7.916,-12.18,-14.31,-0.600,0
7.916,-12.18,-14.31,-0.600,0
7.917,-12.18,-14.28,-0.600,0
7.917,-12.18,-14.28,-0.600,0
7.917,-12.18,-14.28,-0.600,0
7.917,-12.18,-14.28,-0.600,0
7.917,-12.18,-14.25,-0.600,0
7.918,-12.18,-14.25,-0.600,0
7.918,-12.18,-14.25,-0.600,0
7.919,-12.18,-14.21,-0.600,0
7.919,-12.18,-14.21,-0.600,0
7.919,-12.18,-14.21,-0.600,0
7.919,-12.18,-14.21,-0.600,0
7.920,-12.18,-14.18,-0.600,0
7.920,-12.18,-14.18,-0.600,0
7.920,-12.18,-14.18,-0.600,0
7.920,-12.18,-14.15,-0.600,0
7.921,-12.18,-14.15,-0.600,0
7.921,-12.18,-14.15,-0.600,0
7.921,-12.18,-14.15,-0.600,0
7.921,-12.18,-14.12,-0.600,0
7.922,-12.18,-14.12,-0.600,0
7.922,-12.18,-14.12,-0.600,0
7.922,-12.18,-14.12,-0.600,0
7.922,-12.18,-14.08,-0.600,0
7.923,-12.18,-14.08,-0.600,0
7.923,-12.18,-14.08,-0.600,0
7.923,-12.18,-14.08,-0.600,0
7.923,-12.18,-14.05,-0.600,0
7.924,-12.18,-14.05,-0.600,0
7.924,-12.18,-14.05,-0.600,0
7.924,-12.18,-14.05,-0.600,0
7.924,-12.18,-14.02,-0.600,0
7.925,-12.18,-14.02,-0.600,0
7.925,-12.18,-14.02,-0.600,0
7.925,-12.18,-14.02,-0.600,0
7.926,-12.18,-13.98,-0.600,0
7.926,-12.18,-13.98,-0.600,0
7.926,-12.18,-13.98,-0.600,0
7.926,-12.18,-13.95,-0.600,0
7.927,-12.18,-13.95,-0.600,0
7.927,-12.18,-13.95,-0.600,0
7.927,-12.18,-13.95,-0.600,0
7.927,-12.18,-13.92,-0.600,0
7.928,-12.18,-13.92,-0.600,0
7.928,-12.18,-13.92,-0.600,0
7.928,-12.18,-13.92,-0.600,0
7.928,-12.18,-13.89,-0.600,0
7.929,-12.18,-13.89,-0.600,0
7.929,-12.18,-13.89,-0.600,0
7.929,-12.18,-13.89,-0.600,0
7.929,-12.18,-13.86,-0.600,0
7.930,-12.18,-13.86,-0.600,0
7.930,-12.18,-13.86,-0.600,0
7.930,-12.18,-13.86,-0.600,0
7.930,-12.18,-13.82,-0.600,0
7.931,-12.18,-13.82,-0.600,0
7.931,-12.18,-13.82,-0.600,0
7.931,-12.18,-13.82,-0.600,0
7.932,-12.18,-13.79,-0.600,0
7.932,-12.18,-13.79,-0.600,0
7.932,-12.18,-13.79,-0.600,0
7.932,-12.18,-13.76,-0.600,0
7.933,-12.18,-13.76,-0.600,0
7.933,-12.18,-13.76,-0.600,0
7.933,-12.18,-13.76,-0.600,0
7.933,-12.18,-13.72,-0.600,0
7.934,-12.18,-13.72,-0.600,0
7.934,-12.18,-13.72,-0.600,0
7.934,-12.18,-13.72,-0.600,0
7.934,-12.18,-13.69,-0.600,0
7.935,-12.18,-13.69,-0.600,0
7.935,-12.18,-13.69,-0.600,0
7.935,-12.18,-13.69,-0.600,0
7.935,-12.18,-13.66,-0.600,0
7.936,-12.18,-13.66,-0.600,0
7.936,-12.18,-13.66,-0.600,0
7.936,-12.18,-13.66,-0.600,0
7.936,-12.18,-13.66,-0.600,0
7.937,-12.18,-13.63,-0.600,0
7.937,-12.18,-13.63,-0.600,0
7.937,-12.18,-13.63,-0.600,0
7.937,-12.18,-13.63,-0.600,0
7.938,-12.18,-13.59,-0.600,0
7.938,-12.18,-13.59,-0.600,0
7.938,-12.18,-13.59,-0.600,0
7.938,-12.18,-13.59,-0.600,0
7.939,-12.18,-13.56,-0.600,0
7.939,-12.18,-13.56,-0.600,0
7.939,-12.18,-13.56,-0.600,0
7.939,-12.18,-13.53,-0.600,0
7.940,-12.18,-13.53,-0.600,0
7.940,-12.18,-13.53,-0.600,0
7.940,-12.18,-13.53,-0.600,0
7.940,-12.18,-13.50,-0.600,0
7.941,-12.18,-13.50,-0.600,0
7.941,-12.18,-13.50,-0.600,0
7.941,-12.18,-13.46,-0.600,0
7.942,-12.18,-13.46,-0.600,0
7.942,-12.18,-13.46,-0.600,0
7.942,-12.18,-13.46,-0.600,0
7.942,-12.18,-13.46,-0.600,0
7.943,-12.18,-13.43,-0.600,0
7.943,-12.18,-13.43,-0.600,0
7.943,-12.18,-13.43,-0.600,0
7.943,-12.18,-13.43,-0.600,0
7.944,-12.18,-13.40,-0.600,0
7.944,-12.18,-13.40,-0.600,0
7.944,-12.18,-13.40,-0.600,0
7.944,-12.18,-13.40,-0.600,0
7.944,-12.18,-13.37,-0.600,0
7.945,-12.18,-13.37,-0.600,0
7.945,-12.18,-13.37,-0.600,0
7.945,-12.18,-13.37,-0.600,0
7.945,-12.18,-13.33,-0.600,0
7.946,-12.18,-13.33,-0.600,0
7.946,-12.18,-13.33,-0.600,0
7.946,-12.18,-13.33,-0.600,0
7.946,-12.18,-13.30,-0.600,0
7.947,-12.18,-13.30,-0.600,0
7.947,-12.18,-13.30,-0.600,0
7.947,-12.18,-13.30,-0.600,0
7.947,-12.18,-13.27,-0.600,0
7.948,-12.18,-13.27,-0.600,0
7.948,-12.18,-13.27,-0.600,0
7.948,-12.18,-13.27,-0.600,0
7.948,-12.18,-13.24,-0.600,0
7.949,-12.18,-13.24,-0.600,0
7.949,-12.18,-13.24,-0.600,0
7.949,-12.18,-13.24,-0.600,0
7.949,-12.18,-13.24,-0.600,0
7.950,-12.18,-13.20,-0.600,0
7.950,-12.18,-13.20,-0.600,0
7.950,-12.18,-13.20,-0.600,0
7.950,-12.18,-13.20,-0.600,0
7.951,-12.18,-13.17,-0.600,0
7.951,-12.18,-13.17,-0.600,0
7.951,-12.18,-13.17,-0.600,0
7.951,-12.18,-13.17,-0.600,0
7.951,-12.18,-13.14,-0.600,0
7.952,-12.18,-13.14,-0.600,0
7.952,-12.18,-13.14,-0.600,0
7.952,-12.18,-13.14,-0.600,0
7.952,-12.18,-13.14,-0.600,0
7.953,-12.18,-13.10,-0.600,0
7.953,-12.18,-13.10,-0.600,0
7.953,-12.18,-13.10,-0.600,0
7.954,-12.18,-13.10,-0.600,0
7.954,-12.18,-13.07,-0.600,0
7.955,-12.18,-13.04,-0.600,0
7.955,-12.18,-13.04,-0.600,0
7.955,-12.18,-13.04,-0.600,0
7.955,-12.18,-13.01,-0.600,0
7.956,-12.18,-13.01,-0.600,0
7.956,-12.18,-13.01,-0.600,0
7.956,-12.18,-13.01,-0.600,0
7.956,-12.18,-13.01,-0.600,0
7.957,-12.18,-12.97,-0.600,0
7.957,-12.18,-12.97,-0.600,0
7.957,-12.18,-12.97,-0.600,0
7.957,-12.18,-12.97,-0.600,0
7.958,-12.18,-12.94,-0.600,0
7.958,-12.18,-12.94,-0.600,0
7.958,-12.18,-12.94,-0.600,0
7.958,-12.18,-12.94,-0.600,0
7.959,-12.18,-12.91,-0.600,0
7.959,-12.18,-12.91,-0.600,0
7.959,-12.18,-12.91,-0.600,0
7.959,-12.18,-12.91,-0.600,0
7.960,-12.18,-12.88,-0.600,0
7.960,-12.18,-12.88,-0.600,0
7.960,-12.18,-12.88,-0.600,0
7.960,-12.18,-12.84,-0.600,0
7.961,-12.18,-12.84,-0.600,0
7.961,-12.18,-12.84,-0.600,0
7.961,-12.18,-12.84,-0.600,0
7.962,-12.18,-12.81,-0.600,0
7.962,-12.18,-12.81,-0.600,0
7.962,-12.18,-12.81,-0.600,0
7.962,-12.18,-12.78,-0.600,0
7.963,-12.18,-12.78,-0.600,0
7.963,-12.18,-12.78,-0.600,0
7.963,-12.18,-12.78,-0.600,0
7.963,-12.18,-12.75,-0.600,0
7.964,-12.18,-12.75,-0.600,0
7.964,-12.18,-12.75,-0.600,0
7.964,-12.18,-12.75,-0.600,0
7.964,-12.18,-12.75,-0.600,0
7.965,-12.18,-12.71,-0.600,0
7.965,-12.18,-12.71,-0.600,0
7.965,-12.18,-12.71,-0.600,0
7.965,-12.18,-12.71,-0.600,0
7.966,-12.18,-12.68,-0.600,0
7.966,-12.18,-12.68,-0.600,0
7.966,-12.18,-12.68,-0.600,0
7.966,-12.18,-12.65,-0.600,0
7.967,-12.18,-12.65,-0.600,0
7.967,-12.18,-12.65,-0.600,0
7.967,-12.18,-12.65,-0.600,0
7.968,-12.18,-12.62,-0.600,0
7.968,-12.18,-12.62,-0.600,0
7.968,-12.18,-12.62,-0.600,0
7.969,-12.18,-12.58,-0.600,0
7.969,-12.18,-12.58,-0.600,0
7.969,-12.18,-12.58,-0.600,0
7.969,-12.18,-12.58,-0.600,0
7.969,-12.18,-12.55,-0.600,0
7.970,-12.18,-12.55,-0.600,0
7.970,-12.18,-12.55,-0.600,0
7.970,-12.18,-12.55,-0.600,0
7.970,-12.18,-12.52,-0.600,0
7.971,-12.18,-12.52,-0.600,0
7.971,-12.18,-12.52,-0.600,0
7.971,-12.18,-12.52,-0.600,0
7.971,-12.18,-12.52,-0.600,0
7.972,-12.18,-12.48,-0.600,0
7.972,-12.18,-12.48,-0.600,0
7.972,-12.18,-12.48,-0.600,0
7.972,-12.18,-12.45,-0.600,0
7.973,-12.18,-12.45,-0.600,0
7.973,-12.18,-12.45,-0.600,0
7.973,-12.18,-12.42,-0.600,0
7.974,-12.18,-12.42,-0.600,0
7.974,-12.18,-12.42,-0.600,0
7.974,-12.18,-12.42,-0.600,0
7.975,-12.18,-12.39,-0.600,0
7.975,-12.18,-12.39,-0.600,0
7.975,-12.18,-12.39,-0.600,0
7.975,-12.18,-12.39,-0.600,0
7.976,-12.18,-12.35,-0.600,0
7.976,-12.18,-12.35,-0.600,0
7.976,-12.18,-12.35,-0.600,0
7.976,-12.18,-12.35,-0.600,0
7.977,-12.18,-12.32,-0.600,0
7.977,-12.18,-12.32,-0.600,0
7.977,-12.18,-12.32,-0.600,0
7.977,-12.18,-12.32,-0.600,0
7.978,-12.18,-12.29,-0.600,0
7.978,-12.18,-12.29,-0.600,0
7.978,-12.18,-12.29,-0.600,0
7.978,-12.18,-12.29,-0.600,0
7.979,-12.18,-12.26,-0.600,0
7.979,-12.18,-12.26,-0.600,0
7.979,-12.18,-12.26,-0.600,0
7.979,-12.18,-12.26,-0.600,0
7.980,-12.18,-12.22,-0.600,0
7.980,-12.18,-12.22,-0.600,0
7.980,-12.18,-12.22,-0.600,0
7.980,-12.18,-12.19,-0.600,0
7.981,-12.18,-12.19,-0.600,0
7.981,-12.18,-12.19,-0.600,0
7.981,-12.18,-12.19,-0.600,0
7.982,-12.18,-12.16,-0.600,0
7.982,-12.18,-12.16,-0.600,0
7.982,-12.18,-12.16,-0.600,0
7.982,-12.18,-12.13,-0.600,0
7.983,-12.18,-12.13,-0.600,0
7.983,-12.18,-12.13,-0.600,0
7.983,-12.18,-12.13,-0.600,0
7.983,-12.18,-12.09,-0.600,0
7.984,-12.18,-12.09,-0.600,0
7.984,-12.18,-12.09,-0.600,0
7.984,-12.18,-12.09,-0.600,0
7.984,-12.18,-12.06,-0.600,0
7.985,-12.18,-12.06,-0.600,0
7.985,-12.18,-12.06,-0.600,0
7.985,-12.18,-12.06,-0.600,0
7.985,-12.18,-12.03,-0.600,0
7.986,-12.18,-12.03,-0.600,0
7.986,-12.18,-12.03,-0.600,0
7.986,-12.18,-12.03,-0.600,0
7.986,-12.18,-12.03,-0.600,0
7.987,-12.18,-12.00,-0.600,0
7.987,-12.18,-12.00,-0.600,0
7.987,-12.18,-12.00,-0.600,0
7.987,-12.18,-11.96,-0.600,0
7.988,-12.18,-11.96,-0.600,0
7.988,-12.18,-11.96,-0.600,0
7.988,-12.18,-11.96,-0.600,0
7.988,-12.18,-11.93,-0.600,0
7.989,-12.18,-11.93,-0.600,0
7.989,-12.18,-11.93,-0.600,0
7.989,-12.18,-11.93,-0.600,0
7.990,-12.18,-11.90,-0.600,0
7.990,-12.18,-11.90,-0.600,0
7.990,-12.18,-11.90,-0.600,0
7.990,-12.18,-11.90,-0.600,0
7.991,-12.18,-11.87,-0.600,0
7.991,-12.18,-11.87,-0.600,0
7.991,-12.18,-11.87,-0.600,0
7.991,-12.18,-11.87,-0.600,0
7.992,-12.18,-11.83,-0.600,0
7.992,-12.18,-11.83,-0.600,0
7.992,-12.18,-11.83,-0.600,0
7.992,-12.18,-11.83,-0.600,0
7.993,-12.18,-11.80,-0.600,0
7.993,-12.18,-11.80,-0.600,0
7.993,-12.18,-11.80,-0.600,0
7.993,-12.18,-11.80,-0.600,0
7.994,-12.18,-11.77,-0.600,0
7.994,-12.18,-11.77,-0.600,0
7.994,-12.18,-11.77,-0.600,0
7.994,-12.18,-11.77,-0.600,0
7.995,-12.18,-11.74,-0.600,0
7.995,-12.18,-11.74,-0.600,0
7.995,-12.18,-11.74,-0.600,0
7.995,-12.18,-11.74,-0.600,0
7.996,-12.18,-11.70,-0.600,0
7.996,-12.18,-11.70,-0.600,0
7.996,-12.18,-11.70,-0.600,0
7.996,-12.18,-11.67,-0.600,0
7.997,-12.18,-11.67,-0.600,0
7.997,-12.18,-11.67,-0.600,0
7.997,-12.18,-11.67,-0.600,0
7.997,-12.18,-11.64,-0.600,0
7.998,-12.18,-11.64,-0.600,0
7.998,-12.18,-11.64,-0.600,0
7.998,-12.18,-11.64,-0.600,0
7.998,-12.18,-11.60,-0.600,0
7.999,-12.18,-11.60,-0.600,0
7.999,-12.18,-11.60,-0.600,0
7.999,-12.18,-11.60,-0.600,0
7.999,-12.18,-11.57,-0.600,0
8.000,-12.18,-11.57,-0.600,0
8.000,-12.18,-11.57,-0.600,0
8.000,-12.18,-11.57,-0.600,0
8.000,-12.18,-11.54,-0.600,0
8.001,-12.18,-11.54,-0.600,0
8.001,-12.18,-11.54,-0.600,0
8.001,-12.18,-11.54,-0.600,0
8.001,-12.18,-11.51,-0.600,0
8.002,-12.18,-11.51,-0.600,0
8.002,-12.18,-11.51,-0.600,0
8.002,-12.18,-11.51,-0.600,0
8.002,-12.18,-11.47,-0.600,0
8.003,-12.18,-11.47,-0.600,0
8.003,-12.18,-11.47,-0.600,0
8.003,-12.18,-11.44,-0.600,0
8.004,-12.18,-11.44,-0.600,0
8.004,-12.18,-11.44,-0.600,0
8.004,-12.18,-11.44,-0.600,0
8.004,-12.18,-11.41,-0.600,0
8.005,-12.18,-11.41,-0.600,0
8.005,-12.18,-11.41,-0.600,0
8.005,-12.18,-11.41,-0.600,0
8.005,-12.18,-11.41,-0.600,0
8.006,-12.18,-11.38,-0.600,0
8.006,-12.18,-11.38,-0.600,0
8.006,-12.18,-11.38,-0.600,0
8.006,-12.18,-11.38,-0.600,0
8.007,-12.18,-11.34,-0.600,0
8.007,-12.18,-11.34,-0.600,0
8.007,-12.18,-11.34,-0.600,0
8.007,-12.18,-11.34,-0.600,0
8.008,-12.18,-11.31,-0.600,0
8.008,-12.18,-11.31,-0.600,0
8.008,-12.18,-11.31,-0.600,0
8.008,-12.18,-11.31,-0.600,0
8.008,-12.18,-11.28,-0.600,0
8.009,-12.18,-11.28,-0.600,0
8.009,-12.18,-11.28,-0.600,0
8.010,-12.18,-11.25,-0.600,0
8.010,-12.18,-11.25,-0.600,0
8.010,-12.18,-11.25,-0.600,0
8.010,-12.18,-11.21,-0.600,0
8.011,-12.18,-11.21,-0.600,0
8.011,-12.18,-11.21,-0.600,0
8.011,-12.18,-11.21,-0.600,0
8.011,-12.18,-11.18,-0.600,0
8.012,-12.18,-11.18,-0.600,0
8.012,-12.18,-11.18,-0.600,0
8.012,-12.18,-11.18,-0.600,0
8.012,-12.18,-11.15,-0.600,0
8.013,-12.18,-11.15,-0.600,0
8.013,-12.18,-11.15,-0.600,0
8.013,-12.18,-11.15,-0.600,0
8.013,-12.18,-11.12,-0.600,0
8.014,-12.18,-11.12,-0.600,0
8.014,-12.18,-11.12,-0.600,0
8.014,-12.18,-11.12,-0.600,0
8.014,-12.18,-11.08,-0.600,0
8.015,-12.18,-11.08,-0.600,0
8.015,-12.18,-11.08,-0.600,0
8.015,-12.18,-11.08,-0.600,0
8.015,-12.18,-11.08,-0.600,0
8.016,-12.18,-11.05,-0.600,0
8.016,-12.18,-11.05,-0.600,0
8.016,-12.18,-11.05,-0.600,0
8.016,-12.18,-11.02,-0.600,0
8.017,-12.18,-11.02,-0.600,0
8.017,-12.18,-11.02,-0.600,0
8.017,-12.18,-11.02,-0.600,0
8.017,-12.18,-11.02,-0.600,0
8.018,-12.18,-10.98,-0.600,0
8.018,-12.18,-10.98,-0.600,0
8.018,-12.18,-10.98,-0.600,0
8.018,-12.18,-10.98,-0.600,0
8.019,-12.18,-10.95,-0.600,0
8.019,-12.18,-10.95,-0.600,0
8.019,-12.18,-10.95,-0.600,0
8.019,-12.18,-10.95,-0.600,0
8.019,-12.18,-10.92,-0.600,0
8.020,-12.18,-10.92,-0.600,0
8.020,-12.18,-10.92,-0.600,0
8.020,-12.18,-10.92,-0.600,0
8.020,-12.18,-10.89,-0.600,0
8.021,-12.18,-10.89,-0.600,0
8.021,-12.18,-10.89,-0.600,0
8.021,-12.18,-10.89,-0.600,0
8.021,-12.18,-10.85,-0.600,0
8.022,-12.18,-10.85,-0.600,0
8.022,-12.18,-10.85,-0.600,0
8.022,-12.18,-10.85,-0.600,0
8.023,-12.18,-10.82,-0.600,0
8.023,-12.18,-10.82,-0.600,0
8.023,-12.18,-10.82,-0.600,0
8.023,-12.18,-10.82,-0.600,0
8.024,-12.18,-10.79,-0.600,0
8.024,-12.18,-10.79,-0.600,0
8.024,-12.18,-10.79,-0.600,0
8.024,-12.18,-10.79,-0.600,0
8.025,-12.18,-10.76,-0.600,0
8.025,-12.18,-10.76,-0.600,0
8.025,-12.18,-10.76,-0.600,0
8.025,-12.18,-10.76,-0.600,0
8.025,-12.18,-10.72,-0.600,0
8.026,-12.18,-10.72,-0.600,0
8.026,-12.18,-10.72,-0.600,0
8.026,-12.18,-10.72,-0.600,0
8.026,-12.18,-10.72,-0.600,0
8.027,-12.18,-10.69,-0.600,0
8.027,-12.18,-10.69,-0.600,0
8.027,-12.18,-10.69,-0.600,0
8.027,-12.18,-10.69,-0.600,0
8.028,-12.18,-10.66,-0.600,0
8.028,-12.18,-10.66,-0.600,0
8.028,-12.18,-10.66,-0.600,0
8.028,-12.18,-10.66,-0.600,0
8.029,-12.18,-10.63,-0.600,0
8.029,-12.18,-10.63,-0.600,0
8.029,-12.18,-10.63,-0.600,0
8.029,-12.18,-10.63,-0.600,0
8.030,-12.18,-10.59,-0.600,0
8.030,-12.18,-10.59,-0.600,0
8.030,-12.18,-10.59,-0.600,0
8.030,-12.18,-10.59,-0.600,0
8.031,-12.18,-10.56,-0.600,0
8.031,-12.18,-10.56,-0.600,0
8.031,-12.18,-10.56,-0.600,0
8.031,-12.18,-10.53,-0.600,0
8.032,-12.18,-10.53,-0.600,0
8.032,-12.18,-10.53,-0.600,0
8.032,-12.18,-10.53,-0.600,0
8.032,-12.18,-10.50,-0.600,0
8.033,-12.18,-10.50,-0.600,0
8.033,-12.18,-10.50,-0.600,0
8.033,-12.18,-10.50,-0.600,0
8.034,-12.18,-10.46,-0.600,0
8.034,-12.18,-10.46,-0.600,0
8.034,-12.18,-10.46,-0.600,0
8.034,-12.18,-10.46,-0.600,0
8.035,-12.18,-10.43,-0.600,0
8.035,-12.18,-10.43,-0.600,0
8.035,-12.18,-10.43,-0.600,0
8.035,-12.18,-10.43,-0.600,0
8.036,-12.18,-10.40,-0.600,0
8.036,-12.18,-10.40,-0.600,0
8.036,-12.18,-10.40,-0.600,0
8.036,-12.18,-10.40,-0.600,0
8.036,-12.18,-10.37,-0.600,0
8.037,-12.18,-10.37,-0.600,0
8.037,-12.18,-10.37,-0.600,0
8.037,-12.18,-10.37,-0.600,0
8.037,-12.18,-10.33,-0.600,0
8.038,-12.18,-10.33,-0.600,0
8.038,-12.18,-10.33,-0.600,0
8.038,-12.18,-10.33,-0.600,0
8.039,-12.18,-10.30,-0.600,0
8.039,-12.18,-10.30,-0.600,0
8.039,-12.18,-10.30,-0.600,0
8.039,-12.18,-10.30,-0.600,0
8.039,-12.18,-10.27,-0.600,0
8.040,-12.18,-10.27,-0.600,0
8.040,-12.18,-10.27,-0.600,0
8.040,-12.18,-10.27,-0.600,0
8.041,-12.18,-10.23,-0.600,0
8.041,-12.18,-10.23,-0.600,0
8.041,-12.18,-10.23,-0.600,0
8.041,-12.18,-10.23,-0.600,0
8.042,-12.18,-10.20,-0.600,0
8.042,-12.18,-10.20,-0.600,0
8.042,-12.18,-10.20,-0.600,0
8.042,-12.18,-10.20,-0.600,0
8.043,-12.18,-10.17,-0.600,0
8.043,-12.18,-10.17,-0.600,0
8.043,-12.18,-10.17,-0.600,0
8.043,-12.18,-10.17,-0.600,0
8.043,-12.18,-10.14,-0.600,0
8.044,-12.18,-10.14,-0.600,0
8.044,-12.18,-10.14,-0.600,0
8.044,-12.18,-10.14,-0.600,0
8.044,-12.18,-10.14,-0.600,0
8.045,-12.18,-10.11,-0.600,0
8.045,-12.18,-10.11,-0.600,0
8.045,-12.18,-10.11,-0.600,0
8.045,-12.18,-10.11,-0.600,0
8.046,-12.18,-10.07,-0.600,0
8.046,-12.18,-10.07,-0.600,0
8.046,-12.18,-10.07,-0.600,0
8.046,-12.18,-10.07,-0.600,0
8.046,-12.18,-10.04,-0.600,0
8.047,-12.18,-10.04,-0.600,0
8.047,-12.18,-10.04,-0.600,0
8.047,-12.18,-10.04,-0.600,0
8.047,-12.18,-10.01,-0.600,0
8.048,-12.18,-10.01,-0.600,0
8.048,-12.18,-10.01,-0.600,0
8.048,-12.18,-10.01,-0.600,0
8.048,-12.18,-10.01,-0.600,0
8.049,-12.18,-9.98,-0.600,0
8.049,-12.18,-9.98,-0.600,0
8.049,-12.18,-9.98,-0.600,0
8.049,-12.18,-9.98,-0.600,0
8.050,-12.18,-9.94,-0.600,0
8.050,-12.18,-9.94,-0.600,0
8.050,-12.18,-9.94,-0.600,0
8.050,-12.18,-9.94,-0.600,0
8.050,-12.18,-9.91,-0.600,0
8.051,-12.18,-9.91,-0.600,0
8.051,-12.18,-9.91,-0.600,0
8.051,-12.18,-9.91,-0.600,0
8.051,-12.18,-9.88,-0.600,0
8.052,-12.18,-9.88,-0.600,0
8.052,-12.18,-9.88,-0.600,0
8.052,-12.18,-9.88,-0.600,0
8.052,-12.18,-9.84,-0.600,0
8.053,-12.18,-9.84,-0.600,0
8.053,-12.18,-9.84,-0.600,0
8.053,-12.18,-9.84,-0.600,0
8.053,-12.18,-9.84,-0.600,0
8.053,-12.18,-9.81,-0.600,0
8.054,-12.18,-9.81,-0.600,0
8.054,-12.18,-9.81,-0.600,0
8.054,-12.18,-9.81,-0.600,0
8.054,-12.18,-9.78,-0.600,0
8.055,-12.18,-9.78,-0.600,0
8.055,-12.18,-9.78,-0.600,0
8.055,-12.18,-9.78,-0.600,0
8.055,-12.18,-9.78,-0.600,0
8.055,-12.18,-9.75,-0.600,0
8.056,-12.18,-9.75,-0.600,0
8.056,-12.18,-9.75,-0.600,0
8.056,-12.18,-9.75,-0.600,0
8.056,-12.18,-9.75,-0.600,0
8.057,-12.18,-9.71,-0.600,0
8.057,-12.18,-9.71,-0.600,0
8.057,-12.18,-9.71,-0.600,0
8.057,-12.18,-9.68,-0.600,0
8.058,-12.18,-9.68,-0.600,0
8.058,-12.18,-9.68,-0.600,0
8.058,-12.18,-9.68,-0.600,0
8.058,-12.18,-9.65,-0.600,0
8.059,-12.18,-9.65,-0.600,0
8.059,-12.18,-9.65,-0.600,0
8.059,-12.18,-9.65,-0.600,0
8.059,-12.18,-9.62,-0.600,0
8.060,-12.18,-9.62,-0.600,0
8.060,-12.18,-9.62,-0.600,0
8.060,-12.18,-9.62,-0.600,0
8.060,-12.18,-9.62,-0.600,0
8.061,-12.18,-9.58,-0.600,0
8.061,-12.18,-9.58,-0.600,0
8.061,-12.18,-9.58,-0.600,0
8.061,-12.18,-9.58,-0.600,0
8.061,-12.18,-9.55,-0.600,0
8.062,-12.18,-9.55,-0.600,0
8.062,-12.18,-9.55,-0.600,0
8.062,-12.18,-9.55,-0.600,0
8.062,-12.18,-9.52,-0.600,0
8.063,-12.18,-9.52,-0.600,0
8.063,-12.18,-9.52,-0.600,0
8.063,-12.18,-9.52,-0.600,0
8.064,-12.18,-9.49,-0.600,0
8.064,-12.18,-9.49,-0.600,0
8.064,-12.18,-9.49,-0.600,0
8.064,-12.18,-9.45,-0.600,0
8.065,-12.18,-9.45,-0.600,0
8.065,-12.18,-9.45,-0.600,0
8.065,-12.18,-9.45,-0.600,0
8.066,-12.18,-9.42,-0.600,0
8.066,-12.18,-9.42,-0.600,0
8.066,-12.18,-9.42,-0.600,0
8.067,-12.18,-9.39,-0.600,0
8.067,-12.18,-9.39,-0.600,0
8.067,-12.18,-9.39,-0.600,0
8.067,-12.18,-9.39,-0.600,0
8.068,-12.18,-9.36,-0.600,0
8.068,-12.18,-9.36,-0.600,0
8.068,-12.18,-9.36,-0.600,0
8.068,-12.18,-9.36,-0.600,0
8.069,-12.18,-9.32,-0.600,0
8.069,-12.18,-9.32,-0.600,0
8.069,-12.18,-9.32,-0.600,0
8.069,-12.18,-9.32,-0.600,0
8.069,-12.18,-9.29,-0.600,0
8.070,-12.18,-9.29,-0.600,0
8.070,-12.18,-9.29,-0.600,0
8.070,-12.18,-9.29,-0.600,0
8.070,-12.18,-9.26,-0.600,0
8.071,-12.18,-9.26,-0.600,0
8.071,-12.18,-9.26,-0.600,0
8.071,-12.18,-9.26,-0.600,0
8.071,-12.18,-9.23,-0.600,0
8.072,-12.18,-9.23,-0.600,0
8.072,-12.18,-9.23,-0.600,0
8.072,-12.18,-9.23,-0.600,0
8.072,-12.18,-9.19,-0.600,0
8.073,-12.18,-9.19,-0.600,0
8.073,-12.18,-9.19,-0.600,0
8.073,-12.18,-9.19,-0.600,0
8.073,-12.18,-9.16,-0.600,0
8.074,-12.18,-9.16,-0.600,0
8.074,-12.18,-9.16,-0.600,0
8.074,-12.18,-9.16,-0.600,0
8.074,-12.18,-9.13,-0.600,0
8.075,-12.18,-9.13,-0.600,0
8.075,-12.18,-9.13,-0.600,0
8.075,-12.18,-9.13,-0.600,0
8.075,-12.18,-9.09,-0.600,0
8.076,-12.18,-9.09,-0.600,0
8.076,-12.18,-9.09,-0.600,0
8.076,-12.18,-9.09,-0.600,0
8.076,-12.18,-9.06,-0.600,0
8.077,-12.18,-9.06,-0.600,0
8.077,-12.18,-9.06,-0.600,0
8.077,-12.18,-9.06,-0.600,0
8.077,-12.18,-9.03,-0.600,0
8.078,-12.18,-9.03,-0.600,0
8.078,-12.18,-9.03,-0.600,0
8.078,-12.18,-9.03,-0.600,0
8.078,-12.18,-9.00,-0.600,0
8.079,-12.18,-9.00,-0.600,0
8.079,-12.18,-9.00,-0.600,0
8.079,-12.18,-9.00,-0.600,0
8.079,-12.18,-8.96,-0.600,0
8.080,-12.18,-8.96,-0.600,0
8.080,-12.18,-8.96,-0.600,0
8.080,-12.18,-8.96,-0.600,0
8.080,-12.18,-8.93,-0.600,0
8.081,-12.18,-8.93,-0.600,0
8.081,-12.18,-8.93,-0.600,0
8.081,-12.18,-8.93,-0.600,0
8.081,-12.18,-8.90,-0.600,0
8.082,-12.18,-8.90,-0.600,0
8.082,-12.18,-8.90,-0.600,0
8.082,-12.18,-8.90,-0.600,0
8.082,-12.18,-8.87,-0.600,0
8.083,-12.18,-8.87,-0.600,0
8.083,-12.18,-8.87,-0.600,0
8.083,-12.18,-8.87,-0.600,0
8.083,-12.18,-8.83,-0.600,0
8.084,-12.18,-8.83,-0.600,0
8.084,-12.18,-8.83,-0.600,0
8.084,-12.18,-8.83,-0.600,0
8.084,-12.18,-8.80,-0.600,0
8.085,-12.18,-8.80,-0.600,0
8.085,-12.18,-8.80,-0.600,0
8.085,-12.18,-8.80,-0.600,0
8.086,-12.18,-8.77,-0.600,0
8.086,-12.18,-8.77,-0.600,0
8.086,-12.18,-8.77,-0.600,0
8.087,-12.18,-8.74,-0.600,0
8.087,-12.18,-8.74,-0.600,0
8.087,-12.18,-8.74,-0.600,0
8.087,-12.18,-8.70,-0.600,0
8.088,-12.18,-8.70,-0.600,0
8.088,-12.18,-8.70,-0.600,0
8.088,-12.18,-8.70,-0.600,0
8.088,-12.18,-8.67,-0.600,0
8.089,-12.18,-8.67,-0.600,0
8.089,-12.18,-8.67,-0.600,0
8.089,-12.18,-8.67,-0.600,0
8.089,-12.18,-8.67,-0.600,0
8.090,-12.18,-8.64,-0.600,0
8.090,-12.18,-8.64,-0.600,0
8.090,-12.18,-8.64,-0.600,0
8.090,-12.18,-8.61,-0.600,0
8.091,-12.18,-8.61,-0.600,0
8.091,-12.18,-8.61,-0.600,0
8.091,-12.18,-8.61,-0.600,0
8.091,-12.18,-8.57,-0.600,0
8.092,-12.18,-8.57,-0.600,0
8.092,-12.18,-8.57,-0.600,0
8.092,-12.18,-8.57,-0.600,0
8.093,-12.18,-8.54,-0.600,0
8.093,-12.18,-8.54,-0.600,0
8.093,-12.18,-8.54,-0.600,0
8.093,-12.18,-8.51,-0.600,0
8.094,-12.18,-8.51,-0.600,0
8.094,-12.18,-8.51,-0.600,0
8.094,-12.18,-8.51,-0.600,0
8.094,-12.18,-8.47,-0.600,0
8.095,-12.18,-8.47,-0.600,0
8.095,-12.18,-8.47,-0.600,0
8.095,-12.18,-8.47,-0.600,0
8.095,-12.18,-8.44,-0.600,0
8.096,-12.18,-8.44,-0.600,0
8.096,-12.18,-8.44,-0.600,0
8.096,-12.18,-8.44,-0.600,0
8.096,-12.18,-8.41,-0.600,0
8.097,-12.18,-8.41,-0.600,0
8.097,-12.18,-8.41,-0.600,0
8.097,-12.18,-8.41,-0.600,0
8.097,-12.18,-8.41,-0.600,0
8.098,-12.18,-8.38,-0.600,0
8.098,-12.18,-8.38,-0.600,0
8.098,-12.18,-8.38,-0.600,0
8.098,-12.18,-8.34,-0.600,0
8.099,-12.18,-8.34,-0.600,0
8.099,-12.18,-8.34,-0.600,0
8.099,-12.18,-8.34,-0.600,0
8.100,-12.18,-8.31,-0.600,0
8.100,-12.18,-8.31,-0.600,0
8.100,-12.18,-8.31,-0.600,0
8.100,-12.18,-8.31,-0.600,0
8.101,-12.18,-8.28,-0.600,0
8.101,-12.18,-8.28,-0.600,0
8.101,-12.18,-8.28,-0.600,0
8.101,-12.18,-8.28,-0.600,0
8.102,-12.18,-8.25,-0.600,0
8.102,-12.18,-8.25,-0.600,0
8.102,-12.18,-8.25,-0.600,0
8.102,-12.18,-8.25,-0.600,0
8.103,-12.18,-8.21,-0.600,0
8.103,-12.18,-8.21,-0.600,0
8.103,-12.18,-8.21,-0.600,0
8.103,-12.18,-8.21,-0.600,0
8.104,-12.18,-8.18,-0.600,0
8.104,-12.18,-8.18,-0.600,0
8.105,-12.18,-8.15,-0.600,0
8.105,-12.18,-8.15,-0.600,0
8.105,-12.18,-8.15,-0.600,0
8.105,-12.18,-8.15,-0.600,0
8.106,-12.18,-8.12,-0.600,0
8.106,-12.18,-8.12,-0.600,0
8.106,-12.18,-8.12,-0.600,0
8.106,-12.18,-8.08,-0.600,0
8.107,-12.18,-8.08,-0.600,0
8.107,-12.18,-8.08,-0.600,0
8.107,-12.18,-8.08,-0.600,0
8.108,-12.18,-8.05,-0.600,0
8.108,-12.18,-8.05,-0.600,0
8.108,-12.18,-8.05,-0.600,0
8.108,-12.18,-8.05,-0.600,0
8.108,-12.18,-8.02,-0.600,0
8.109,-12.18,-8.02,-0.600,0
8.109,-12.18,-8.02,-0.600,0
8.109,-12.18,-8.02,-0.600,0
8.109,-12.18,-7.99,-0.600,0
8.110,-12.18,-7.99,-0.600,0
8.110,-12.18,-7.99,-0.600,0
8.110,-12.18,-7.99,-0.600,0
8.110,-12.18,-7.95,-0.600,0
8.111,-12.18,-7.95,-0.600,0
8.111,-12.18,-7.95,-0.600,0
8.111,-12.18,-7.95,-0.600,0
8.111,-12.18,-7.92,-0.600,0
8.112,-12.18,-7.92,-0.600,0
8.112,-12.18,-7.92,-0.600,0
8.112,-12.18,-7.89,-0.600,0
8.113,-12.18,-7.89,-0.600,0
8.113,-12.18,-7.89,-0.600,0
8.113,-12.18,-7.89,-0.600,0
8.114,-12.18,-7.86,-0.600,0
8.114,-12.18,-7.86,-0.600,0
8.114,-12.18,-7.86,-0.600,0
8.114,-12.18,-7.82,-0.600,0
8.115,-12.18,-7.82,-0.600,0
8.115,-12.18,-7.82,-0.600,0
8.115,-12.18,-7.82,-0.600,0
8.115,-12.18,-7.79,-0.600,0
8.116,-12.18,-7.79,-0.600,0
8.116,-12.18,-7.79,-0.600,0
8.116,-12.18,-7.79,-0.600,0
8.116,-12.18,-7.76,-0.600,0
8.117,-12.18,-7.76,-0.600,0
8.117,-12.18,-7.76,-0.600,0
8.117,-12.18,-7.76,-0.600,0
8.118,-12.18,-7.73,-0.600,0
8.118,-12.18,-7.73,-0.600,0
8.118,-12.18,-7.73,-0.600,0
8.118,-12.18,-7.73,-0.600,0
8.119,-12.18,-7.69,-0.600,0
8.119,-12.18,-7.69,-0.600,0
8.119,-12.18,-7.69,-0.600,0
8.119,-12.18,-7.69,-0.600,0
8.120,-12.18,-7.66,-0.600,0
8.120,-12.18,-7.66,-0.600,0
8.120,-12.18,-7.66,-0.600,0
8.121,-12.18,-7.63,-0.600,0
8.121,-12.18,-7.63,-0.600,0
8.122,-12.18,-7.60,-0.600,0
8.122,-12.18,-7.60,-0.600,0
8.122,-12.18,-7.60,-0.600,0
8.122,-12.18,-7.60,-0.600,0
8.123,-12.18,-7.56,-0.600,0
8.123,-12.18,-7.56,-0.600,0
8.123,-12.18,-7.56,-0.600,0
8.123,-12.18,-7.56,-0.600,0
8.124,-12.18,-7.53,-0.600,0
8.124,-12.18,-7.53,-0.600,0
8.124,-12.18,-7.53,-0.600,0
8.124,-12.18,-7.53,-0.600,0
8.125,-12.18,-7.50,-0.600,0
8.125,-12.18,-7.50,-0.600,0
8.125,-12.18,-7.50,-0.600,0
8.125,-12.18,-7.50,-0.600,0
8.126,-12.18,-7.47,-0.600,0
8.126,-12.18,-7.47,-0.600,0
8.126,-12.18,-7.47,-0.600,0
8.126,-12.18,-7.47,-0.600,0
8.127,-12.18,-7.43,-0.600,0
8.127,-12.18,-7.43,-0.600,0
8.127,-12.18,-7.43,-0.600,0
8.127,-12.18,-7.43,-0.600,0
8.128,-12.18,-7.40,-0.600,0
8.128,-12.18,-7.40,-0.600,0
8.128,-12.18,-7.40,-0.600,0
8.128,-12.18,-7.40,-0.600,0
8.129,-12.18,-7.37,-0.600,0
8.129,-12.18,-7.37,-0.600,0
8.129,-12.18,-7.37,-0.600,0
8.129,-12.18,-7.37,-0.600,0
8.129,-12.18,-7.34,-0.600,0
8.130,-12.18,-7.34,-0.600,0
8.130,-12.18,-7.34,-0.600,0
8.130,-12.18,-7.34,-0.600,0
8.130,-12.18,-7.30,-0.600,0
8.131,-12.18,-7.30,-0.600,0
8.131,-12.18,-7.30,-0.600,0
8.131,-12.18,-7.30,-0.600,0
8.131,-12.18,-7.30,-0.600,0
8.132,-12.18,-7.27,-0.600,0
8.132,-12.18,-7.27,-0.600,0
8.132,-12.18,-7.27,-0.600,0
8.132,-12.18,-7.24,-0.600,0
8.133,-12.18,-7.24,-0.600,0
8.133,-12.18,-7.24,-0.600,0
8.133,-12.18,-7.24,-0.600,0
8.133,-12.18,-7.20,-0.600,0
8.134,-12.18,-7.20,-0.600,0
8.134,-12.18,-7.20,-0.600,0
8.134,-12.18,-7.20,-0.600,0
8.134,-12.18,-7.20,-0.600,0
8.135,-12.18,-7.17,-0.600,0
8.135,-12.18,-7.17,-0.600,0
8.135,-12.18,-7.17,-0.600,0
8.135,-12.18,-7.17,-0.600,0
8.135,-12.18,-7.14,-0.600,0
8.136,-12.18,-7.14,-0.600,0
8.136,-12.18,-7.14,-0.600,0
8.136,-12.18,-7.14,-0.600,0
8.136,-12.18,-7.11,-0.600,0
8.137,-12.18,-7.11,-0.600,0
8.137,-12.18,-7.11,-0.600,0
8.137,-12.18,-7.11,-0.600,0
8.137,-12.18,-7.11,-0.600,0
8.138,-12.18,-7.07,-0.600,0
8.138,-12.18,-7.07,-0.600,0
8.138,-12.18,-7.07,-0.600,0
8.138,-12.18,-7.07,-0.600,0
8.138,-12.18,-7.04,-0.600,0
8.139,-12.18,-7.04,-0.600,0
8.139,-12.18,-7.04,-0.600,0
8.139,-12.18,-7.04,-0.600,0
8.139,-12.18,-7.01,-0.600,0
8.140,-12.18,-7.01,-0.600,0
8.140,-12.18,-7.01,-0.600,0
8.140,-12.18,-7.01,-0.600,0
8.140,-12.18,-6.98,-0.600,0
8.141,-12.18,-6.98,-0.600,0
8.141,-12.18,-6.98,-0.600,0
8.141,-12.18,-6.98,-0.600,0
8.141,-12.18,-6.94,-0.600,0
8.142,-12.18,-6.94,-0.600,0
8.142,-12.18,-6.94,-0.600,0
8.142,-12.18,-6.94,-0.600,0
8.142,-12.18,-6.94,-0.600,0
8.143,-12.18,-6.91,-0.600,0
8.143,-12.18,-6.91,-0.600,0
8.143,-12.18,-6.91,-0.600,0
8.143,-12.18,-6.91,-0.600,0
8.143,-12.18,-6.88,-0.600,0
8.144,-12.18,-6.88,-0.600,0
8.144,-12.18,-6.88,-0.600,0
8.144,-12.18,-6.88,-0.600,0
8.144,-12.18,-6.85,-0.600,0
8.145,-12.18,-6.85,-0.600,0
8.145,-12.18,-6.85,-0.600,0
8.145,-12.18,-6.85,-0.600,0
8.145,-12.18,-6.81,-0.600,0
8.146,-12.18,-6.81,-0.600,0
8.146,-12.18,-6.81,-0.600,0
8.146,-12.18,-6.81,-0.600,0
8.146,-12.18,-6.81,-0.600,0
8.146,-12.18,-6.78,-0.600,0
8.147,-12.18,-6.78,-0.600,0
8.147,-12.18,-6.78,-0.600,0
8.147,-12.18,-6.78,-0.600,0
8.147,-12.18,-6.75,-0.600,0
8.148,-12.18,-6.75,-0.600,0
8.148,-12.18,-6.75,-0.600,0
8.148,-12.18,-6.75,-0.600,0
8.148,-12.18,-6.72,-0.600,0
8.149,-12.18,-6.72,-0.600,0
8.149,-12.18,-6.72,-0.600,0
8.149,-12.18,-6.72,-0.600,0
8.149,-12.18,-6.72,-0.600,0
8.150,-12.18,-6.68,-0.600,0
8.150,-12.18,-6.68,-0.600,0
8.150,-12.18,-6.68,-0.600,0
8.150,-12.18,-6.68,-0.600,0
8.150,-12.18,-6.68,-0.600,0
8.151,-12.18,-6.65,-0.600,0
8.151,-12.18,-6.65,-0.600,0
8.151,-12.18,-6.65,-0.600,0
8.151,-12.18,-6.65,-0.600,0
8.151,-12.18,-6.62,-0.600,0
8.152,-12.18,-6.62,-0.600,0
8.152,-12.18,-6.62,-0.600,0
8.152,-12.18,-6.62,-0.600,0
8.152,-12.18,-6.62,-0.600,0
8.153,-12.18,-6.59,-0.600,0
8.153,-12.18,-6.59,-0.600,0
8.153,-12.18,-6.59,-0.600,0
8.153,-12.18,-6.55,-0.600,0
8.154,-12.18,-6.55,-0.600,0
8.154,-12.18,-6.55,-0.600,0
8.154,-12.18,-6.55,-0.600,0
8.154,-12.18,-6.52,-0.600,0
8.155,-12.18,-6.52,-0.600,0
8.155,-12.18,-6.52,-0.600,0
8.155,-12.18,-6.52,-0.600,0
8.155,-12.18,-6.49,-0.600,0
8.156,-12.18,-6.49,-0.600,0
8.156,-12.18,-6.49,-0.600,0
8.156,-12.18,-6.49,-0.600,0
8.156,-12.18,-6.49,-0.600,0
8.157,-12.18,-6.45,-0.600,0
8.157,-12.18,-6.45,-0.600,0
8.157,-12.18,-6.45,-0.600,0
8.157,-12.18,-6.45,-0.600,0
8.158,-12.18,-6.42,-0.600,0
8.158,-12.18,-6.42,-0.600,0
8.158,-12.18,-6.42,-0.600,0
8.158,-12.18,-6.42,-0.600,0
8.159,-12.18,-6.39,-0.600,0
8.159,-12.18,-6.39,-0.600,0
8.159,-12.18,-6.39,-0.600,0
8.159,-12.18,-6.39,-0.600,0
8.159,-12.18,-6.36,-0.600,0
8.160,-12.18,-6.36,-0.600,0
8.160,-12.18,-6.36,-0.600,0
8.160,-12.18,-6.36,-0.600,0
8.160,-12.18,-6.33,-0.600,0
8.161,-12.18,-6.33,-0.600,0
8.161,-12.18,-6.33,-0.600,0
8.161,-12.18,-6.33,-0.600,0
8.162,-12.18,-6.29,-0.600,0
8.162,-12.18,-6.29,-0.600,0
8.162,-12.18,-6.29,-0.600,0
8.163,-12.18,-6.26,-0.600,0
8.163,-12.18,-6.26,-0.600,0
8.164,-12.18,-6.23,-0.600,0
8.164,-12.18,-6.23,-0.600,0
8.164,-12.18,-6.23,-0.600,0
8.165,-12.18,-6.19,-0.600,0
8.165,-12.18,-6.19,-0.600,0
8.165,-12.18,-6.19,-0.600,0
8.166,-12.18,-6.16,-0.600,0
8.166,-12.18,-6.16,-0.600,0
8.166,-12.18,-6.16,-0.600,0
8.166,-12.18,-6.13,-0.600,0
8.167,-12.18,-6.13,-0.600,0
8.167,-12.18,-6.13,-0.600,0
8.167,-12.18,-6.10,-0.600,0
8.168,-12.18,-6.10,-0.600,0
8.168,-12.18,-6.10,-0.600,0
8.168,-12.18,-6.10,-0.600,0
8.169,-12.18,-6.06,-0.600,0
8.169,-12.18,-6.06,-0.600,0
8.169,-12.18,-6.06,-0.600,0
8.169,-12.18,-6.03,-0.600,0
8.170,-12.18,-6.03,-0.600,0
8.170,-12.18,-6.03,-0.600,0
8.170,-12.18,-6.03,-0.600,0
8.170,-12.18,-6.00,-0.600,0
8.171,-12.18,-6.00,-0.600,0
8.171,-12.18,-6.00,-0.600,0
8.171,-12.18,-6.00,-0.600,0
8.171,-12.18,-5.97,-0.600,0
8.172,-12.18,-5.97,-0.600,0
8.172,-12.18,-5.97,-0.600,0
8.172,-12.18,-5.97,-0.600,0
8.172,-12.18,-5.93,-0.600,0
8.173,-12.18,-5.93,-0.600,0
8.173,-12.18,-5.93,-0.600,0
8.173,-12.18,-5.93,-0.600,0
8.173,-12.18,-5.90,-0.600,0
8.174,-12.18,-5.90,-0.600,0
8.174,-12.18,-5.90,-0.600,0
8.174,-12.18,-5.90,-0.600,0
8.174,-12.18,-5.87,-0.600,0
8.175,-12.18,-5.87,-0.600,0
8.175,-12.18,-5.87,-0.600,0
8.175,-12.18,-5.87,-0.600,0
8.175,-12.18,-5.84,-0.600,0
8.176,-12.18,-5.84,-0.600,0
8.176,-12.18,-5.84,-0.600,0
8.176,-12.18,-5.84,-0.600,0
8.177,-12.18,-5.80,-0.600,0
8.177,-12.18,-5.80,-0.600,0
8.177,-12.18,-5.80,-0.600,0
8.177,-12.18,-5.80,-0.600,0
8.178,-12.18,-5.77,-0.600,0
8.178,-12.18,-5.77,-0.600,0
8.178,-12.18,-5.77,-0.600,0
8.178,-12.18,-5.77,-0.600,0
8.179,-12.18,-5.74,-0.600,0
8.179,-12.18,-5.74,-0.600,0
8.179,-12.18,-5.74,-0.600,0
8.179,-12.18,-5.74,-0.600,0
8.180,-12.18,-5.71,-0.600,0
8.180,-12.18,-5.71,-0.600,0
8.180,-12.18,-5.71,-0.600,0
8.180,-12.18,-5.71,-0.600,0
8.180,-12.18,-5.67,-0.600,0
8.181,-12.18,-5.67,-0.600,0
8.181,-12.18,-5.67,-0.600,0
8.181,-12.18,-5.67,-0.600,0
8.181,-12.18,-5.67,-0.600,0
8.182,-12.18,-5.64,-0.600,0
8.182,-12.18,-5.64,-0.600,0
8.182,-12.18,-5.64,-0.600,0
8.182,-12.18,-5.64,-0.600,0
8.183,-12.18,-5.61,-0.600,0
8.183,-12.18,-5.61,-0.600,0
8.183,-12.18,-5.61,-0.600,0
8.184,-12.18,-5.58,-0.600,0
8.184,-12.18,-5.58,-0.600,0
8.184,-12.18,-5.58,-0.600,0
8.185,-12.18,-5.54,-0.600,0
8.185,-12.18,-5.54,-0.600,0
8.185,-12.18,-5.54,-0.600,0
8.185,-12.18,-5.54,-0.600,0
8.186,-12.18,-5.51,-0.600,0
8.186,-12.18,-5.51,-0.600,0
8.186,-12.18,-5.51,-0.600,0
8.186,-12.18,-5.51,-0.600,0
8.186,-12.18,-5.48,-0.600,0
8.187,-12.18,-5.48,-0.600,0
8.187,-12.18,-5.48,-0.600,0
8.187,-12.18,-5.48,-0.600,0
8.187,-12.18,-5.48,-0.600,0
8.188,-12.18,-5.44,-0.600,0
8.188,-12.18,-5.44,-0.600,0
8.188,-12.18,-5.44,-0.600,0
8.188,-12.18,-5.44,-0.600,0
8.189,-12.18,-5.41,-0.600,0
8.189,-12.18,-5.41,-0.600,0
8.189,-12.18,-5.41,-0.600,0
8.190,-12.18,-5.38,-0.600,0
8.190,-12.18,-5.38,-0.600,0
8.190,-12.18,-5.38,-0.600,0
8.190,-12.18,-5.35,-0.600,0
8.191,-12.18,-5.35,-0.600,0
8.191,-12.18,-5.35,-0.600,0
8.191,-12.18,-5.35,-0.600,0
8.191,-12.18,-5.32,-0.600,0
8.192,-12.18,-5.32,-0.600,0
8.192,-12.18,-5.32,-0.600,0
8.192,-12.18,-5.32,-0.600,0
8.192,-12.18,-5.32,-0.600,0
8.193,-12.18,-5.28,-0.600,0
8.193,-12.18,-5.28,-0.600,0
8.193,-12.18,-5.28,-0.600,0
8.193,-12.18,-5.25,-0.600,0
8.194,-12.18,-5.25,-0.600,0
8.194,-12.18,-5.25,-0.600,0
8.194,-12.18,-5.25,-0.600,0
8.194,-12.18,-5.25,-0.600,0
8.195,-12.18,-5.22,-0.600,0
8.195,-12.18,-5.22,-0.600,0
8.195,-12.18,-5.22,-0.600,0
8.195,-12.18,-5.22,-0.600,0
8.196,-12.18,-5.18,-0.600,0
8.196,-12.18,-5.18,-0.600,0
8.196,-12.18,-5.18,-0.600,0
8.197,-12.18,-5.15,-0.600,0
8.197,-12.18,-5.15,-0.600,0
8.197,-12.18,-5.15,-0.600,0
8.198,-12.18,-5.12,-0.600,0
8.198,-12.18,-5.12,-0.600,0
8.198,-12.18,-5.12,-0.600,0
8.198,-12.18,-5.12,-0.600,0
8.199,-12.18,-5.09,-0.600,0
8.199,-12.18,-5.09,-0.600,0
8.199,-12.18,-5.09,-0.600,0
8.199,-12.18,-5.09,-0.600,0
8.200,-12.18,-5.05,-0.600,0
8.200,-12.18,-5.05,-0.600,0
8.200,-12.18,-5.02,-0.600,0
8.201,-12.18,-5.02,-0.600,0
8.201,-12.18,-5.02,-0.600,0
8.201,-12.18,-5.02,-0.600,0
8.201,-12.18,-4.99,-0.600,0
8.202,-12.18,-4.99,-0.600,0
8.202,-12.18,-4.99,-0.600,0
8.202,-12.18,-4.99,-0.600,0
8.202,-12.18,-4.96,-0.600,0
8.203,-12.18,-4.96,-0.600,0
8.203,-12.18,-4.96,-0.600,0
8.203,-12.18,-4.96,-0.600,0
8.203,-12.18,-4.92,-0.600,0
8.204,-12.18,-4.92,-0.600,0
8.204,-12.18,-4.92,-0.600,0
8.204,-12.18,-4.92,-0.600,0
8.204,-12.18,-4.89,-0.600,0
8.205,-12.18,-4.89,-0.600,0
8.205,-12.18,-4.89,-0.600,0
8.205,-12.18,-4.89,-0.600,0
8.205,-12.18,-4.86,-0.600,0
8.206,-12.18,-4.86,-0.600,0
8.206,-12.18,-4.86,-0.600,0
8.206,-12.18,-4.86,-0.600,0
8.206,-12.18,-4.86,-0.600,0
8.207,-12.18,-4.83,-0.600,0
8.207,-12.18,-4.83,-0.600,0
8.207,-12.18,-4.83,-0.600,0
8.207,-12.18,-4.83,-0.600,0
8.207,-12.18,-4.79,-0.600,0
8.208,-12.18,-4.79,-0.600,0
8.208,-12.18,-4.79,-0.600,0
8.208,-12.18,-4.79,-0.600,0
8.208,-12.18,-4.76,-0.600,0
8.209,-12.18,-4.76,-0.600,0
8.209,-12.18,-4.76,-0.600,0
8.209,-12.18,-4.76,-0.600,0
8.209,-12.18,-4.76,-0.600,0
8.210,-12.18,-4.73,-0.600,0
8.210,-12.18,-4.73,-0.600,0
8.210,-12.18,-4.73,-0.600,0
8.211,-12.18,-4.73,-0.600,0
8.211,-12.18,-4.70,-0.600,0
8.211,-12.18,-4.66,-0.600,0
8.212,-12.18,-4.66,-0.600,0
8.212,-12.18,-4.66,-0.600,0
8.212,-12.18,-4.66,-0.600,0
8.213,-12.18,-4.63,-0.600,0
8.213,-12.18,-4.63,-0.600,0
8.213,-12.18,-4.63,-0.600,0
8.213,-12.18,-4.63,-0.600,0
8.214,-12.18,-4.60,-0.600,0
8.214,-12.18,-4.60,-0.600,0
8.214,-12.18,-4.60,-0.600,0
8.214,-12.18,-4.60,-0.600,0
8.215,-12.18,-4.57,-0.600,0
8.215,-12.18,-4.57,-0.600,0
8.215,-12.18,-4.57,-0.600,0
8.215,-12.18,-4.53,-0.600,0
8.216,-12.18,-4.53,-0.600,0
8.216,-12.18,-4.53,-0.600,0
8.216,-12.18,-4.53,-0.600,0
8.216,-12.18,-4.50,-0.600,0
8.217,-12.18,-4.50,-0.600,0
8.217,-12.18,-4.50,-0.600,0
8.217,-12.18,-4.50,-0.600,0
8.218,-12.18,-4.47,-0.600,0
8.218,-12.18,-4.47,-0.600,0
8.218,-12.18,-4.47,-0.600,0
8.218,-12.18,-4.47,-0.600,0
8.219,-12.18,-4.44,-0.600,0
8.219,-12.18,-4.44,-0.600,0
8.219,-12.18,-4.44,-0.600,0
8.219,-12.18,-4.44,-0.600,0
8.220,-12.18,-4.40,-0.600,0
8.220,-12.18,-4.40,-0.600,0
8.220,-12.18,-4.40,-0.600,0
8.220,-12.18,-4.40,-0.600,0
8.221,-12.18,-4.37,-0.600,0
8.221,-12.18,-4.37,-0.600,0
8.221,-12.18,-4.37,-0.600,0
8.221,-12.18,-4.37,-0.600,0
8.222,-12.18,-4.34,-0.600,0
8.222,-12.18,-4.34,-0.600,0
8.222,-12.18,-4.34,-0.600,0
8.222,-12.18,-4.34,-0.600,0
8.223,-12.18,-4.30,-0.600,0
8.223,-12.18,-4.30,-0.600,0
8.223,-12.18,-4.30,-0.600,0
8.223,-12.18,-4.27,-0.600,0
8.224,-12.18,-4.27,-0.600,0
8.224,-12.18,-4.27,-0.600,0
8.224,-12.18,-4.24,-0.600,0
8.225,-12.18,-4.24,-0.600,0
8.225,-12.18,-4.24,-0.600,0
8.225,-12.18,-4.24,-0.600,0
8.225,-12.18,-4.21,-0.600,0
8.226,-12.18,-4.21,-0.600,0
8.226,-12.18,-4.21,-0.600,0
8.226,-12.18,-4.21,-0.600,0
8.226,-12.18,-4.17,-0.600,0
8.227,-12.18,-4.17,-0.600,0
8.227,-12.18,-4.17,-0.600,0
8.227,-12.18,-4.17,-0.600,0
8.227,-12.18,-4.17,-0.600,0
8.228,-12.18,-4.14,-0.600,0
8.228,-12.18,-4.14,-0.600,0
8.228,-12.18,-4.14,-0.600,0
8.228,-12.18,-4.14,-0.600,0
8.228,-12.18,-4.11,-0.600,0
8.229,-12.18,-4.11,-0.600,0
8.229,-12.18,-4.11,-0.600,0
8.229,-12.18,-4.11,-0.600,0
8.229,-12.18,-4.08,-0.600,0
8.230,-12.18,-4.08,-0.600,0
8.230,-12.18,-4.08,-0.600,0
8.230,-12.18,-4.08,-0.600,0
8.230,-12.18,-4.08,-0.600,0
8.231,-12.18,-4.04,-0.600,0
8.231,-12.18,-4.04,-0.600,0
8.231,-12.18,-4.01,-0.600,0
8.232,-12.18,-4.01,-0.600,0
8.232,-12.18,-4.01,-0.600,0
8.232,-12.18,-4.01,-0.600,0
8.232,-12.18,-3.98,-0.600,0
8.233,-12.18,-3.98,-0.600,0
8.233,-12.18,-3.98,-0.600,0
8.233,-12.18,-3.98,-0.600,0
8.234,-12.18,-3.95,-0.600,0
8.234,-12.18,-3.95,-0.600,0
8.234,-12.18,-3.95,-0.600,0
8.235,-12.18,-3.91,-0.600,0
8.235,-12.18,-3.91,-0.600,0
8.235,-12.18,-3.91,-0.600,1
8.236,-17.79,-3.88,-0.600,0
8.236,-17.79,-3.88,-0.600,0
8.236,-17.79,-3.88,-0.600,0
8.237,-17.79,-3.85,-0.600,0
8.237,-17.79,-3.85,-0.600,0
8.237,-17.79,-3.85,-0.600,0
8.238,-17.79,-3.82,-0.600,0
8.238,-17.79,-3.82,-0.600,0
8.238,-17.79,-3.82,-0.600,0
8.238,-17.79,-3.82,-0.600,0
8.239,-17.79,-3.78,-0.600,0
8.239,-17.79,-3.78,-0.600,0
8.239,-17.79,-3.78,-0.600,0
8.239,-17.79,-3.78,-0.600,0
8.240,-17.79,-3.75,-0.600,0
8.240,-17.79,-3.75,-0.600,0
8.240,-17.79,-3.75,-0.600,0
8.240,-17.79,-3.75,-0.600,0
8.241,-17.79,-3.72,-0.600,0
8.241,-17.79,-3.72,-0.600,0
8.241,-17.79,-3.72,-0.600,0
8.241,-17.79,-3.72,-0.600,0
8.241,-17.79,-3.69,-0.600,0
8.242,-17.79,-3.69,-0.600,0
8.242,-17.79,-3.69,-0.600,0
8.242,-17.79,-3.69,-0.600,0
8.242,-17.79,-3.65,-0.600,0
8.243,-17.79,-3.65,-0.600,0
8.243,-17.79,-3.65,-0.600,0
8.243,-17.79,-3.65,-0.600,0
8.243,-17.79,-3.62,-0.600,0
8.244,-17.79,-3.62,-0.600,0
8.244,-17.79,-3.62,-0.600,0
8.244,-17.79,-3.62,-0.600,0
8.244,-17.79,-3.59,-0.600,0
8.245,-17.79,-3.59,-0.600,0
8.245,-17.79,-3.59,-0.600,0
8.245,-17.79,-3.59,-0.600,0
8.245,-17.79,-3.56,-0.600,0
8.246,-17.79,-3.56,-0.600,0
8.246,-17.79,-3.56,-0.600,0
8.246,-17.79,-3.56,-0.600,0
8.246,-17.79,-3.52,-0.600,0
8.247,-17.79,-3.52,-0.600,0
8.247,-17.79,-3.52,-0.600,0
8.247,-17.79,-3.52,-0.600,0
8.247,-17.79,-3.49,-0.600,0
8.248,-17.79,-3.49,-0.600,0
8.248,-17.79,-3.49,-0.600,0
8.248,-17.79,-3.49,-0.600,0
8.248,-17.79,-3.46,-0.600,0
8.249,-17.79,-3.46,-0.600,0
8.249,-17.79,-3.46,-0.600,0
8.249,-17.79,-3.46,-0.600,0
8.249,-17.79,-3.43,-0.600,0
8.250,-17.79,-3.43,-0.600,0
8.250,-17.79,-3.43,-0.600,0
8.250,-17.79,-3.43,-0.600,0
8.250,-17.79,-3.39,-0.600,0
8.251,-17.79,-3.39,-0.600,0
8.251,-17.79,-3.39,-0.600,0
8.251,-17.79,-3.39,-0.600,0
8.251,-17.79,-3.36,-0.600,0
8.252,-17.79,-3.36,-0.600,0
8.252,-17.79,-3.36,-0.600,0
8.252,-17.79,-3.36,-0.600,0
8.252,-17.79,-3.33,-0.600,0
8.253,-17.79,-3.33,-0.600,0
8.253,-17.79,-3.33,-0.600,0
8.253,-17.79,-3.33,-0.600,0
8.253,-17.79,-3.29,-0.600,0
8.254,-17.79,-3.29,-0.600,0
8.254,-17.79,-3.29,-0.600,0
8.254,-17.79,-3.29,-0.600,0
8.254,-17.79,-3.26,-0.600,0
8.255,-17.79,-3.26,-0.600,0
8.255,-17.79,-3.26,-0.600,0
8.255,-17.79,-3.26,-0.600,0
8.255,-17.79,-3.26,-0.600,0
8.256,-17.79,-3.23,-0.600,0
8.256,-17.79,-3.23,-0.600,0
8.256,-17.79,-3.23,-0.600,0
8.256,-17.79,-3.23,-0.600,0
8.256,-17.79,-3.20,-0.600,0
8.257,-17.79,-3.20,-0.600,0
8.257,-17.79,-3.20,-0.600,0
8.257,-17.79,-3.20,-0.600,0
8.257,-17.79,-3.16,-0.600,0
8.258,-17.79,-3.16,-0.600,0
8.258,-17.79,-3.16,-0.600,0
8.258,-17.79,-3.16,-0.600,0
8.258,-17.79,-3.13,-0.600,0
8.259,-17.79,-3.13,-0.600,0
8.259,-17.79,-3.13,-0.600,0
8.259,-17.79,-3.13,-0.600,0
8.260,-17.79,-3.10,-0.600,0
8.260,-17.79,-3.10,-0.600,0
8.260,-17.79,-3.10,-0.600,0
8.260,-17.79,-3.10,-0.600,0
8.261,-17.79,-3.07,-0.600,0
8.261,-17.79,-3.07,-0.600,0
8.261,-17.79,-3.07,-0.600,0
8.261,-17.79,-3.07,-0.600,0
8.262,-17.79,-3.03,-0.600,0
8.262,-17.79,-3.03,-0.600,0
8.262,-17.79,-3.03,-0.600,0
8.262,-17.79,-3.03,-0.600,0
8.263,-17.79,-3.00,-0.600,0
8.263,-17.79,-3.00,-0.600,0
8.263,-17.79,-3.00,-0.600,0
8.263,-17.79,-3.00,-0.600,0
8.264,-17.79,-2.97,-0.600,0
8.264,-17.79,-2.97,-0.600,0
8.264,-17.79,-2.97,-0.600,0
8.264,-17.79,-2.97,-0.600,0
8.265,-17.79,-2.94,-0.600,0
8.265,-17.79,-2.94,-0.600,0
8.265,-17.79,-2.94,-0.600,0
8.266,-17.79,-2.90,-0.600,0
8.266,-17.79,-2.90,-0.600,0
8.266,-17.79,-2.90,-0.600,0
8.267,-17.79,-2.87,-0.600,0
8.267,-17.79,-2.87,-0.600,0
8.267,-17.79,-2.87,-0.600,0
8.267,-17.79,-2.84,-0.600,0
8.268,-17.79,-2.84,-0.600,0
8.268,-17.79,-2.84,-0.600,0
8.268,-17.79,-2.81,-0.600,0
8.269,-17.79,-2.81,-0.600,0
8.269,-17.79,-2.81,-0.600,0
8.269,-17.79,-2.81,-0.600,0
8.269,-17.79,-2.77,-0.600,0
8.270,-17.79,-2.77,-0.600,0
8.270,-17.79,-2.77,-0.600,0
8.270,-17.79,-2.77,-0.600,0
8.270,-17.79,-2.74,-0.600,0
8.271,-17.79,-2.74,-0.600,0
8.271,-17.79,-2.74,-0.600,0
8.271,-17.79,-2.74,-0.600,0
8.271,-17.79,-2.74,-0.600,0
8.272,-17.79,-2.71,-0.600,0
8.272,-17.79,-2.71,-0.600,0
8.272,-17.79,-2.71,-0.600,0
8.272,-17.79,-2.68,-0.600,0
8.273,-17.79,-2.68,-0.600,0
8.273,-17.79,-2.68,-0.600,0
8.273,-17.79,-2.64,-0.600,0
8.274,-17.79,-2.64,-0.600,0
8.274,-17.79,-2.64,-0.600,0
8.274,-17.79,-2.64,-0.600,0
8.274,-17.79,-2.61,-0.600,0
8.275,-17.79,-2.61,-0.600,0
8.275,-17.79,-2.61,-0.600,0
8.275,-17.79,-2.61,-0.600,0
8.275,-17.79,-2.58,-0.600,0
8.276,-17.79,-2.58,-0.600,0
8.276,-17.79,-2.58,-0.600,0
8.276,-17.79,-2.58,-0.600,0
8.276,-17.79,-2.55,-0.600,0
8.277,-17.79,-2.55,-0.600,0
8.277,-17.79,-2.55,-0.600,0
8.277,-17.79,-2.55,-0.600,0
8.277,-17.79,-2.55,-0.600,0
8.278,-17.79,-2.51,-0.600,0
8.278,-17.79,-2.51,-0.600,0
8.278,-17.79,-2.51,-0.600,0
8.278,-17.79,-2.51,-0.600,0
8.279,-17.79,-2.48,-0.600,0
8.279,-17.79,-2.48,-0.600,0
8.279,-17.79,-2.48,-0.600,0
8.279,-17.79,-2.48,-0.600,0
8.280,-17.79,-2.45,-0.600,0
8.280,-17.79,-2.45,-0.600,0
8.280,-17.79,-2.42,-0.600,0
8.281,-17.79,-2.42,-0.600,0
8.281,-17.79,-2.42,-0.600,0
8.281,-17.79,-2.42,-0.600,0
8.281,-17.79,-2.38,-0.600,0
8.282,-17.79,-2.38,-0.600,0
8.282,-17.79,-2.38,-0.600,0
8.282,-17.79,-2.38,-0.600,0
8.282,-17.79,-2.35,-0.600,0
8.283,-17.79,-2.35,-0.600,0
8.283,-17.79,-2.35,-0.600,0
8.283,-17.79,-2.35,-0.600,0
8.283,-17.79,-2.32,-0.600,0
8.284,-17.79,-2.32,-0.600,0
8.284,-17.79,-2.32,-0.600,0
8.284,-17.79,-2.32,-0.600,0
8.284,-17.79,-2.28,-0.600,0
8.285,-17.79,-2.28,-0.600,0
8.285,-17.79,-2.28,-0.600,0
8.285,-17.79,-2.28,-0.600,0
8.285,-17.79,-2.28,-0.600,0
8.286,-17.79,-2.25,-0.600,0
8.286,-17.79,-2.25,-0.600,0
8.286,-17.79,-2.25,-0.600,0
8.286,-17.79,-2.22,-0.600,0
8.287,-17.79,-2.22,-0.600,0
8.287,-17.79,-2.22,-0.600,0
8.287,-17.79,-2.19,-0.600,0
8.288,-17.79,-2.19,-0.600,0
8.288,-17.79,-2.19,-0.600,0
8.288,-17.79,-2.19,-0.600,0
8.288,-17.79,-2.19,-0.600,0
8.289,-17.79,-2.15,-0.600,0
8.289,-17.79,-2.15,-0.600,0
8.289,-17.79,-2.15,-0.600,0
8.289,-17.79,-2.15,-0.600,0
8.290,-17.79,-2.12,-0.600,0
8.290,-17.79,-2.12,-0.600,0
8.290,-17.79,-2.12,-0.600,0
8.290,-17.79,-2.12,-0.600,0
8.291,-17.79,-2.09,-0.600,0
8.291,-17.79,-2.09,-0.600,0
8.291,-17.79,-2.09,-0.600,0
8.291,-17.79,-2.09,-0.600,0
8.291,-17.79,-2.06,-0.600,0
8.292,-17.79,-2.06,-0.600,0
8.292,-17.79,-2.06,-0.600,0
8.292,-17.79,-2.06,-0.600,0
8.292,-17.79,-2.02,-0.600,0
8.293,-17.79,-2.02,-0.600,0
8.293,-17.79,-2.02,-0.600,0
8.293,-17.79,-2.02,-0.600,0
8.294,-17.79,-1.99,-0.600,0
8.294,-17.79,-1.99,-0.600,0
8.294,-17.79,-1.99,-0.600,0
8.295,-17.79,-1.96,-0.600,0
8.295,-17.79,-1.96,-0.600,0
8.295,-17.79,-1.96,-0.600,0
8.295,-17.79,-1.96,-0.600,0
8.296,-17.79,-1.93,-0.600,0
8.296,-17.79,-1.93,-0.600,0
8.296,-17.79,-1.93,-0.600,0
8.296,-17.79,-1.89,-0.600,0
8.297,-17.79,-1.89,-0.600,0
8.297,-17.79,-1.89,-0.600,0
8.297,-17.79,-1.89,-0.600,0
8.297,-17.79,-1.86,-0.600,0
8.298,-17.79,-1.86,-0.600,0
8.298,-17.79,-1.86,-0.600,0
8.298,-17.79,-1.86,-0.600,0
8.299,-17.79,-1.83,-0.600,0
8.299,-17.79,-1.83,-0.600,0
8.299,-17.79,-1.83,-0.600,0
8.299,-17.79,-1.83,-0.600,0
8.300,-17.79,-1.80,-0.600,0
8.300,-17.79,-1.80,-0.600,0
8.301,-17.79,-1.80,-0.600,0
8.301,-17.79,-1.76,-0.600,0
8.301,-17.79,-1.76,-0.600,0
8.301,-17.79,-1.73,-0.600,0
8.302,-17.79,-1.73,-0.600,0
8.302,-17.79,-1.73,-0.600,0
8.302,-17.79,-1.73,-0.600,0
8.302,-17.79,-1.70,-0.600,0
8.303,-17.79,-1.70,-0.600,0
8.303,-17.79,-1.70,-0.600,0
8.303,-17.79,-1.70,-0.600,0
8.303,-17.79,-1.70,-0.600,0
8.304,-17.79,-1.67,-0.600,0
8.304,-17.79,-1.67,-0.600,0
8.304,-17.79,-1.67,-0.600,0
8.304,-17.79,-1.67,-0.600,0
8.304,-17.79,-1.63,-0.600,0
8.305,-17.79,-1.63,-0.600,0
8.305,-17.79,-1.63,-0.600,0
8.305,-17.79,-1.63,-0.600,0
8.305,-17.79,-1.60,-0.600,0
8.306,-17.79,-1.60,-0.600,0
8.306,-17.79,-1.60,-0.600,0
8.306,-17.79,-1.60,-0.600,0
8.306,-17.79,-1.60,-0.600,0
8.306,-17.79,-1.57,-0.600,0
8.307,-17.79,-1.57,-0.600,0
8.307,-17.79,-1.57,-0.600,0
8.307,-17.79,-1.57,-0.600,0
8.307,-17.79,-1.54,-0.600,0
8.308,-17.79,-1.54,-0.600,0
8.308,-17.79,-1.54,-0.600,0
8.308,-17.79,-1.50,-0.600,0
8.309,-17.79,-1.50,-0.600,0
8.309,-17.79,-1.50,-0.600,0
8.309,-17.79,-1.50,-0.600,0
8.309,-17.79,-1.50,-0.600,0
8.310,-17.79,-1.47,-0.600,0
8.310,-17.79,-1.47,-0.600,0
8.310,-17.79,-1.47,-0.600,0
8.310,-17.79,-1.47,-0.600,0
8.310,-17.79,-1.44,-0.600,0
8.311,-17.79,-1.44,-0.600,0
8.311,-17.79,-1.44,-0.600,0
8.311,-17.79,-1.44,-0.600,0
8.311,-17.79,-1.44,-0.600,0
8.312,-17.79,-1.41,-0.600,0
8.312,-17.79,-1.41,-0.600,0
8.312,-17.79,-1.41,-0.600,0
8.312,-17.79,-1.41,-0.600,0
8.313,-17.79,-1.37,-0.600,0
8.313,-17.79,-1.37,-0.600,0
8.313,-17.79,-1.37,-0.600,0
8.313,-17.79,-1.37,-0.600,0
8.314,-17.79,-1.34,-0.600,0
8.314,-17.79,-1.34,-0.600,0
8.314,-17.79,-1.34,-0.600,0
8.314,-17.79,-1.31,-0.600,0
8.315,-17.79,-1.31,-0.600,0
8.315,-17.79,-1.31,-0.600,0
8.315,-17.79,-1.28,-0.600,0
8.316,-17.79,-1.28,-0.600,0
8.316,-17.79,-1.28,-0.600,0
8.316,-17.79,-1.28,-0.600,0
8.317,-17.79,-1.24,-0.600,0
8.317,-17.79,-1.24,-0.600,0
8.317,-17.79,-1.24,-0.600,0
8.318,-17.79,-1.21,-0.600,0
8.318,-17.79,-1.21,-0.600,0
8.318,-17.79,-1.21,-0.600,0
8.319,-17.79,-1.18,-0.600,0
8.319,-17.79,-1.18,-0.600,0
8.319,-17.79,-1.18,-0.600,0
8.319,-17.79,-1.18,-0.600,0
8.320,-17.79,-1.14,-0.600,0
8.320,-17.79,-1.14,-0.600,0
8.320,-17.79,-1.14,-0.600,0
8.320,-17.79,-1.14,-0.600,0
8.321,-17.79,-1.11,-0.600,0
8.321,-17.79,-1.11,-0.600,0
8.321,-17.79,-1.08,-0.600,0
8.322,-17.79,-1.08,-0.600,0
8.322,-17.79,-1.08,-0.600,0
8.322,-17.79,-1.08,-0.600,0
8.322,-17.79,-1.05,-0.600,0
8.323,-17.79,-1.05,-0.600,0
8.323,-17.79,-1.05,-0.600,0
8.323,-17.79,-1.05,-0.600,0
8.323,-17.79,-1.01,-0.600,0
8.324,-17.79,-1.01,-0.600,0
8.324,-17.79,-1.01,-0.600,0
8.324,-17.79,-1.01,-0.600,0
8.324,-17.79,-1.01,-0.600,0
8.325,-17.79,-0.98,-0.600,0
8.325,-17.79,-0.98,-0.600,0
8.325,-17.79,-0.98,-0.600,0
8.325,-17.79,-0.98,-0.600,0
8.325,-17.79,-0.95,-0.600,0
8.326,-17.79,-0.95,-0.600,0
8.326,-17.79,-0.95,-0.600,0
8.326,-17.79,-0.95,-0.600,0
8.326,-17.79,-0.95,-0.600,0
8.327,-17.79,-0.92,-0.600,0
8.327,-17.79,-0.92,-0.600,0
8.327,-17.79,-0.92,-0.600,0
8.327,-17.79,-0.88,-0.600,0
8.328,-17.79,-0.88,-0.600,0
8.328,-17.79,-0.88,-0.600,0
8.328,-17.79,-0.88,-0.600,0
8.328,-17.79,-0.85,-0.600,0
8.329,-17.79,-0.85,-0.600,0
8.329,-17.79,-0.85,-0.600,0
8.329,-17.79,-0.85,-0.600,0
8.330,-17.79,-0.82,-0.600,0
8.330,-17.79,-0.82,-0.600,0
8.330,-17.79,-0.82,-0.600,0
8.331,-17.79,-0.79,-0.600,0
8.331,-17.79,-0.79,-0.600,0
8.331,-17.79,-0.79,-0.600,0
8.331,-17.79,-0.75,-0.600,0
8.332,-17.79,-0.75,-0.600,0
8.332,-17.79,-0.75,-0.600,0
8.332,-17.79,-0.75,-0.600,0
8.332,-17.79,-0.72,-0.600,0
8.333,-17.79,-0.72,-0.600,0
8.333,-17.79,-0.72,-0.600,0
8.333,-17.79,-0.72,-0.600,0
8.333,-17.79,-0.69,-0.600,0
8.334,-17.79,-0.69,-0.600,0
8.334,-17.79,-0.69,-0.600,0
8.334,-17.79,-0.69,-0.600,0
8.335,-17.79,-0.66,-0.600,0
8.335,-17.79,-0.66,-0.600,0
8.335,-17.79,-0.66,-0.600,0
8.336,-17.79,-0.62,-0.600,0
8.336,-17.79,-0.62,-0.600,0
8.336,-17.79,-0.62,-0.600,0
8.336,-17.79,-0.62,-0.600,0
8.337,-17.79,-0.59,-0.600,0
8.337,-17.79,-0.59,-0.600,0
8.337,-17.79,-0.59,-0.600,0
8.337,-17.79,-0.56,-0.600,0
8.338,-17.79,-0.56,-0.600,0
8.338,-17.79,-0.56,-0.600,0
8.338,-17.79,-0.56,-0.600,0
8.338,-17.79,-0.53,-0.600,0
8.339,-17.79,-0.53,-0.600,0
8.339,-17.79,-0.53,-0.600,0
8.339,-17.79,-0.53,-0.600,0
8.339,-17.79,-0.49,-0.600,0
8.340,-17.79,-0.49,-0.600,0
8.340,-17.79,-0.49,-0.600,0
8.340,-17.79,-0.49,-0.600,0
8.341,-17.79,-0.46,-0.600,0
8.341,-17.79,-0.46,-0.600,0
8.341,-17.79,-0.46,-0.600,0
8.341,-17.79,-0.46,-0.600,0
8.342,-17.79,-0.43,-0.600,0
8.342,-17.79,-0.43,-0.600,0
8.342,-17.79,-0.43,-0.600,0
8.342,-17.79,-0.40,-0.600,0
8.343,-17.79,-0.40,-0.600,0
8.343,-17.79,-0.40,-0.600,0
8.343,-17.79,-0.40,-0.600,0
8.343,-17.79,-0.36,-0.600,0
8.344,-17.79,-0.36,-0.600,0
8.344,-17.79,-0.36,-0.600,0
8.344,-17.79,-0.36,-0.600,0
8.344,-17.79,-0.33,-0.600,0
8.345,-17.79,-0.33,-0.600,0
8.345,-17.79,-0.33,-0.600,0
8.345,-17.79,-0.33,-0.600,0
8.345,-17.79,-0.30,-0.600,0
8.346,-17.79,-0.30,-0.600,0
8.346,-17.79,-0.30,-0.600,0
8.346,-17.79,-0.30,-0.600,0
8.346,-17.79,-0.27,-0.600,0
8.347,-17.79,-0.27,-0.600,0
8.347,-17.79,-0.27,-0.600,0
8.347,-17.79,-0.27,-0.600,0
8.347,-17.79,-0.27,-0.600,0
8.348,-17.79,-0.23,-0.600,0
8.348,-17.79,-0.23,-0.600,0
8.348,-17.79,-0.23,-0.600,0
8.348,-17.79,-0.23,-0.600,0
8.349,-17.79,-0.20,-0.600,0
8.349,-17.79,-0.20,-0.600,0
8.349,-17.79,-0.20,-0.600,0
8.349,-17.79,-0.20,-0.600,0
8.350,-17.79,-0.17,-0.600,0
8.350,-17.79,-0.17,-0.600,0
8.350,-17.79,-0.17,-0.600,0
8.351,-17.79,-0.13,-0.600,0
8.351,-17.79,-0.13,-0.600,0
8.351,-17.79,-0.13,-0.600,0
8.351,-17.79,-0.13,-0.600,0
8.352,-17.79,-0.10,-0.600,0
8.352,-17.79,-0.10,-0.600,0
8.352,-17.79,-0.10,-0.600,0
8.352,-17.79,-0.10,-0.600,0
8.353,-17.79,-0.07,-0.600,0
8.353,-17.79,-0.07,-0.600,0
8.353,-17.79,-0.07,-0.600,0
8.353,-17.79,-0.07,-0.600,0
8.354,-17.79,-0.04,-0.600,0
8.354,-17.79,-0.04,-0.600,0
8.354,-17.79,-0.04,-0.600,0
8.354,-17.79,-0.04,-0.600,0
8.355,-17.79,-0.00,-0.600,0
8.355,-17.79,-0.00,-0.600,0
8.355,-17.79,-0.00,-0.600,0
8.355,-17.79,-0.00,-0.600,0
8.356,-17.79,0.03,-0.600,0
8.356,-17.79,0.03,-0.600,0
8.356,-17.79,0.03,-0.600,0
8.356,-17.79,0.03,-0.600,0
8.357,-17.79,0.06,-0.600,0
8.357,-17.79,0.06,-0.600,0
8.357,-17.79,0.06,-0.600,0
8.358,-17.79,0.09,-0.600,0
8.358,-17.79,0.09,-0.600,0
8.358,-17.79,0.09,-0.600,0
8.358,-17.79,0.09,-0.600,0
8.358,-17.79,0.13,-0.600,0
8.359,-17.79,0.13,-0.600,0
8.359,-17.79,0.13,-0.600,0
8.359,-17.79,0.13,-0.600,0
8.359,-17.79,0.16,-0.600,0
8.360,-17.79,0.16,-0.600,0
8.360,-17.79,0.16,-0.600,0
8.360,-17.79,0.16,-0.600,0
8.360,-17.79,0.19,-0.600,0
8.361,-17.79,0.19,-0.600,0
8.361,-17.79,0.19,-0.600,0
8.361,-17.79,0.19,-0.600,0
8.361,-17.79,0.22,-0.600,0
8.362,-17.79,0.22,-0.600,0
8.362,-17.79,0.22,-0.600,0
8.362,-17.79,0.22,-0.600,0
8.363,-17.79,0.26,-0.600,0
8.363,-17.79,0.26,-0.600,0
8.363,-17.79,0.26,-0.600,0
8.363,-17.79,0.29,-0.600,0
8.364,-17.79,0.29,-0.600,0
8.364,-17.79,0.29,-0.600,0
8.364,-17.79,0.29,-0.600,0
8.364,-17.79,0.32,-0.600,0
8.365,-17.79,0.32,-0.600,0
8.365,-17.79,0.32,-0.600,0
8.365,-17.79,0.32,-0.600,0
8.365,-17.79,0.35,-0.600,0
8.366,-17.79,0.35,-0.600,0
8.366,-17.79,0.35,-0.600,0
8.366,-17.79,0.35,-0.600,0
8.366,-17.79,0.39,-0.600,0
8.367,-17.79,0.39,-0.600,0
8.367,-17.79,0.39,-0.600,0
8.367,-17.79,0.42,-0.600,0
8.368,-17.79,0.42,-0.600,0
8.368,-17.79,0.42,-0.600,1
8.368,-13.75,0.42,-0.600,0
8.369,-13.75,0.45,-0.600,0
8.369,-13.75,0.45,-0.600,0
8.369,-13.75,0.45,-0.600,0
8.369,-13.75,0.45,-0.600,0
8.370,-13.75,0.48,-0.600,0
8.370,-13.75,0.48,-0.600,0
8.370,-13.75,0.48,-0.600,0
8.370,-13.75,0.52,-0.600,0
8.371,-13.75,0.52,-0.600,0
8.371,-13.75,0.52,-0.600,0
8.371,-13.75,0.52,-0.600,0
8.371,-13.75,0.52,-0.600,0
8.372,-13.75,0.55,-0.600,0
8.372,-13.75,0.55,-0.600,0
8.372,-13.75,0.55,-0.600,0
8.372,-13.75,0.58,-0.600,0
8.373,-13.75,0.58,-0.600,0
8.373,-13.75,0.58,-0.600,0
8.373,-13.75,0.58,-0.600,0
8.373,-13.75,0.61,-0.600,0
8.374,-13.75,0.61,-0.600,0
8.374,-13.75,0.61,-0.600,0
8.374,-13.75,0.61,-0.600,0
8.374,-13.75,0.61,-0.600,0
8.374,-13.75,0.65,-0.600,0
8.375,-13.75,0.65,-0.600,0
8.375,-13.75,0.65,-0.600,0
8.375,-13.75,0.65,-0.600,0
8.375,-13.75,0.68,-0.600,0
8.376,-13.75,0.68,-0.600,0
8.376,-13.75,0.68,-0.600,0
8.376,-13.75,0.71,-0.600,0
8.377,-13.75,0.71,-0.600,0
8.377,-13.75,0.71,-0.600,0
8.377,-13.75,0.71,-0.600,0
8.377,-13.75,0.74,-0.600,0
8.378,-13.75,0.74,-0.600,0
8.378,-13.75,0.74,-0.600,0
8.378,-13.75,0.74,-0.600,0
8.378,-13.75,0.78,-0.600,0
8.379,-13.75,0.78,-0.600,0
8.379,-13.75,0.78,-0.600,0
8.379,-13.75,0.78,-0.600,0
8.379,-13.75,0.78,-0.600,0
8.380,-13.75,0.81,-0.600,0
8.380,-13.75,0.81,-0.600,0
8.380,-13.75,0.81,-0.600,0
8.381,-13.75,0.84,-0.600,0
8.381,-13.75,0.84,-0.600,0
8.381,-13.75,0.84,-0.600,0
8.381,-13.75,0.84,-0.600,0
8.381,-13.75,0.87,-0.600,0
8.382,-13.75,0.87,-0.600,0
8.382,-13.75,0.87,-0.600,0
8.382,-13.75,0.87,-0.600,0
8.382,-13.75,0.91,-0.600,0
8.383,-13.75,0.91,-0.600,0
8.383,-13.75,0.91,-0.600,0
8.383,-13.75,0.91,-0.600,0
8.383,-13.75,0.94,-0.600,0
8.384,-13.75,0.94,-0.600,0
8.384,-13.75,0.94,-0.600,0
8.384,-13.75,0.94,-0.600,0
8.384,-13.75,0.97,-0.600,0
8.385,-13.75,0.97,-0.600,0
8.385,-13.75,0.97,-0.600,0
8.385,-13.75,0.97,-0.600,0
8.386,-13.75,1.01,-0.600,0
8.386,-13.75,1.01,-0.600,0
8.386,-13.75,1.01,-0.600,0
8.386,-13.75,1.01,-0.600,0
8.386,-13.75,1.04,-0.600,0
8.387,-13.75,1.04,-0.600,0
8.387,-13.75,1.04,-0.600,0
8.387,-13.75,1.04,-0.600,0
8.387,-13.75,1.07,-0.600,0
8.388,-13.75,1.07,-0.600,0
8.388,-13.75,1.07,-0.600,0
8.388,-13.75,1.07,-0.600,0
8.388,-13.75,1.10,-0.600,0
8.389,-13.75,1.10,-0.600,0
8.389,-13.75,1.10,-0.600,0
8.389,-13.75,1.10,-0.600,0
8.389,-13.75,1.14,-0.600,0
8.390,-13.75,1.14,-0.600,0
8.390,-13.75,1.14,-0.600,0
8.390,-13.75,1.14,-0.600,0
8.390,-13.75,1.17,-0.600,0
8.391,-13.75,1.17,-0.600,0
8.391,-13.75,1.17,-0.600,0
8.391,-13.75,1.17,-0.600,0
8.391,-13.75,1.17,-0.600,0
8.392,-13.75,1.20,-0.600,0
8.392,-13.75,1.20,-0.600,0
8.392,-13.75,1.20,-0.600,0
8.392,-13.75,1.23,-0.600,0
8.393,-13.75,1.23,-0.600,0
8.393,-13.75,1.23,-0.600,0
8.393,-13.75,1.23,-0.600,0
8.393,-13.75,1.27,-0.600,0
8.394,-13.75,1.27,-0.600,0
8.394,-13.75,1.27,-0.600,0
8.394,-13.75,1.27,-0.600,0
8.394,-13.75,1.27,-0.600,0
8.395,-13.75,1.30,-0.600,0
8.395,-13.75,1.30,-0.600,0
8.395,-13.75,1.30,-0.600,0
8.395,-13.75,1.30,-0.600,0
8.396,-13.75,1.33,-0.600,0
8.396,-13.75,1.33,-0.600,0
8.396,-13.75,1.33,-0.600,0
8.396,-13.75,1.33,-0.600,0
8.397,-13.75,1.36,-0.600,0
8.397,-13.75,1.36,-0.600,0
8.397,-13.75,1.36,-0.600,0
8.398,-13.75,1.40,-0.600,0
8.398,-13.75,1.40,-0.600,0
8.398,-13.75,1.40,-0.600,0
8.398,-13.75,1.40,-0.600,0
8.399,-13.75,1.43,-0.600,0
8.399,-13.75,1.43,-0.600,0
8.399,-13.75,1.43,-0.600,0
8.399,-13.75,1.46,-0.600,0
8.400,-13.75,1.46,-0.600,0
8.400,-13.75,1.46,-0.600,0
8.400,-13.75,1.46,-0.600,0
8.400,-13.75,1.49,-0.600,0
8.401,-13.75,1.49,-0.600,0
8.401,-13.75,1.49,-0.600,0
8.401,-13.75,1.49,-0.600,0
8.401,-13.75,1.53,-0.600,0
8.402,-13.75,1.53,-0.600,0
8.402,-13.75,1.53,-0.600,0
8.402,-13.75,1.53,-0.600,0
8.402,-13.75,1.56,-0.600,0
8.403,-13.75,1.56,-0.600,0
8.403,-13.75,1.56,-0.600,0
8.403,-13.75,1.56,-0.600,0
8.403,-13.75,1.59,-0.600,0
8.404,-13.75,1.59,-0.600,0
8.404,-13.75,1.59,-0.600,0
8.404,-13.75,1.59,-0.600,0
8.404,-13.75,1.62,-0.600,0
8.405,-13.75,1.62,-0.600,0
8.405,-13.75,1.62,-0.600,0
8.405,-13.75,1.62,-0.600,0
8.405,-13.75,1.66,-0.600,0
8.406,-13.75,1.66,-0.600,0
8.406,-13.75,1.66,-0.600,0
8.406,-13.75,1.66,-0.600,0
8.406,-13.75,1.69,-0.600,0
8.407,-13.75,1.69,-0.600,0
8.407,-13.75,1.69,-0.600,0
8.407,-13.75,1.69,-0.600,0
8.407,-13.75,1.69,-0.600,0
8.408,-13.75,1.72,-0.600,0
8.408,-13.75,1.72,-0.600,0
8.408,-13.75,1.72,-0.600,0
8.408,-13.75,1.72,-0.600,0
8.408,-13.75,1.75,-0.600,0
8.409,-13.75,1.75,-0.600,0
8.409,-13.75,1.75,-0.600,0
8.409,-13.75,1.75,-0.600,0
8.409,-13.75,1.75,-0.600,0
8.410,-13.75,1.79,-0.600,0
8.410,-13.75,1.79,-0.600,0
8.410,-13.75,1.79,-0.600,0
8.410,-13.75,1.79,-0.600,0
8.411,-13.75,1.82,-0.600,0
8.411,-13.75,1.82,-0.600,0
8.411,-13.75,1.82,-0.600,0
8.411,-13.75,1.82,-0.600,0
8.411,-13.75,1.85,-0.600,0
8.412,-13.75,1.85,-0.600,0
8.412,-13.75,1.85,-0.600,0
8.412,-13.75,1.85,-0.600,0
8.413,-13.75,1.88,-0.600,0
8.413,-13.75,1.88,-0.600,0
8.413,-13.75,1.88,-0.600,0
8.413,-13.75,1.88,-0.600,0
8.413,-13.75,1.92,-0.600,0
8.414,-13.75,1.92,-0.600,0
8.414,-13.75,1.92,-0.600,0
8.414,-13.75,1.92,-0.600,0
8.414,-13.75,1.92,-0.600,0
8.415,-13.75,1.95,-0.600,0
8.415,-13.75,1.95,-0.600,0
8.415,-13.75,1.95,-0.600,0
8.415,-13.75,1.95,-0.600,0
8.416,-13.75,1.98,-0.600,0
8.416,-13.75,1.98,-0.600,0
8.416,-13.75,1.98,-0.600,0
8.416,-13.75,1.98,-0.600,0
8.417,-13.75,2.01,-0.600,0
8.417,-13.75,2.01,-0.600,0
8.417,-13.75,2.01,-0.600,0
8.417,-13.75,2.01,-0.600,0
8.418,-13.75,2.05,-0.600,0
8.418,-13.75,2.05,-0.600,0
8.418,-13.75,2.05,-0.600,0
8.418,-13.75,2.05,-0.600,0
8.419,-13.75,2.08,-0.600,0
8.419,-13.75,2.08,-0.600,0
8.419,-13.75,2.08,-0.600,0
8.419,-13.75,2.11,-0.600,0
8.420,-13.75,2.11,-0.600,0
8.420,-13.75,2.11,-0.600,0
8.420,-13.75,2.11,-0.600,0
8.420,-13.75,2.14,-0.600,0
8.421,-13.75,2.14,-0.600,0
8.421,-13.75,2.14,-0.600,0
8.421,-13.75,2.14,-0.600,0
8.421,-13.75,2.14,-0.600,0
8.422,-13.75,2.18,-0.600,0
8.422,-13.75,2.18,-0.600,0
8.422,-13.75,2.18,-0.600,0
8.422,-13.75,2.18,-0.600,0
8.422,-13.75,2.21,-0.600,0
8.423,-13.75,2.21,-0.600,0
8.423,-13.75,2.21,-0.600,0
8.423,-13.75,2.21,-0.600,0
8.424,-13.75,2.24,-0.600,0
8.424,-13.75,2.24,-0.600,0
8.424,-13.75,2.24,-0.600,0
8.424,-13.75,2.24,-0.600,0
8.425,-13.75,2.27,-0.600,0
8.425,-13.75,2.27,-0.600,0
8.425,-13.75,2.27,-0.600,0
8.425,-13.75,2.27,-0.600,0
8.426,-13.75,2.31,-0.600,0
8.426,-13.75,2.31,-0.600,0
8.426,-13.75,2.31,-0.600,0
8.426,-13.75,2.31,-0.600,0
8.427,-13.75,2.34,-0.600,0
8.427,-13.75,2.34,-0.600,0
8.427,-13.75,2.34,-0.600,0
8.427,-13.75,2.37,-0.600,0
8.428,-13.75,2.37,-0.600,0
8.428,-13.75,2.37,-0.600,0
8.428,-13.75,2.37,-0.600,0
8.428,-13.75,2.40,-0.600,0
8.429,-13.75,2.40,-0.600,0
8.429,-13.75,2.40,-0.600,0
8.429,-13.75,2.40,-0.600,0
8.429,-13.75,2.40,-0.600,0
8.430,-13.75,2.44,-0.600,0
8.430,-13.75,2.44,-0.600,0
8.430,-13.75,2.44,-0.600,0
8.430,-13.75,2.44,-0.600,0
8.431,-13.75,2.47,-0.600,0
8.431,-13.75,2.47,-0.600,0
8.431,-13.75,2.47,-0.600,0
8.431,-13.75,2.50,-0.600,0
8.432,-13.75,2.50,-0.600,0
8.432,-13.75,2.50,-0.600,0
8.432,-13.75,2.50,-0.600,0
8.433,-13.75,2.53,-0.600,0
8.433,-13.75,2.53,-0.600,0
8.433,-13.75,2.53,-0.600,0
8.433,-13.75,2.57,-0.600,0
8.434,-13.75,2.57,-0.600,0
8.434,-13.75,2.57,-0.600,0
8.434,-13.75,2.57,-0.600,0
8.434,-13.75,2.60,-0.600,0
8.435,-13.75,2.60,-0.600,0
8.435,-13.75,2.60,-0.600,0
8.435,-13.75,2.60,-0.600,0
8.435,-13.75,2.60,-0.600,0
8.435,-13.75,2.63,-0.600,0
8.436,-13.75,2.63,-0.600,0
8.436,-13.75,2.63,-0.600,0
8.436,-13.75,2.63,-0.600,0
8.436,-13.75,2.67,-0.600,0
8.437,-13.75,2.67,-0.600,0
8.437,-13.75,2.67,-0.600,0
8.437,-13.75,2.67,-0.600,0
8.437,-13.75,2.67,-0.600,0
8.438,-13.75,2.70,-0.600,0
8.438,-13.75,2.70,-0.600,0
8.438,-13.75,2.70,-0.600,0
8.438,-13.75,2.73,-0.600,0
8.439,-13.75,2.73,-0.600,0
8.439,-13.75,2.73,-0.600,0
8.439,-13.75,2.73,-0.600,0
8.439,-13.75,2.76,-0.600,0
8.440,-13.75,2.76,-0.600,0
8.440,-13.75,2.76,-0.600,0
8.440,-13.75,2.76,-0.600,0
8.440,-13.75,2.79,-0.600,0
8.441,-13.75,2.79,-0.600,0
8.441,-13.75,2.79,-0.600,0
8.441,-13.75,2.79,-0.600,0
8.441,-13.75,2.83,-0.600,0
8.442,-13.75,2.83,-0.600,0
8.442,-13.75,2.83,-0.600,0
8.442,-13.75,2.83,-0.600,0
8.442,-13.75,2.86,-0.600,0
8.443,-13.75,2.86,-0.600,0
8.443,-13.75,2.86,-0.600,0
8.443,-13.75,2.86,-0.600,0
8.443,-13.75,2.86,-0.600,0
8.444,-13.75,2.89,-0.600,0
8.444,-13.75,2.89,-0.600,0
8.444,-13.75,2.89,-0.600,0
8.444,-13.75,2.89,-0.600,0
8.445,-13.75,2.92,-0.600,0
8.445,-13.75,2.92,-0.600,0
8.445,-13.75,2.92,-0.600,0
8.445,-13.75,2.92,-0.600,0
8.446,-13.75,2.96,-0.600,0
8.446,-13.75,2.96,-0.600,0
8.446,-13.75,2.96,-0.600,0
8.446,-13.75,2.96,-0.600,0
8.446,-13.75,2.99,-0.600,0
8.447,-13.75,2.99,-0.600,0
8.447,-13.75,2.99,-0.600,0
8.447,-13.75,2.99,-0.600,0
8.447,-13.75,3.02,-0.600,0
8.448,-13.75,3.02,-0.600,0
8.448,-13.75,3.02,-0.600,0
8.448,-13.75,3.02,-0.600,0
8.448,-13.75,3.05,-0.600,0
8.449,-13.75,3.05,-0.600,0
8.449,-13.75,3.05,-0.600,0
8.449,-13.75,3.05,-0.600,0
8.449,-13.75,3.09,-0.600,0
8.450,-13.75,3.09,-0.600,0
8.450,-13.75,3.09,-0.600,0
8.450,-13.75,3.09,-0.600,0
8.450,-13.75,3.09,-0.600,0
8.451,-13.75,3.12,-0.600,0
8.451,-13.75,3.12,-0.600,0
8.451,-13.75,3.12,-0.600,0
8.451,-13.75,3.15,-0.600,0
8.452,-13.75,3.15,-0.600,0
8.452,-13.75,3.15,-0.600,0
8.452,-13.75,3.15,-0.600,0
8.452,-13.75,3.18,-0.600,0
8.453,-13.75,3.18,-0.600,0
8.453,-13.75,3.18,-0.600,0
8.453,-13.75,3.18,-0.600,0
8.453,-13.75,3.22,-0.600,0
8.454,-13.75,3.22,-0.600,0
8.454,-13.75,3.22,-0.600,0
8.454,-13.75,3.22,-0.600,0
8.454,-13.75,3.25,-0.600,0
8.455,-13.75,3.25,-0.600,0
8.455,-13.75,3.25,-0.600,0
8.455,-13.75,3.25,-0.600,0
8.455,-13.75,3.28,-0.600,0
8.456,-13.75,3.28,-0.600,0
8.456,-13.75,3.28,-0.600,0
8.456,-13.75,3.28,-0.600,0
8.456,-13.75,3.32,-0.600,0
8.457,-13.75,3.32,-0.600,0
8.457,-13.75,3.32,-0.600,0
8.457,-13.75,3.32,-0.600,0
8.457,-13.75,3.35,-0.600,0
8.458,-13.75,3.35,-0.600,0
8.458,-13.75,3.35,-0.600,0
8.458,-13.75,3.35,-0.600,0
8.458,-13.75,3.35,-0.600,0
8.459,-13.75,3.38,-0.600,0
8.459,-13.75,3.38,-0.600,0
8.459,-13.75,3.38,-0.600,0
8.459,-13.75,3.38,-0.600,0
8.460,-13.75,3.41,-0.600,0
8.460,-13.75,3.41,-0.600,0
8.460,-13.75,3.41,-0.600,0
8.460,-13.75,3.45,-0.600,0
8.461,-13.75,3.45,-0.600,0
8.461,-13.75,3.45,-0.600,0
8.461,-13.75,3.45,-0.600,0
8.461,-13.75,3.48,-0.600,0
8.462,-13.75,3.48,-0.600,0
8.462,-13.75,3.48,-0.600,0
8.462,-13.75,3.48,-0.600,0
8.462,-13.75,3.51,-0.600,0
8.463,-13.75,3.51,-0.600,0
8.463,-13.75,3.51,-0.600,0
8.463,-13.75,3.51,-0.600,0
8.463,-13.75,3.51,-0.600,0
8.464,-13.75,3.54,-0.600,0
8.464,-13.75,3.54,-0.600,0
8.464,-13.75,3.54,-0.600,0
8.464,-13.75,3.54,-0.600,0
8.465,-13.75,3.58,-0.600,0
8.465,-13.75,3.58,-0.600,0
8.465,-13.75,3.58,-0.600,0
8.466,-13.75,3.61,-0.600,0
8.466,-13.75,3.61,-0.600,0
8.466,-13.75,3.61,-0.600,0
8.466,-13.75,3.61,-0.600,0
8.467,-13.75,3.64,-0.600,0
8.467,-13.75,3.64,-0.600,0
8.467,-13.75,3.64,-0.600,0
8.468,-13.75,3.67,-0.600,0
8.468,-13.75,3.67,-0.600,0
8.468,-13.75,3.67,-0.600,0
8.468,-13.75,3.71,-0.600,0
8.469,-13.75,3.71,-0.600,0
8.469,-13.75,3.71,-0.600,0
8.469,-13.75,3.71,-0.600,0
8.469,-13.75,3.74,-0.600,0
8.470,-13.75,3.74,-0.600,0
8.470,-13.75,3.74,-0.600,0
8.470,-13.75,3.74,-0.600,0
8.470,-13.75,3.74,-0.600,0
8.471,-13.75,3.77,-0.600,0
8.471,-13.75,3.77,-0.600,0
8.471,-13.75,3.77,-0.600,0
8.471,-13.75,3.77,-0.600,0
8.472,-13.75,3.80,-0.600,0
8.472,-13.75,3.80,-0.600,0
8.472,-13.75,3.80,-0.600,0
8.472,-13.75,3.80,-0.600,0
8.472,-13.75,3.84,-0.600,0
8.473,-13.75,3.84,-0.600,0
8.473,-13.75,3.84,-0.600,0
8.473,-13.75,3.84,-0.600,0
8.473,-13.75,3.87,-0.600,0
8.474,-13.75,3.87,-0.600,0
8.474,-13.75,3.87,-0.600,0
8.474,-13.75,3.87,-0.600,0
8.474,-13.75,3.90,-0.600,0
8.475,-13.75,3.90,-0.600,0
8.475,-13.75,3.90,-0.600,0
8.475,-13.75,3.90,-0.600,0
8.475,-13.75,3.93,-0.600,0
8.476,-13.75,3.93,-0.600,0
8.476,-13.75,3.93,-0.600,0
8.476,-13.75,3.93,-0.600,0
8.476,-13.75,3.97,-0.600,0
8.477,-13.75,3.97,-0.600,0
8.477,-13.75,3.97,-0.600,0
8.477,-13.75,3.97,-0.600,0
8.477,-13.75,3.97,-0.600,0
8.477,-13.75,4.00,-0.600,0
8.478,-13.75,4.00,-0.600,0
8.478,-13.75,4.00,-0.600,0
8.478,-13.75,4.00,-0.600,0
8.478,-13.75,4.00,-0.600,0
8.479,-13.75,4.03,-0.600,0
8.479,-13.75,4.03,-0.600,0
8.479,-13.75,4.03,-0.600,0
8.479,-13.75,4.03,-0.600,0
8.479,-13.75,4.06,-0.600,0
8.480,-13.75,4.06,-0.600,0
8.480,-13.75,4.06,-0.600,0
8.480,-13.75,4.06,-0.600,0
8.480,-13.75,4.06,-0.600,0
8.481,-13.75,4.10,-0.600,0
8.481,-13.75,4.10,-0.600,0
8.481,-13.75,4.10,-0.600,0
8.481,-13.75,4.13,-0.600,0
8.482,-13.75,4.13,-0.600,0
8.482,-13.75,4.13,-0.600,0
8.482,-13.75,4.13,-0.600,0
8.482,-13.75,4.16,-0.600,0
8.483,-13.75,4.16,-0.600,0
8.483,-13.75,4.16,-0.600,0
8.483,-13.75,4.16,-0.600,0
8.483,-13.75,4.19,-0.600,0
8.484,-13.75,4.19,-0.600,0
8.484,-13.75,4.19,-0.600,0
8.484,-13.75,4.19,-0.600,0
8.484,-13.75,4.19,-0.600,0
8.485,-13.75,4.23,-0.600,0
8.485,-13.75,4.23,-0.600,0
8.485,-13.75,4.23,-0.600,0
8.485,-13.75,4.23,-0.600,0
8.486,-13.75,4.26,-0.600,0
8.486,-13.75,4.26,-0.600,0
8.486,-13.75,4.26,-0.600,0
8.486,-13.75,4.26,-0.600,0
8.487,-13.75,4.29,-0.600,0
8.487,-13.75,4.29,-0.600,0
8.487,-13.75,4.29,-0.600,0
8.487,-13.75,4.29,-0.600,0
8.488,-13.75,4.32,-0.600,0
8.488,-13.75,4.32,-0.600,0
8.488,-13.75,4.32,-0.600,0
8.488,-13.75,4.32,-0.600,0
8.489,-13.75,4.36,-0.600,0
8.489,-13.75,4.36,-0.600,0
8.489,-13.75,4.36,-0.600,0
8.490,-13.75,4.39,-0.600,0
8.490,-13.75,4.39,-0.600,0
8.490,-13.75,4.39,-0.600,0
8.490,-13.75,4.42,-0.600,0
8.491,-13.75,4.42,-0.600,0
8.491,-13.75,4.42,-0.600,0
8.491,-13.75,4.42,-0.600,0
8.491,-13.75,4.42,-0.600,0
8.492,-13.75,4.45,-0.600,0
8.492,-13.75,4.45,-0.600,0
8.492,-13.75,4.45,-0.600,0
8.492,-13.75,4.49,-0.600,0
8.493,-13.75,4.49,-0.600,0
8.493,-13.75,4.49,-0.600,0
8.493,-13.75,4.52,-0.600,0
8.494,-13.75,4.52,-0.600,0
8.494,-13.75,4.52,-0.600,0
8.494,-13.75,4.52,-0.600,0
8.494,-13.75,4.52,-0.600,0
8.495,-13.75,4.55,-0.600,0
8.495,-13.75,4.55,-0.600,0
8.495,-13.75,4.55,-0.600,0
8.496,-13.75,4.58,-0.600,0
8.496,-13.75,4.58,-0.600,0
8.496,-13.75,4.58,-0.600,0
8.496,-13.75,4.62,-0.600,0
8.497,-13.75,4.62,-0.600,0
8.497,-13.75,4.62,-0.600,0
8.497,-13.75,4.62,-0.600,0
8.497,-13.75,4.65,-0.600,0
8.498,-13.75,4.65,-0.600,0
8.498,-13.75,4.65,-0.600,0
8.498,-13.75,4.65,-0.600,0
8.498,-13.75,4.65,-0.600,0
8.499,-13.75,4.68,-0.600,0
8.499,-13.75,4.68,-0.600,0
8.499,-13.75,4.68,-0.600,0
8.499,-13.75,4.71,-0.600,0
8.500,-13.75,4.71,-0.600,0
8.500,-13.75,4.71,-0.600,0
8.500,-13.75,4.71,-0.600,0
8.501,-13.75,4.75,-0.600,0
8.501,-13.75,4.75,-0.600,0
8.501,-13.75,4.78,-0.600,0
8.502,-13.75,4.78,-0.600,1
8.503,-10.85,4.81,-0.600,0
8.503,-10.85,4.81,-0.600,0
8.503,-10.85,4.81,-0.600,0
8.504,-10.85,4.84,-0.600,0
8.504,-10.85,4.84,-0.600,0
8.504,-10.85,4.84,-0.600,0
8.504,-10.85,4.88,-0.600,0
8.505,-10.85,4.88,-0.600,0
8.505,-10.85,4.88,-0.600,0
8.505,-10.85,4.88,-0.600,0
8.505,-10.85,4.88,-0.600,0
8.506,-10.85,4.91,-0.600,0
8.506,-10.85,4.91,-0.600,0
8.506,-10.85,4.91,-0.600,0
8.506,-10.85,4.94,-0.600,0
8.507,-10.85,4.94,-0.600,0
8.507,-10.85,4.94,-0.600,0
8.507,-10.85,4.94,-0.600,0
8.507,-10.85,4.97,-0.600,0
8.508,-10.85,4.97,-0.600,0
8.508,-10.85,4.97,-0.600,0
8.508,-10.85,4.97,-0.600,0
8.509,-10.85,5.01,-0.600,0
8.509,-10.85,5.01,-0.600,0
8.509,-10.85,5.01,-0.600,0
8.509,-10.85,5.01,-0.600,0
8.510,-10.85,5.04,-0.600,0
8.510,-10.85,5.04,-0.600,0
8.510,-10.85,5.04,-0.600,0
8.511,-10.85,5.07,-0.600,0
8.511,-10.85,5.07,-0.600,0
8.511,-10.85,5.07,-0.600,0
8.511,-10.85,5.07,-0.600,0
8.511,-10.85,5.10,-0.600,0
8.512,-10.85,5.10,-0.600,0
8.512,-10.85,5.10,-0.600,0
8.512,-10.85,5.10,-0.600,0
8.513,-10.85,5.14,-0.600,0
8.513,-10.85,5.14,-0.600,0
8.513,-10.85,5.14,-0.600,0
8.513,-10.85,5.17,-0.600,0
8.514,-10.85,5.17,-0.600,0
8.514,-10.85,5.17,-0.600,0
8.514,-10.85,5.17,-0.600,0
8.514,-10.85,5.20,-0.600,0
8.515,-10.85,5.20,-0.600,0
8.515,-10.85,5.20,-0.600,0
8.515,-10.85,5.20,-0.600,0
8.516,-10.85,5.23,-0.600,0
8.516,-10.85,5.23,-0.600,0
8.516,-10.85,5.27,-0.600,0
8.517,-10.85,5.27,-0.600,0
8.517,-10.85,5.27,-0.600,0
8.517,-10.85,5.27,-0.600,0
8.518,-10.85,5.30,-0.600,0
8.518,-10.85,5.30,-0.600,0
8.518,-10.85,5.30,-0.600,0
8.518,-10.85,5.30,-0.600,0
8.519,-10.85,5.33,-0.600,0
8.519,-10.85,5.33,-0.600,0
8.519,-10.85,5.33,-0.600,0
8.519,-10.85,5.33,-0.600,0
8.520,-10.85,5.36,-0.600,0
8.520,-10.85,5.36,-0.600,0
8.520,-10.85,5.36,-0.600,0
8.520,-10.85,5.40,-0.600,0
8.521,-10.85,5.40,-0.600,0
8.521,-10.85,5.40,-0.600,0
8.521,-10.85,5.40,-0.600,0
8.522,-10.85,5.43,-0.600,0
8.522,-10.85,5.43,-0.600,0
8.522,-10.85,5.43,-0.600,0
8.522,-10.85,5.43,-0.600,0
8.523,-10.85,5.46,-0.600,0
8.523,-10.85,5.46,-0.600,0
8.523,-10.85,5.46,-0.600,0
8.523,-10.85,5.49,-0.600,0
8.524,-10.85,5.49,-0.600,0
8.524,-10.85,5.49,-0.600,0
8.524,-10.85,5.49,-0.600,0
8.524,-10.85,5.53,-0.600,0
8.525,-10.85,5.53,-0.600,0
8.525,-10.85,5.53,-0.600,0
8.525,-10.85,5.53,-0.600,0
8.525,-10.85,5.56,-0.600,0
8.526,-10.85,5.56,-0.600,0
8.526,-10.85,5.56,-0.600,0
8.526,-10.85,5.56,-0.600,0
8.526,-10.85,5.59,-0.600,0
8.527,-10.85,5.59,-0.600,0
8.527,-10.85,5.59,-0.600,0
8.527,-10.85,5.59,-0.600,0
8.527,-10.85,5.62,-0.600,0
8.528,-10.85,5.62,-0.600,0
8.528,-10.85,5.62,-0.600,0
8.528,-10.85,5.62,-0.600,0
8.528,-10.85,5.66,-0.600,0
8.529,-10.85,5.66,-0.600,0
8.529,-10.85,5.66,-0.600,0
8.529,-10.85,5.66,-0.600,0
8.529,-10.85,5.69,-0.600,0
8.530,-10.85,5.69,-0.600,0
8.530,-10.85,5.69,-0.600,0
8.530,-10.85,5.69,-0.600,0
8.530,-10.85,5.72,-0.600,0
8.531,-10.85,5.72,-0.600,0
8.531,-10.85,5.72,-0.600,0
8.531,-10.85,5.72,-0.600,0
8.531,-10.85,5.75,-0.600,0
8.532,-10.85,5.75,-0.600,0
8.532,-10.85,5.75,-0.600,0
8.532,-10.85,5.75,-0.600,0
8.532,-10.85,5.79,-0.600,0
8.533,-10.85,5.79,-0.600,0
8.533,-10.85,5.79,-0.600,0
8.533,-10.85,5.79,-0.600,0
8.534,-10.85,5.82,-0.600,0
8.534,-10.85,5.82,-0.600,0
8.534,-10.85,5.82,-0.600,0
8.534,-10.85,5.82,-0.600,0
8.535,-10.85,5.85,-0.600,0
8.535,-10.85,5.85,-0.600,0
8.535,-10.85,5.85,-0.600,0
8.535,-10.85,5.85,-0.600,0
8.536,-10.85,5.88,-0.600,0
8.536,-10.85,5.88,-0.600,0
8.536,-10.85,5.88,-0.600,0
8.537,-10.85,5.92,-0.600,0
8.537,-10.85,5.92,-0.600,0
8.537,-10.85,5.92,-0.600,0
8.537,-10.85,5.95,-0.600,0
8.538,-10.85,5.95,-0.600,0
8.538,-10.85,5.95,-0.600,0
8.538,-10.85,5.95,-0.600,0
8.538,-10.85,5.98,-0.600,0
8.539,-10.85,5.98,-0.600,0
8.539,-10.85,5.98,-0.600,0
8.539,-10.85,5.98,-0.600,0
8.539,-10.85,5.98,-0.600,0
8.540,-10.85,6.01,-0.600,0
8.540,-10.85,6.01,-0.600,0
8.540,-10.85,6.01,-0.600,0
8.540,-10.85,6.01,-0.600,0
8.540,-10.85,6.05,-0.600,0
8.541,-10.85,6.05,-0.600,0
8.541,-10.85,6.05,-0.600,0
8.541,-10.85,6.05,-0.600,0
8.541,-10.85,6.05,-0.600,0
8.542,-10.85,6.08,-0.600,0
8.542,-10.85,6.08,-0.600,0
8.542,-10.85,6.08,-0.600,0
8.542,-10.85,6.08,-0.600,0
8.543,-10.85,6.11,-0.600,0
8.543,-10.85,6.11,-0.600,0
8.543,-10.85,6.11,-0.600,0
8.543,-10.85,6.14,-0.600,0
8.544,-10.85,6.14,-0.600,0
8.544,-10.85,6.14,-0.600,0
8.544,-10.85,6.14,-0.600,0
8.545,-10.85,6.18,-0.600,0
8.545,-10.85,6.18,-0.600,0
8.545,-10.85,6.18,-0.600,0
8.545,-10.85,6.21,-0.600,0
8.546,-10.85,6.21,-0.600,0
8.546,-10.85,6.21,-0.600,0
8.546,-10.85,6.21,-0.600,0
8.546,-10.85,6.24,-0.600,0
8.547,-10.85,6.24,-0.600,0
8.547,-10.85,6.24,-0.600,0
8.547,-10.85,6.24,-0.600,0
8.547,-10.85,6.27,-0.600,0
8.548,-10.85,6.27,-0.600,0
8.548,-10.85,6.27,-0.600,0
8.548,-10.85,6.27,-0.600,0
8.548,-10.85,6.31,-0.600,0
8.549,-10.85,6.31,-0.600,0
8.549,-10.85,6.31,-0.600,0
8.549,-10.85,6.31,-0.600,0
8.550,-10.85,6.34,-0.600,0
8.550,-10.85,6.34,-0.600,0
8.550,-10.85,6.34,-0.600,0
8.550,-10.85,6.34,-0.600,0
8.551,-10.85,6.37,-0.600,0
8.551,-10.85,6.37,-0.600,0
8.551,-10.85,6.37,-0.600,0
8.552,-10.85,6.40,-0.600,0
8.552,-10.85,6.40,-0.600,0
8.552,-10.85,6.40,-0.600,0
8.552,-10.85,6.40,-0.600,0
8.553,-10.85,6.44,-0.600,0
8.553,-10.85,6.44,-0.600,0
8.553,-10.85,6.44,-0.600,0
8.553,-10.85,6.44,-0.600,0
8.553,-10.85,6.47,-0.600,0
8.554,-10.85,6.47,-0.600,0
8.554,-10.85,6.47,-0.600,0
8.554,-10.85,6.47,-0.600,0
8.555,-10.85,6.50,-0.600,0
8.555,-10.85,6.50,-0.600,0
8.555,-10.85,6.50,-0.600,0
8.555,-10.85,6.50,-0.600,0
8.556,-10.85,6.54,-0.600,0
8.556,-10.85,6.54,-0.600,0
8.556,-10.85,6.54,-0.600,0
8.556,-10.85,6.57,-0.600,0
8.557,-10.85,6.57,-0.600,0
8.557,-10.85,6.57,-0.600,0
8.557,-10.85,6.57,-0.600,0
8.557,-10.85,6.57,-0.600,0
8.558,-10.85,6.60,-0.600,0
8.558,-10.85,6.60,-0.600,0
8.558,-10.85,6.60,-0.600,0
8.558,-10.85,6.63,-0.600,0
8.559,-10.85,6.63,-0.600,0
8.559,-10.85,6.63,-0.600,0
8.559,-10.85,6.63,-0.600,0
8.559,-10.85,6.66,-0.600,0
8.560,-10.85,6.66,-0.600,0
8.560,-10.85,6.66,-0.600,0
8.560,-10.85,6.66,-0.600,0
8.560,-10.85,6.66,-0.600,0
8.561,-10.85,6.70,-0.600,0
8.561,-10.85,6.70,-0.600,0
8.561,-10.85,6.70,-0.600,0
8.561,-10.85,6.70,-0.600,0
8.562,-10.85,6.73,-0.600,0
8.562,-10.85,6.73,-0.600,0
8.562,-10.85,6.73,-0.600,0
8.562,-10.85,6.73,-0.600,0
8.562,-10.85,6.76,-0.600,0
8.563,-10.85,6.76,-0.600,0
8.563,-10.85,6.76,-0.600,0
8.563,-10.85,6.76,-0.600,0
8.563,-10.85,6.79,-0.600,0
8.564,-10.85,6.79,-0.600,0
8.564,-10.85,6.79,-0.600,0
8.564,-10.85,6.79,-0.600,0
8.565,-10.85,6.83,-0.600,0
8.565,-10.85,6.83,-0.600,0
8.565,-10.85,6.83,-0.600,0
8.565,-10.85,6.83,-0.600,0
8.566,-10.85,6.86,-0.600,0
8.566,-10.85,6.86,-0.600,0
8.566,-10.85,6.86,-0.600,0
8.566,-10.85,6.89,-0.600,0
8.567,-10.85,6.89,-0.600,0
8.567,-10.85,6.89,-0.600,0
8.567,-10.85,6.89,-0.600,0
8.568,-10.85,6.93,-0.600,0
8.568,-10.85,6.93,-0.600,0
8.568,-10.85,6.93,-0.600,0
8.568,-10.85,6.96,-0.600,0
8.569,-10.85,6.96,-0.600,0
8.569,-10.85,6.96,-0.600,0
8.569,-10.85,6.96,-0.600,0
8.570,-10.85,6.99,-0.600,0
8.570,-10.85,6.99,-0.600,0
8.570,-10.85,6.99,-0.600,0
8.570,-10.85,6.99,-0.600,0
8.571,-10.85,7.02,-0.600,0
8.571,-10.85,7.02,-0.600,0
8.571,-10.85,7.02,-0.600,0
8.571,-10.85,7.02,-0.600,0
8.572,-10.85,7.05,-0.600,0
8.572,-10.85,7.05,-0.600,0
8.572,-10.85,7.05,-0.600,0
8.572,-10.85,7.09,-0.600,0
8.573,-10.85,7.09,-0.600,0
8.573,-10.85,7.09,-0.600,0
8.573,-10.85,7.09,-0.600,0
8.574,-10.85,7.12,-0.600,0
8.574,-10.85,7.12,-0.600,0
8.574,-10.85,7.12,-0.600,0
8.574,-10.85,7.12,-0.600,0
8.575,-10.85,7.15,-0.600,0
8.575,-10.85,7.15,-0.600,0
8.575,-10.85,7.15,-0.600,0
8.575,-10.85,7.15,-0.600,0
8.576,-10.85,7.19,-0.600,0
8.576,-10.85,7.19,-0.600,0
8.576,-10.85,7.19,-0.600,0
8.576,-10.85,7.19,-0.600,0
8.577,-10.85,7.22,-0.600,0
8.577,-10.85,7.22,-0.600,0
8.577,-10.85,7.22,-0.600,0
8.577,-10.85,7.22,-0.600,0
8.578,-10.85,7.25,-0.600,0
8.578,-10.85,7.25,-0.600,0
8.578,-10.85,7.25,-0.600,0
8.578,-10.85,7.28,-0.600,0
8.579,-10.85,7.28,-0.600,0
8.579,-10.85,7.28,-0.600,0
8.579,-10.85,7.28,-0.600,0
8.580,-10.85,7.32,-0.600,0
8.580,-10.85,7.32,-0.600,0
8.580,-10.85,7.32,-0.600,0
8.580,-10.85,7.32,-0.600,0
8.581,-10.85,7.35,-0.600,0
8.581,-10.85,7.35,-0.600,0
8.581,-10.85,7.35,-0.600,0
8.581,-10.85,7.35,-0.600,0
8.582,-10.85,7.38,-0.600,0
8.582,-10.85,7.38,-0.600,0
8.582,-10.85,7.38,-0.600,0
8.582,-10.85,7.38,-0.600,0
8.583,-10.85,7.41,-0.600,0
8.583,-10.85,7.41,-0.600,0
8.583,-10.85,7.41,-0.600,0
8.583,-10.85,7.41,-0.600,0
8.584,-10.85,7.45,-0.600,0
8.584,-10.85,7.45,-0.600,0
8.584,-10.85,7.45,-0.600,0
8.584,-10.85,7.48,-0.600,0
8.585,-10.85,7.48,-0.600,0
8.585,-10.85,7.48,-0.600,0
8.585,-10.85,7.48,-0.600,0
8.585,-10.85,7.51,-0.600,0
8.586,-10.85,7.51,-0.600,0
8.586,-10.85,7.51,-0.600,0
8.586,-10.85,7.51,-0.600,0
8.587,-10.85,7.54,-0.600,0
8.587,-10.85,7.54,-0.600,0
8.587,-10.85,7.54,-0.600,0
8.587,-10.85,7.58,-0.600,0
8.588,-10.85,7.58,-0.600,0
8.588,-10.85,7.58,-0.600,0
8.588,-10.85,7.58,-0.600,0
8.588,-10.85,7.61,-0.600,0
8.589,-10.85,7.61,-0.600,0
8.589,-10.85,7.61,-0.600,0
8.589,-10.85,7.61,-0.600,0
8.589,-10.85,7.64,-0.600,0
8.590,-10.85,7.64,-0.600,0
8.590,-10.85,7.64,-0.600,0
8.590,-10.85,7.64,-0.600,0
8.590,-10.85,7.67,-0.600,0
8.591,-10.85,7.67,-0.600,0
8.591,-10.85,7.67,-0.600,0
8.591,-10.85,7.67,-0.600,0
8.592,-10.85,7.71,-0.600,0
8.592,-10.85,7.71,-0.600,0
8.592,-10.85,7.71,-0.600,0
8.592,-10.85,7.71,-0.600,0
8.593,-10.85,7.74,-0.600,0
8.593,-10.85,7.74,-0.600,0
8.593,-10.85,7.74,-0.600,0
8.593,-10.85,7.74,-0.600,0
8.594,-10.85,7.77,-0.600,0
8.594,-10.85,7.77,-0.600,0
8.594,-10.85,7.77,-0.600,0
8.594,-10.85,7.77,-0.600,0
8.595,-10.85,7.80,-0.600,0
8.595,-10.85,7.80,-0.600,0
8.595,-10.85,7.80,-0.600,0
8.595,-10.85,7.80,-0.600,0
8.596,-10.85,7.83,-0.600,0
8.596,-10.85,7.83,-0.600,0
8.596,-10.85,7.83,-0.600,0
8.596,-10.85,7.87,-0.600,0
8.597,-10.85,7.87,-0.600,0
8.597,-10.85,7.87,-0.600,0
8.597,-10.85,7.87,-0.600,0
8.597,-10.85,7.90,-0.600,0
8.598,-10.85,7.90,-0.600,0
8.598,-10.85,7.90,-0.600,0
8.598,-10.85,7.90,-0.600,0
8.598,-10.85,7.93,-0.600,0
8.599,-10.85,7.93,-0.600,0
8.599,-10.85,7.93,-0.600,0
8.599,-10.85,7.97,-0.600,0
8.600,-10.85,7.97,-0.600,0
8.600,-10.85,7.97,-0.600,0
8.600,-10.85,7.97,-0.600,0
8.601,-10.85,8.00,-0.600,0
8.601,-10.85,8.00,-0.600,0
8.601,-10.85,8.00,-0.600,0
8.601,-10.85,8.00,-0.600,0
8.602,-10.85,8.03,-0.600,0
8.602,-10.85,8.03,-0.600,0
8.602,-10.85,8.03,-0.600,0
8.602,-10.85,8.06,-0.600,0
8.603,-10.85,8.06,-0.600,0
8.603,-10.85,8.06,-0.600,0
8.603,-10.85,8.06,-0.600,0
8.603,-10.85,8.10,-0.600,0
8.604,-10.85,8.10,-0.600,0
8.604,-10.85,8.10,-0.600,0
8.604,-10.85,8.10,-0.600,0
8.604,-10.85,8.13,-0.600,0
8.605,-10.85,8.13,-0.600,0
8.605,-10.85,8.13,-0.600,0
8.605,-10.85,8.13,-0.600,0
8.605,-10.85,8.16,-0.600,0
8.606,-10.85,8.16,-0.600,0
8.606,-10.85,8.16,-0.600,0
8.606,-10.85,8.16,-0.600,0
8.607,-10.85,8.19,-0.600,0
8.607,-10.85,8.19,-0.600,0
8.607,-10.85,8.19,-0.600,0
8.607,-10.85,8.19,-0.600,0
8.608,-10.85,8.23,-0.600,0
8.608,-10.85,8.23,-0.600,0
8.608,-10.85,8.23,-0.600,0
8.608,-10.85,8.23,-0.600,0
8.609,-10.85,8.26,-0.600,0
8.609,-10.85,8.26,-0.600,0
8.609,-10.85,8.26,-0.600,0
8.609,-10.85,8.26,-0.600,0
8.610,-10.85,8.29,-0.600,0
8.610,-10.85,8.29,-0.600,0
8.610,-10.85,8.29,-0.600,0
8.610,-10.85,8.29,-0.600,0
8.611,-10.85,8.32,-0.600,0
8.611,-10.85,8.32,-0.600,0
8.611,-10.85,8.32,-0.600,0
8.611,-10.85,8.32,-0.600,0
8.612,-10.85,8.36,-0.600,0
8.612,-10.85,8.36,-0.600,0
8.612,-10.85,8.36,-0.600,0
8.612,-10.85,8.36,-0.600,0
8.613,-10.85,8.39,-0.600,0
8.613,-10.85,8.39,-0.600,0
8.613,-10.85,8.39,-0.600,0
8.613,-10.85,8.42,-0.600,0
8.614,-10.85,8.42,-0.600,0
8.614,-10.85,8.42,-0.600,0
8.614,-10.85,8.42,-0.600,0
8.614,-10.85,8.45,-0.600,0
8.615,-10.85,8.45,-0.600,0
8.615,-10.85,8.45,-0.600,0
8.615,-10.85,8.45,-0.600,0
8.615,-10.85,8.49,-0.600,0
8.616,-10.85,8.49,-0.600,0
8.616,-10.85,8.49,-0.600,0
8.616,-10.85,8.49,-0.600,0
8.617,-10.85,8.52,-0.600,0
8.617,-10.85,8.52,-0.600,0
8.617,-10.85,8.52,-0.600,0
8.617,-10.85,8.52,-0.600,0
8.618,-10.85,8.55,-0.600,0
8.618,-10.85,8.55,-0.600,0
8.618,-10.85,8.55,-0.600,0
8.618,-10.85,8.55,-0.600,0
8.619,-10.85,8.58,-0.600,0
8.619,-10.85,8.58,-0.600,0
8.619,-10.85,8.58,-0.600,0
8.619,-10.85,8.58,-0.600,0
8.620,-10.85,8.62,-0.600,0
8.620,-10.85,8.62,-0.600,0
8.620,-10.85,8.62,-0.600,0
8.620,-10.85,8.65,-0.600,0
8.621,-10.85,8.65,-0.600,0
8.621,-10.85,8.65,-0.600,0
8.621,-10.85,8.65,-0.600,0
8.621,-10.85,8.68,-0.600,0
8.622,-10.85,8.68,-0.600,0
8.622,-10.85,8.68,-0.600,0
8.622,-10.85,8.68,-0.600,0
8.623,-10.85,8.71,-0.600,0
8.623,-10.85,8.71,-0.600,0
8.623,-10.85,8.71,-0.600,0
8.623,-10.85,8.71,-0.600,0
8.624,-10.85,8.75,-0.600,0
8.624,-10.85,8.75,-0.600,0
8.624,-10.85,8.75,-0.600,0
8.624,-10.85,8.75,-0.600,0
8.625,-10.85,8.78,-0.600,0
8.625,-10.85,8.78,-0.600,0
8.625,-10.85,8.78,-0.600,0
8.625,-10.85,8.78,-0.600,0
8.626,-10.85,8.81,-0.600,0
8.626,-10.85,8.81,-0.600,0
8.626,-10.85,8.81,-0.600,0
8.626,-10.85,8.81,-0.600,0
8.627,-10.85,8.84,-0.600,0
8.627,-10.85,8.84,-0.600,0
8.627,-10.85,8.84,-0.600,0
8.628,-10.85,8.88,-0.600,0
8.628,-10.85,8.88,-0.600,0
8.628,-10.85,8.88,-0.600,0
8.628,-10.85,8.88,-0.600,0
8.629,-10.85,8.91,-0.600,0
8.629,-10.85,8.91,-0.600,0
8.629,-10.85,8.91,-0.600,0
8.629,-10.85,8.91,-0.600,0
8.630,-10.85,8.94,-0.600,0
8.630,-10.85,8.94,-0.600,0
8.630,-10.85,8.94,-0.600,0
8.630,-10.85,8.94,-0.600,0
8.631,-10.85,8.97,-0.600,0
8.631,-10.85,8.97,-0.600,0
8.631,-10.85,8.97,-0.600,0
8.631,-10.85,8.97,-0.600,0
8.632,-10.85,9.01,-0.600,0
8.632,-10.85,9.01,-0.600,0
8.632,-10.85,9.01,-0.600,0
8.632,-10.85,9.01,-0.600,0
8.633,-10.85,9.04,-0.600,0
8.633,-10.85,9.04,-0.600,0
8.633,-10.85,9.04,-0.600,0
8.634,-10.85,9.07,-0.600,0
8.634,-10.85,9.07,-0.600,0
8.634,-10.85,9.07,-0.600,0
8.634,-10.85,9.10,-0.600,0
8.635,-10.85,9.10,-0.600,0
8.635,-10.85,9.10,-0.600,0
8.635,-10.85,9.10,-0.600,0
8.635,-10.85,9.14,-0.600,0
8.636,-10.85,9.14,-0.600,0
8.636,-10.85,9.14,-0.600,0
8.636,-10.85,9.14,-0.600,0
8.636,-10.85,9.17,-0.600,0
8.637,-10.85,9.17,-0.600,0
8.637,-10.85,9.17,-0.600,0
8.637,-10.85,9.17,-0.600,0
8.637,-10.85,9.20,-0.600,0
8.638,-10.85,9.20,-0.600,0
8.638,-10.85,9.20,-0.600,0
8.638,-10.85,9.20,-0.600,0
8.638,-10.85,9.23,-0.600,0
8.639,-10.85,9.23,-0.600,0
8.639,-10.85,9.23,-0.600,0
8.639,-10.85,9.23,-0.600,0
8.639,-10.85,9.27,-0.600,0
8.640,-10.85,9.27,-0.600,0
8.640,-10.85,9.27,-0.600,0
8.640,-10.85,9.27,-0.600,0
8.640,-10.85,9.30,-0.600,0
8.641,-10.85,9.30,-0.600,0
8.641,-10.85,9.30,-0.600,0
8.641,-10.85,9.30,-0.600,0
8.641,-10.85,9.33,-0.600,0
8.642,-10.85,9.33,-0.600,0
8.642,-10.85,9.33,-0.600,0
8.642,-10.85,9.33,-0.600,0
8.642,-10.85,9.33,-0.600,0
8.643,-10.85,9.36,-0.600,0
8.643,-10.85,9.36,-0.600,0
8.643,-10.85,9.36,-0.600,0
8.643,-10.85,9.36,-0.600,0
8.644,-10.85,9.40,-0.600,0
8.644,-10.85,9.40,-0.600,0
8.644,-10.85,9.40,-0.600,0
8.644,-10.85,9.40,-0.600,0
8.645,-10.85,9.43,-0.600,0
8.645,-10.85,9.43,-0.600,0
8.645,-10.85,9.43,-0.600,0
8.645,-10.85,9.43,-0.600,0
8.646,-10.85,9.46,-0.600,0
8.646,-10.85,9.46,-0.600,0
8.646,-10.85,9.46,-0.600,0
8.646,-10.85,9.46,-0.600,0
8.647,-10.85,9.49,-0.600,0
8.647,-10.85,9.49,-0.600,0
8.647,-10.85,9.49,-0.600,0
8.648,-10.85,9.53,-0.600,0
8.648,-10.85,9.53,-0.600,0
8.648,-10.85,9.53,-0.600,0
8.648,-10.85,9.53,-0.600,0
8.649,-10.85,9.56,-0.600,0
8.649,-10.85,9.56,-0.600,0
8.649,-10.85,9.56,-0.600,0
8.650,-10.85,9.59,-0.600,0
8.650,-10.85,9.59,-0.600,0
8.650,-10.85,9.59,-0.600,0
8.650,-10.85,9.62,-0.600,0
8.651,-10.85,9.62,-0.600,0
8.651,-10.85,9.62,-0.600,0
8.651,-10.85,9.62,-0.600,0
8.651,-10.85,9.66,-0.600,0
8.652,-10.85,9.66,-0.600,0
8.652,-10.85,9.66,-0.600,0
8.652,-10.85,9.66,-0.600,0
8.653,-10.85,9.69,-0.600,0
8.653,-10.85,9.69,-0.600,0
8.653,-10.85,9.69,-0.600,0
8.653,-10.85,9.69,-0.600,0
8.654,-10.85,9.72,-0.600,0
8.654,-10.85,9.72,-0.600,0
8.654,-10.85,9.72,-0.600,0
8.654,-10.85,9.75,-0.600,0
8.655,-10.85,9.75,-0.600,0
8.655,-10.85,9.75,-0.600,0
8.655,-10.85,9.75,-0.600,0
8.655,-10.85,9.79,-0.600,0
8.656,-10.85,9.79,-0.600,0
8.656,-10.85,9.79,-0.600,0
8.656,-10.85,9.79,-0.600,0
8.656,-10.85,9.82,-0.600,0
8.657,-10.85,9.82,-0.600,0
8.657,-10.85,9.82,-0.600,0
8.657,-10.85,9.82,-0.600,0
8.657,-10.85,9.85,-0.600,0
8.658,-10.85,9.85,-0.600,0
8.658,-10.85,9.85,-0.600,0
8.658,-10.85,9.85,-0.600,0
8.658,-10.85,9.88,-0.600,0
8.659,-10.85,9.88,-0.600,0
8.660,-10.85,9.92,-0.600,0
8.660,-10.85,9.92,-0.600,0
8.660,-10.85,9.92,-0.600,0
8.661,-10.85,9.95,-0.600,0
8.661,-10.85,9.95,-0.600,0
8.661,-10.85,9.95,-0.600,0
8.661,-10.85,9.98,-0.600,0
8.662,-10.85,9.98,-0.600,0
8.662,-10.85,9.98,-0.600,0
8.662,-10.85,9.98,-0.600,0
8.663,-10.85,10.01,-0.600,0
8.663,-10.85,10.01,-0.600,0
8.663,-10.85,10.01,-0.600,0
8.663,-10.85,10.05,-0.600,0
8.664,-10.85,10.05,-0.600,0
8.664,-10.85,10.05,-0.600,0
8.664,-10.85,10.05,-0.600,0
8.664,-10.85,10.08,-0.600,0
8.665,-10.85,10.08,-0.600,0
8.665,-10.85,10.08,-0.600,0
8.665,-10.85,10.08,-0.600,0
8.665,-10.85,10.11,-0.600,0
8.666,-10.85,10.11,-0.600,0
8.666,-10.85,10.11,-0.600,0
8.666,-10.85,10.11,-0.600,0
8.666,-10.85,10.11,-0.600,0
8.667,-10.85,10.14,-0.600,0
8.667,-10.85,10.14,-0.600,0
8.667,-10.85,10.14,-0.600,0
8.667,-10.85,10.18,-0.600,0
8.668,-10.85,10.18,-0.600,0
8.668,-10.85,10.18,-0.600,0
8.668,-10.85,10.18,-0.600,0
8.669,-10.85,10.21,-0.600,0
8.669,-10.85,10.21,-0.600,0
8.669,-10.85,10.24,-0.600,0
8.670,-10.85,10.24,-0.600,0
8.670,-10.85,10.24,-0.600,0
8.670,-10.85,10.24,-0.600,0
8.670,-10.85,10.27,-0.600,0
8.671,-10.85,10.27,-0.600,0
8.671,-10.85,10.27,-0.600,0
8.671,-10.85,10.27,-0.600,0
8.672,-10.85,10.31,-0.600,0
8.672,-10.85,10.31,-0.600,0
8.672,-10.85,10.31,-0.600,0
8.672,-10.85,10.31,-0.600,0
8.673,-10.85,10.34,-0.600,0
8.673,-10.85,10.34,-0.600,0
8.673,-10.85,10.34,-0.600,0
8.673,-10.85,10.34,-0.600,0
8.674,-10.85,10.37,-0.600,0
8.674,-10.85,10.37,-0.600,0
8.674,-10.85,10.37,-0.600,0
8.674,-10.85,10.37,-0.600,0
8.675,-10.85,10.40,-0.600,0
8.675,-10.85,10.40,-0.600,0
8.675,-10.85,10.40,-0.600,0
8.675,-10.85,10.40,-0.600,0
8.676,-10.85,10.44,-0.600,0
8.676,-10.85,10.44,-0.600,0
8.676,-10.85,10.44,-0.600,0
8.676,-10.85,10.47,-0.600,0
8.677,-10.85,10.47,-0.600,0
8.677,-10.85,10.47,-0.600,0
8.677,-10.85,10.47,-0.600,0
8.677,-10.85,10.50,-0.600,0
8.678,-10.85,10.50,-0.600,0
8.678,-10.85,10.50,-0.600,0
8.678,-10.85,10.50,-0.600,0
8.678,-10.85,10.53,-0.600,0
8.679,-10.85,10.53,-0.600,0
8.679,-10.85,10.53,-0.600,0
8.679,-10.85,10.53,-0.600,0
8.679,-10.85,10.57,-0.600,0
8.680,-10.85,10.57,-0.600,0
8.680,-10.85,10.57,-0.600,0
8.680,-10.85,10.57,-0.600,0
8.680,-10.85,10.57,-0.600,0
8.681,-10.85,10.60,-0.600,0
8.681,-10.85,10.60,-0.600,0
8.681,-10.85,10.60,-0.600,0
8.681,-10.85,10.63,-0.600,0
8.682,-10.85,10.63,-0.600,0
8.682,-10.85,10.63,-0.600,0
8.682,-10.85,10.63,-0.600,0
8.683,-10.85,10.66,-0.600,0
8.683,-10.85,10.66,-0.600,0
8.683,-10.85,10.66,-0.600,0
8.683,-10.85,10.70,-0.600,0
8.684,-10.85,10.70,-0.600,0
8.684,-10.85,10.70,-0.600,0
8.684,-10.85,10.70,-0.600,0
8.684,-10.85,10.70,-0.600,0
8.685,-10.85,10.73,-0.600,0
8.685,-10.85,10.73,-0.600,0
8.685,-10.85,10.73,-0.600,0
8.685,-10.85,10.73,-0.600,0
8.686,-10.85,10.76,-0.600,0
8.686,-10.85,10.76,-0.600,0
8.686,-10.85,10.76,-0.600,0
8.686,-10.85,10.76,-0.600,0
8.687,-10.85,10.79,-0.600,0
8.687,-10.85,10.79,-0.600,0
8.687,-10.85,10.79,-0.600,0
8.687,-10.85,10.79,-0.600,0
8.688,-10.85,10.83,-0.600,0
8.688,-10.85,10.83,-0.600,0
8.688,-10.85,10.83,-0.600,0
8.688,-10.85,10.83,-0.600,0
8.689,-10.85,10.86,-0.600,0
8.689,-10.85,10.86,-0.600,0
8.689,-10.85,10.86,-0.600,0
8.690,-10.85,10.86,-0.600,0
8.690,-10.85,10.89,-0.600,0
8.690,-10.85,10.89,-0.600,0
8.690,-10.85,10.92,-0.600,0
8.691,-10.85,10.92,-0.600,0
8.691,-10.85,10.92,-0.600,0
8.691,-10.85,10.92,-0.600,0
8.691,-10.85,10.96,-0.600,0
8.692,-10.85,10.96,-0.600,0
8.692,-10.85,10.96,-0.600,0
8.692,-10.85,10.96,-0.600,0
8.692,-10.85,10.96,-0.600,0
8.693,-10.85,10.99,-0.600,0
8.693,-10.85,10.99,-0.600,0
8.693,-10.85,10.99,-0.600,0
8.693,-10.85,10.99,-0.600,0
8.694,-10.85,11.02,-0.600,0
8.694,-10.85,11.02,-0.600,0
8.694,-10.85,11.02,-0.600,0
8.695,-10.85,11.05,-0.600,0
8.695,-10.85,11.05,-0.600,0
8.695,-10.85,11.05,-0.600,0
8.696,-10.85,11.09,-0.600,0
8.696,-10.85,11.09,-0.600,0
8.697,-10.85,11.12,-0.600,0
8.697,-10.85,11.12,-0.600,0
8.697,-10.85,11.12,-0.600,0
8.698,-10.85,11.15,-0.600,0
8.698,-10.85,11.15,-0.600,0
8.698,-10.85,11.15,-0.600,0
8.698,-10.85,11.18,-0.600,0
8.699,-10.85,11.18,-0.600,0
8.699,-10.85,11.18,-0.600,0
8.699,-10.85,11.18,-0.600,0
8.699,-10.85,11.22,-0.600,0
8.700,-10.85,11.22,-0.600,0
8.700,-10.85,11.22,-0.600,0
8.700,-10.85,11.22,-0.600,0
8.700,-10.85,11.22,-0.600,0
8.701,-10.85,11.25,-0.600,0
8.701,-10.85,11.25,-0.600,0
8.701,-10.85,11.25,-0.600,0
8.701,-10.85,11.28,-0.600,0
8.702,-10.85,11.28,-0.600,0
8.702,-10.85,11.28,-0.600,0
8.702,-10.85,11.28,-0.600,0
8.702,-10.85,11.31,-0.600,0
8.703,-10.85,11.31,-0.600,0
8.703,-10.85,11.31,-0.600,0
8.703,-10.85,11.31,-0.600,0
8.704,-10.85,11.35,-0.600,0
8.704,-10.85,11.35,-0.600,0
8.704,-10.85,11.35,-0.600,0
8.704,-10.85,11.38,-0.600,0
8.705,-10.85,11.38,-0.600,0
8.705,-10.85,11.38,-0.600,0
8.705,-10.85,11.38,-0.600,0
8.705,-10.85,11.41,-0.600,0
8.706,-10.85,11.41,-0.600,0
8.706,-10.85,11.41,-0.600,0
8.706,-10.85,11.41,-0.600,0
8.707,-10.85,11.44,-0.600,0
8.707,-10.85,11.44,-0.600,0
8.707,-10.85,11.44,-0.600,0
8.707,-10.85,11.44,-0.600,0
8.708,-10.85,11.48,-0.600,0
8.708,-10.85,11.48,-0.600,0
8.708,-10.85,11.48,-0.600,0
8.708,-10.85,11.51,-0.600,0
8.709,-10.85,11.51,-0.600,0
8.709,-10.85,11.51,-0.600,0
8.709,-10.85,11.51,-0.600,0
8.709,-10.85,11.51,-0.600,0
8.710,-10.85,11.54,-0.600,0
8.710,-10.85,11.54,-0.600,0
8.710,-10.85,11.54,-0.600,0
8.711,-10.85,11.57,-0.600,0
8.711,-10.85,11.57,-0.600,0
8.711,-10.85,11.57,-0.600,0
8.711,-10.85,11.61,-0.600,0
8.712,-10.85,11.61,-0.600,0
8.712,-10.85,11.61,-0.600,0
8.712,-10.85,11.61,-0.600,0
8.712,-10.85,11.64,-0.600,0
8.713,-10.85,11.64,-0.600,0
8.713,-10.85,11.64,-0.600,0
8.713,-10.85,11.64,-0.600,0
8.713,-10.85,11.64,-0.600,0
8.714,-10.85,11.67,-0.600,0
8.714,-10.85,11.67,-0.600,0
8.714,-10.85,11.67,-0.600,0
8.714,-10.85,11.70,-0.600,0
8.715,-10.85,11.70,-0.600,0
8.715,-10.85,11.70,-0.600,0
8.715,-10.85,11.70,-0.600,0
8.715,-10.85,11.74,-0.600,0
8.716,-10.85,11.74,-0.600,0
8.716,-10.85,11.74,-0.600,0
8.716,-10.85,11.74,-0.600,0
8.717,-10.85,11.77,-0.600,0
8.717,-10.85,11.77,-0.600,0
8.717,-10.85,11.77,-0.600,0
8.718,-10.85,11.80,-0.600,0
8.718,-10.85,11.80,-0.600,0
8.718,-10.85,11.80,-0.600,0
8.718,-10.85,11.83,-0.600,0
8.719,-10.85,11.83,-0.600,0
8.719,-10.85,11.83,-0.600,0
8.719,-10.85,11.83,-0.600,0
8.719,-10.85,11.83,-0.600,0
8.720,-10.85,11.87,-0.600,0
8.720,-10.85,11.87,-0.600,0
8.720,-10.85,11.87,-0.600,0
8.720,-10.85,11.87,-0.600,0
8.721,-10.85,11.90,-0.600,0
8.721,-10.85,11.90,-0.600,0
8.721,-10.85,11.90,-0.600,0
8.721,-10.85,11.90,-0.600,0
8.722,-10.85,11.93,-0.600,0
8.722,-10.85,11.93,-0.600,0
8.722,-10.85,11.93,-0.600,0
8.722,-10.85,11.93,-0.600,0
8.723,-10.85,11.96,-0.600,0
8.723,-10.85,11.96,-0.600,0
8.723,-10.85,11.96,-0.600,0
8.723,-10.85,12.00,-0.600,0
8.724,-10.85,12.00,-0.600,0
8.724,-10.85,12.00,-0.600,0
8.724,-10.85,12.00,-0.600,0
8.725,-10.85,12.03,-0.600,0
8.725,-10.85,12.03,-0.600,0
8.725,-10.85,12.03,-0.600,0
8.725,-10.85,12.06,-0.600,0
8.726,-10.85,12.06,-0.600,0
8.726,-10.85,12.06,-0.600,0
8.726,-10.85,12.06,-0.600,0
8.726,-10.85,12.09,-0.600,0
8.727,-10.85,12.09,-0.600,0
8.727,-10.85,12.09,-0.600,0
8.727,-10.85,12.09,-0.600,0
8.728,-10.85,12.13,-0.600,0
8.728,-10.85,12.13,-0.600,0
8.728,-10.85,12.13,-0.600,0
8.728,-10.85,12.13,-0.600,0
8.729,-10.85,12.16,-0.600,0
8.729,-10.85,12.16,-0.600,0
8.729,-10.85,12.16,-0.600,0
8.729,-10.85,12.16,-0.600,0
8.730,-10.85,12.19,-0.600,0
8.730,-10.85,12.19,-0.600,0
8.730,-10.85,12.19,-0.600,0
8.730,-10.85,12.19,-0.600,0
8.731,-10.85,12.22,-0.600,0
8.731,-10.85,12.22,-0.600,0
8.731,-10.85,12.22,-0.600,0
8.731,-10.85,12.26,-0.600,0
8.732,-10.85,12.26,-0.600,0
8.732,-10.85,12.26,-0.600,0
8.732,-10.85,12.26,-0.600,0
8.733,-10.85,12.29,-0.600,0
8.733,-10.85,12.29,-0.600,0
8.733,-10.85,12.29,-0.600,0
8.733,-10.85,12.32,-0.600,0
8.734,-10.85,12.32,-0.600,0
8.734,-10.85,12.32,-0.600,0
8.734,-10.85,12.32,-0.600,0
8.734,-10.85,12.35,-0.600,0
8.735,-10.85,12.35,-0.600,0
8.735,-10.85,12.35,-0.600,0
8.735,-10.85,12.35,-0.600,0
8.735,-10.85,12.39,-0.600,0
8.736,-10.85,12.39,-0.600,0
8.736,-10.85,12.39,-0.600,0
8.736,-10.85,12.39,-0.600,0
8.736,-10.85,12.42,-0.600,0
8.737,-10.85,12.42,-0.600,0
8.737,-10.85,12.42,-0.600,0
8.737,-10.85,12.42,-0.600,0
8.738,-10.85,12.45,-0.600,0
8.738,-10.85,12.45,-0.600,0
8.738,-10.85,12.45,-0.600,0
8.738,-10.85,12.48,-0.600,0
8.739,-10.85,12.48,-0.600,0
8.739,-10.85,12.48,-0.600,0
8.739,-10.85,12.48,-0.600,0
8.739,-10.85,12.52,-0.600,0
8.740,-10.85,12.52,-0.600,0
8.740,-10.85,12.52,-0.600,0
8.740,-10.85,12.52,-0.600,0
8.740,-10.85,12.55,-0.600,0
8.741,-10.85,12.55,-0.600,0
8.741,-10.85,12.55,-0.600,0
8.741,-10.85,12.55,-0.600,0
8.741,-10.85,12.58,-0.600,0
8.742,-10.85,12.58,-0.600,0
8.742,-10.85,12.58,-0.600,0
8.742,-10.85,12.58,-0.600,0
8.743,-10.85,12.61,-0.600,0
8.743,-10.85,12.61,-0.600,0
8.743,-10.85,12.61,-0.600,0
8.743,-10.85,12.61,-0.600,0
8.744,-10.85,12.65,-0.600,0
8.744,-10.85,12.65,-0.600,0
8.744,-10.85,12.65,-0.600,0
8.744,-10.85,12.68,-0.600,0
8.745,-10.85,12.68,-0.600,0
8.745,-10.85,12.68,-0.600,0
8.745,-10.85,12.68,-0.600,0
8.746,-10.85,12.71,-0.600,0
8.746,-10.85,12.71,-0.600,0
8.746,-10.85,12.71,-0.600,0
8.746,-10.85,12.74,-0.600,0
8.747,-10.85,12.74,-0.600,0
8.747,-10.85,12.74,-0.600,0
8.747,-10.85,12.74,-0.600,0
8.747,-10.85,12.78,-0.600,0
8.748,-10.85,12.78,-0.600,0
8.748,-10.85,12.78,-0.600,0
8.748,-10.85,12.78,-0.600,0
8.748,-10.85,12.81,-0.600,0
8.749,-10.85,12.81,-0.600,0
8.749,-10.85,12.81,-0.600,0
8.749,-10.85,12.81,-0.600,0
8.749,-10.85,12.81,-0.600,0
8.750,-10.85,12.84,-0.600,0
8.750,-10.85,12.84,-0.600,0
8.750,-10.85,12.84,-0.600,0
8.750,-10.85,12.87,-0.600,0
8.751,-10.85,12.87,-0.600,0
8.751,-10.85,12.87,-0.600,0
8.751,-10.85,12.87,-0.600,0
8.752,-10.85,12.91,-0.600,0
8.752,-10.85,12.91,-0.600,0
8.752,-10.85,12.91,-0.600,0
8.752,-10.85,12.91,-0.600,0
8.753,-10.85,12.94,-0.600,0
8.753,-10.85,12.94,-0.600,0
8.753,-10.85,12.94,-0.600,0
8.753,-10.85,12.97,-0.600,0
8.754,-10.85,12.97,-0.600,0
8.754,-10.85,12.97,-0.600,0
8.754,-10.85,12.97,-0.600,0
8.754,-10.85,12.97,-0.600,0
8.755,-10.85,13.00,-0.600,0
8.755,-10.85,13.00,-0.600,0
8.755,-10.85,13.00,-0.600,0
8.755,-10.85,13.00,-0.600,0
8.756,-10.85,13.04,-0.600,0
8.756,-10.85,13.04,-0.600,0
8.756,-10.85,13.04,-0.600,0
8.757,-10.85,13.07,-0.600,0
8.757,-10.85,13.07,-0.600,0
8.757,-10.85,13.07,-0.600,0
8.757,-10.85,13.07,-0.600,0
8.758,-10.85,13.10,-0.600,0
8.758,-10.85,13.10,-0.600,0
8.758,-10.85,13.10,-0.600,0
8.758,-10.85,13.10,-0.600,0
8.759,-10.85,13.13,-0.600,0
8.759,-10.85,13.13,-0.600,0
8.759,-10.85,13.13,-0.600,0
8.759,-10.85,13.17,-0.600,0
8.760,-10.85,13.17,-0.600,0
8.760,-10.85,13.17,-0.600,0
8.760,-10.85,13.17,-0.600,0
8.760,-10.85,13.20,-0.600,0
8.761,-10.85,13.20,-0.600,0
8.761,-10.85,13.20,-0.600,0
8.761,-10.85,13.20,-0.600,0
8.761,-10.85,13.23,-0.600,0
8.762,-10.85,13.23,-0.600,0
8.762,-10.85,13.23,-0.600,0
8.762,-10.85,13.23,-0.600,0
8.763,-10.85,13.26,-0.600,0
8.763,-10.85,13.26,-0.600,0
8.763,-10.85,13.26,-0.600,0
8.764,-10.85,13.30,-0.600,0
8.764,-10.85,13.30,-0.600,0
8.764,-10.85,13.30,-0.600,0
8.764,-10.85,13.33,-0.600,0
8.765,-10.85,13.33,-0.600,0
8.765,-10.85,13.33,-0.600,0
8.765,-10.85,13.33,-0.600,0
8.766,-10.85,13.36,-0.600,0
8.766,-10.85,13.36,-0.600,0
8.766,-10.85,13.36,-0.600,0
8.766,-10.85,13.36,-0.600,0
8.767,-10.85,13.39,-0.600,0
8.767,-10.85,13.39,-0.600,0
8.767,-10.85,13.39,-0.600,0
8.768,-10.85,13.43,-0.600,0
8.768,-10.85,13.43,-0.600,0
8.768,-10.85,13.43,-0.600,0
8.768,-10.85,13.46,-0.600,0
8.769,-10.85,13.46,-0.600,0
8.769,-10.85,13.46,-0.600,0
8.769,-10.85,13.46,-0.600,0
8.769,-10.85,13.49,-0.600,0
8.770,-10.85,13.49,-0.600,0
8.770,-10.85,13.49,-0.600,0
8.770,-10.85,13.49,-0.600,0
8.770,-10.85,13.49,-0.600,0
8.771,-10.85,13.52,-0.600,0
8.771,-10.85,13.52,-0.600,0
8.771,-10.85,13.52,-0.600,0
8.771,-10.85,13.52,-0.600,0
8.772,-10.85,13.56,-0.600,0
8.772,-10.85,13.56,-0.600,0
8.772,-10.85,13.56,-0.600,0
8.772,-10.85,13.56,-0.600,0
8.773,-10.85,13.59,-0.600,0
8.773,-10.85,13.59,-0.600,0
8.773,-10.85,13.59,-0.600,0
8.773,-10.85,13.62,-0.600,0
8.774,-10.85,13.62,-0.600,0
8.774,-10.85,13.62,-0.600,0
8.774,-10.85,13.62,-0.600,0
8.774,-10.85,13.62,-0.600,0
8.775,-10.85,13.65,-0.600,0
8.775,-10.85,13.65,-0.600,0
8.775,-10.85,13.65,-0.600,0
8.775,-10.85,13.65,-0.600,0
8.775,-10.85,13.69,-0.600,0
8.776,-10.85,13.69,-0.600,0
8.776,-10.85,13.69,-0.600,0
8.776,-10.85,13.69,-0.600,0
8.776,-10.85,13.72,-0.600,0
8.777,-10.85,13.72,-0.600,0
8.777,-10.85,13.72,-0.600,0
8.777,-10.85,13.72,-0.600,0
8.777,-10.85,13.75,-0.600,0
8.778,-10.85,13.75,-0.600,0
8.778,-10.85,13.75,-0.600,0
8.778,-10.85,13.75,-0.600,0
8.778,-10.85,13.75,-0.600,0
8.779,-10.85,13.78,-0.600,0
8.779,-10.85,13.78,-0.600,0
8.779,-10.85,13.78,-0.600,0
8.779,-10.85,13.78,-0.600,0
8.780,-10.85,13.81,-0.600,0
8.780,-10.85,13.81,-0.600,0
8.780,-10.85,13.81,-0.600,0
8.780,-10.85,13.85,-0.600,0
8.781,-10.85,13.85,-0.600,0
8.781,-10.85,13.85,-0.600,0
8.781,-10.85,13.85,-0.600,0
8.782,-10.85,13.88,-0.600,0
8.782,-10.85,13.88,-0.600,0
8.782,-10.85,13.88,-0.600,0
8.782,-10.85,13.88,-0.600,0
8.783,-10.85,13.91,-0.600,0
8.783,-10.85,13.91,-0.600,0
8.783,-10.85,13.91,-0.600,0
8.783,-10.85,13.91,-0.600,0
8.783,-10.85,13.94,-0.600,0
8.784,-10.85,13.94,-0.600,0
8.784,-10.85,13.94,-0.600,0
8.784,-10.85,13.94,-0.600,0
8.784,-10.85,13.98,-0.600,0
8.785,-10.85,13.98,-0.600,0
8.785,-10.85,13.98,-0.600,0
8.785,-10.85,13.98,-0.600,0
8.785,-10.85,14.01,-0.600,0
8.786,-10.85,14.01,-0.600,0
8.786,-10.85,14.01,-0.600,0
8.786,-10.85,14.01,-0.600,0
8.786,-10.85,14.04,-0.600,0
8.787,-10.85,14.04,-0.600,0
8.787,-10.85,14.04,-0.600,0
8.787,-10.85,14.04,-0.600,0
8.787,-10.85,14.07,-0.600,0
8.788,-10.85,14.07,-0.600,0
8.788,-10.85,14.07,-0.600,0
8.788,-10.85,14.07,-0.600,0
8.788,-10.85,14.11,-0.600,0
8.789,-10.85,14.11,-0.600,0
8.789,-10.85,14.11,-0.600,0
8.789,-10.85,14.11,-0.600,0
8.789,-10.85,14.14,-0.600,0
8.790,-10.85,14.14,-0.600,0
8.790,-10.85,14.14,-0.600,0
8.790,-10.85,14.14,-0.600,0
8.790,-10.85,14.14,-0.600,0
8.791,-10.85,14.17,-0.600,0
8.791,-10.85,14.17,-0.600,0
8.791,-10.85,14.17,-0.600,0
8.791,-10.85,14.17,-0.600,0
8.792,-10.85,14.20,-0.600,0
8.792,-10.85,14.20,-0.600,0
8.792,-10.85,14.20,-0.600,0
8.792,-10.85,14.20,-0.600,0
8.793,-10.85,14.24,-0.600,0
8.793,-10.85,14.24,-0.600,0
8.793,-10.85,14.24,-0.600,0
8.793,-10.85,14.27,-0.600,0
8.794,-10.85,14.27,-0.600,0
8.794,-10.85,14.27,-0.600,0
8.794,-10.85,14.27,-0.600,0
8.795,-10.85,14.30,-0.600,0
8.795,-10.85,14.30,-0.600,0
8.795,-10.85,14.30,-0.600,0
8.796,-10.85,14.33,-0.600,0
8.796,-10.85,14.33,-0.600,0
8.796,-10.85,14.33,-0.600,0
8.796,-10.85,14.33,-0.600,0
8.797,-10.85,14.37,-0.600,0
8.797,-10.85,14.37,-0.600,0
8.797,-10.85,14.37,-0.600,0
8.797,-10.85,14.40,-0.600,0
8.798,-10.85,14.40,-0.600,0
8.798,-10.85,14.40,-0.600,0
8.798,-10.85,14.40,-0.600,0
8.798,-10.85,14.43,-0.600,0
8.799,-10.85,14.43,-0.600,0
8.799,-10.85,14.43,-0.600,0
8.799,-10.85,14.43,-0.600,0
8.800,-10.85,14.46,-0.600,0
8.800,-10.85,14.46,-0.600,0
8.800,-10.85,14.46,-0.600,0
8.801,-10.85,14.50,-0.600,0
8.801,-10.85,14.50,-0.600,0
8.801,-10.85,14.50,-0.600,0
8.802,-10.85,14.53,-0.600,0
8.802,-10.85,14.53,-0.600,0
8.802,-10.85,14.53,-0.600,0
8.802,-10.85,14.53,-0.600,0
8.803,-10.85,14.56,-0.600,0
8.803,-10.85,14.56,-0.600,0
8.803,-10.85,14.56,-0.600,0
8.803,-10.85,14.59,-0.600,0
8.804,-10.85,14.59,-0.600,0
8.804,-10.85,14.59,-0.600,0
8.804,-10.85,14.59,-0.600,0
8.804,-10.85,14.59,-0.600,0
8.805,-10.85,14.63,-0.600,0
8.805,-10.85,14.63,-0.600,0
8.805,-10.85,14.63,-0.600,0
8.805,-10.85,14.63,-0.600,0
8.806,-10.85,14.66,-0.600,0
8.806,-10.85,14.66,-0.600,0
8.806,-10.85,14.66,-0.600,0
8.806,-10.85,14.66,-0.600,0
8.807,-10.85,14.69,-0.600,0
8.807,-10.85,14.69,-0.600,0
8.807,-10.85,14.69,-0.600,0
8.807,-10.85,14.72,-0.600,0
8.808,-10.85,14.72,-0.600,0
8.808,-10.85,14.72,-0.600,0
8.808,-10.85,14.72,-0.600,0
8.808,-10.85,14.76,-0.600,0
8.809,-10.85,14.76,-0.600,0
8.809,-10.85,14.76,-0.600,0
8.809,-10.85,14.76,-0.600,0
8.809,-10.85,14.79,-0.600,0
8.810,-10.85,14.79,-0.600,0
8.810,-10.85,14.79,-0.600,0
8.810,-10.85,14.79,-0.600,0
8.810,-10.85,14.82,-0.600,0
8.811,-10.85,14.82,-0.600,0
8.811,-10.85,14.82,-0.600,0
8.811,-10.85,14.82,-0.600,0
8.811,-10.85,14.85,-0.600,0
8.812,-10.85,14.85,-0.600,0
8.812,-10.85,14.85,-0.600,0
8.812,-10.85,14.85,-0.600,0
8.812,-10.85,14.89,-0.600,0
8.813,-10.85,14.89,-0.600,0
8.813,-10.85,14.89,-0.600,0
8.813,-10.85,14.89,-0.600,0
8.814,-10.85,14.92,-0.600,0
8.814,-10.85,14.92,-0.600,0
8.814,-10.85,14.92,-0.600,0
8.814,-10.85,14.95,-0.600,0
8.815,-10.85,14.95,-0.600,0
8.815,-10.85,14.95,-0.600,0
8.815,-10.85,14.95,-0.600,0
8.815,-10.85,14.98,-0.600,0
8.816,-10.85,14.98,-0.600,0
8.816,-10.85,14.98,-0.600,0
8.816,-10.85,14.98,-0.600,0
8.816,-10.85,15.02,-0.600,0
8.817,-10.85,15.02,-0.600,0
8.817,-10.85,15.02,-0.600,0
8.817,-10.85,15.02,-0.600,0
8.817,-10.85,15.02,-0.600,0
8.817,-10.85,15.05,-0.600,0
8.818,-10.85,15.05,-0.600,0
8.818,-10.85,15.05,-0.600,0
8.818,-10.85,15.05,-0.600,0
8.818,-10.85,15.08,-0.600,0
8.819,-10.85,15.08,-0.600,0
8.819,-10.85,15.08,-0.600,0
8.819,-10.85,15.08,-0.600,0
8.819,-10.85,15.11,-0.600,0
8.820,-10.85,15.11,-0.600,0
8.820,-10.85,15.11,-0.600,0
8.820,-10.85,15.11,-0.600,0
8.821,-10.85,15.15,-0.600,0
8.821,-10.85,15.15,-0.600,0
8.821,-10.85,15.15,-0.600,0
8.821,-10.85,15.18,-0.600,0
8.822,-10.85,15.18,-0.600,0
8.822,-10.85,15.18,-0.600,0
8.822,-10.85,15.18,-0.600,0
8.823,-10.85,15.21,-0.600,0
8.823,-10.85,15.21,-0.600,0
8.823,-10.85,15.21,-0.600,0
8.823,-10.85,15.24,-0.600,0
8.824,-10.85,15.24,-0.600,0
8.824,-10.85,15.24,-0.600,0
8.824,-10.85,15.24,-0.600,0
8.824,-10.85,15.24,-0.600,0
8.824,-10.85,15.28,-0.600,0
8.825,-10.85,15.28,-0.600,0
8.825,-10.85,15.28,-0.600,0
8.825,-10.85,15.28,-0.600,0
8.826,-10.85,15.31,-0.600,0
8.826,-10.85,15.31,-0.600,0
8.826,-10.85,15.31,-0.600,0
8.826,-10.85,15.31,-0.600,0
8.827,-10.85,15.34,-0.600,0
8.827,-10.85,15.34,-0.600,0
8.827,-10.85,15.34,-0.600,0
8.827,-10.85,15.34,-0.600,0
8.828,-10.85,15.37,-0.600,0
8.828,-10.85,15.37,-0.600,0
8.828,-10.85,15.37,-0.600,0
8.828,-10.85,15.37,-0.600,0
8.829,-10.85,15.41,-0.600,0
8.829,-10.85,15.41,-0.600,0
8.829,-10.85,15.41,-0.600,0
8.829,-10.85,15.44,-0.600,0
8.830,-10.85,15.44,-0.600,0
8.830,-10.85,15.44,-0.600,0
8.830,-10.85,15.44,-0.600,0
8.830,-10.85,15.47,-0.600,0
8.831,-10.85,15.47,-0.600,0
8.831,-10.85,15.47,-0.600,0
8.831,-10.85,15.47,-0.600,0
8.831,-10.85,15.50,-0.600,0
8.832,-10.85,15.50,-0.600,0
8.832,-10.85,15.50,-0.600,0
8.832,-10.85,15.50,-0.600,0
8.832,-10.85,15.50,-0.600,0
8.833,-10.85,15.54,-0.600,0
8.833,-10.85,15.54,-0.600,0
8.833,-10.85,15.54,-0.600,0
8.833,-10.85,15.54,-0.600,0
8.834,-10.85,15.57,-0.600,0
8.834,-10.85,15.57,-0.600,0
8.834,-10.85,15.57,-0.600,0
8.835,-10.85,15.60,-0.600,0
8.835,-10.85,15.60,-0.600,0
8.835,-10.85,15.60,-0.600,0
8.835,-10.85,15.60,-0.600,0
8.836,-10.85,15.63,-0.600,0
8.836,-10.85,15.63,-0.600,0
8.836,-10.85,15.63,-0.600,0
8.836,-10.85,15.63,-0.600,0
8.837,-10.85,15.67,-0.600,0
8.837,-10.85,15.67,-0.600,0
8.837,-10.85,15.67,-0.600,0
8.837,-10.85,15.67,-0.600,0
8.837,-10.85,15.70,-0.600,0
8.838,-10.85,15.70,-0.600,0
8.838,-10.85,15.70,-0.600,0
8.838,-10.85,15.70,-0.600,0
8.838,-10.85,15.73,-0.600,0
8.839,-10.85,15.73,-0.600,0
8.839,-10.85,15.73,-0.600,0
8.839,-10.85,15.73,-0.600,0
8.839,-10.85,15.76,-0.600,0
8.840,-10.85,15.76,-0.600,0
8.840,-10.85,15.76,-0.600,0
8.840,-10.85,15.76,-0.600,0
8.840,-10.85,15.80,-0.600,0
8.841,-10.85,15.80,-0.600,0
8.841,-10.85,15.80,-0.600,0
8.841,-10.85,15.80,-0.600,0
8.841,-10.85,15.83,-0.600,0
8.842,-10.85,15.83,-0.600,0
8.842,-10.85,15.83,-0.600,0
8.842,-10.85,15.83,-0.600,0
8.843,-10.85,15.86,-0.600,0
8.843,-10.85,15.86,-0.600,0
8.843,-10.85,15.86,-0.600,0
8.843,-10.85,15.89,-0.600,0
8.844,-10.85,15.89,-0.600,0
8.844,-10.85,15.89,-0.600,0
8.844,-10.85,15.89,-0.600,0
8.844,-10.85,15.92,-0.600,0
8.845,-10.85,15.92,-0.600,0
8.845,-10.85,15.92,-0.600,0
8.845,-10.85,15.92,-0.600,0
8.845,-10.85,15.96,-0.600,0
8.846,-10.85,15.96,-0.600,0
8.846,-10.85,15.96,-0.600,0
8.846,-10.85,15.96,-0.600,0
8.846,-10.85,15.96,-0.600,0
8.847,-10.85,15.99,-0.600,0
8.847,-10.85,15.99,-0.600,0
8.847,-10.85,15.99,-0.600,0
8.847,-10.85,16.02,-0.600,0
8.848,-10.85,16.02,-0.600,0
8.848,-10.85,16.02,-0.600,0
8.848,-10.85,16.02,-0.600,0
8.849,-10.85,16.06,-0.600,0
8.849,-10.85,16.06,-0.600,0
8.849,-10.85,16.06,-0.600,0
8.849,-10.85,16.06,-0.600,0
8.850,-10.85,16.09,-0.600,0
8.850,-10.85,16.09,-0.600,0
8.850,-10.85,16.09,-0.600,0
8.851,-10.85,16.12,-0.600,0
8.851,-10.85,16.12,-0.600,0
8.851,-10.85,16.12,-0.600,0
8.851,-10.85,16.12,-0.600,0
8.852,-10.85,16.15,-0.600,0
8.852,-10.85,16.15,-0.600,0
8.852,-10.85,16.15,-0.600,0
8.852,-10.85,16.15,-0.600,0
8.852,-10.85,16.18,-0.600,0
8.853,-10.85,16.18,-0.600,0
8.853,-10.85,16.18,-0.600,0
8.853,-10.85,16.18,-0.600,0
8.853,-10.85,16.22,-0.600,0
8.854,-10.85,16.22,-0.600,0
8.854,-10.85,16.22,-0.600,0
8.854,-10.85,16.22,-0.600,0
8.854,-10.85,16.25,-0.600,0
8.855,-10.85,16.25,-0.600,0
8.855,-10.85,16.25,-0.600,0
8.855,-10.85,16.25,-0.600,0
8.855,-10.85,16.28,-0.600,0
8.856,-10.85,16.28,-0.600,0
8.856,-10.85,16.28,-0.600,0
8.856,-10.85,16.28,-0.600,0
8.857,-10.85,16.31,-0.600,0
8.857,-10.85,16.31,-0.600,0
8.857,-10.85,16.31,-0.600,0
8.858,-10.85,16.35,-0.600,0
8.858,-10.85,16.35,-0.600,0
8.858,-10.85,16.35,-0.600,0
8.858,-10.85,16.35,-0.600,0
8.859,-10.85,16.38,-0.600,0
8.859,-10.85,16.38,-0.600,0
8.859,-10.85,16.38,-0.600,0
8.859,-10.85,16.38,-0.600,0
8.859,-10.85,16.41,-0.600,0
8.860,-10.85,16.41,-0.600,0
8.860,-10.85,16.41,-0.600,0
8.860,-10.85,16.41,-0.600,0
8.860,-10.85,16.41,-0.600,0
8.861,-10.85,16.44,-0.600,0
8.861,-10.85,16.44,-0.600,0
8.861,-10.85,16.44,-0.600,0
8.861,-10.85,16.44,-0.600,0
8.862,-10.85,16.48,-0.600,0
8.862,-10.85,16.48,-0.600,0
8.862,-10.85,16.48,-0.600,0
8.863,-10.85,16.51,-0.600,0
8.863,-10.85,16.51,-0.600,0
8.863,-10.85,16.51,-0.600,0
8.863,-10.85,16.54,-0.600,0
8.864,-10.85,16.54,-0.600,0
8.864,-10.85,16.54,-0.600,0
8.864,-10.85,16.54,-0.600,0
8.865,-10.85,16.57,-0.600,0
8.865,-10.85,16.57,-0.600,0
8.865,-10.85,16.57,-0.600,0
8.865,-10.85,16.57,-0.600,0
8.866,-10.85,16.61,-0.600,0
8.866,-10.85,16.61,-0.600,0
8.866,-10.85,16.61,-0.600,0
8.867,-10.85,16.64,-0.600,0
8.867,-10.85,16.64,-0.600,0
8.867,-10.85,16.64,-0.600,0
8.867,-10.85,16.67,-0.600,0
8.868,-10.85,16.67,-0.600,0
8.868,-10.85,16.67,-0.600,0
8.868,-10.85,16.67,-0.600,0
8.868,-10.85,16.70,-0.600,0
8.869,-10.85,16.70,-0.600,0
8.869,-10.85,16.70,-0.600,0
8.869,-10.85,16.70,-0.600,0
8.870,-10.85,16.74,-0.600,0
8.870,-10.85,16.74,-0.600,0
8.870,-10.85,16.74,-0.600,0
8.870,-10.85,16.77,-0.600,0
8.871,-10.85,16.77,-0.600,0
8.871,-10.85,16.77,-0.600,0
8.871,-10.85,16.77,-0.600,0
8.871,-10.85,16.77,-0.600,0
8.872,-10.85,16.80,-0.600,0
8.872,-10.85,16.80,-0.600,0
8.872,-10.85,16.80,-0.600,0
8.872,-10.85,16.83,-0.600,0
8.873,-10.85,16.83,-0.600,0
8.873,-10.85,16.83,-0.600,0
8.873,-10.85,16.83,-0.600,0
8.873,-10.85,16.83,-0.600,0
8.874,-10.85,16.87,-0.600,0
8.874,-10.85,16.87,-0.600,0
8.874,-10.85,16.87,-0.600,0
8.874,-10.85,16.87,-0.600,0
8.874,-10.85,16.90,-0.600,0
8.875,-10.85,16.90,-0.600,0
8.875,-10.85,16.90,-0.600,0
8.875,-10.85,16.90,-0.600,0
8.875,-10.85,16.93,-0.600,0
8.876,-10.85,16.93,-0.600,0
8.876,-10.85,16.93,-0.600,0
8.876,-10.85,16.93,-0.600,0
8.876,-10.85,16.96,-0.600,0
8.877,-10.85,16.96,-0.600,0
8.877,-10.85,16.96,-0.600,0
8.877,-10.85,16.96,-0.600,0
8.878,-10.85,17.00,-0.600,0
8.878,-10.85,17.00,-0.600,0
8.878,-10.85,17.00,-0.600,0
8.879,-10.85,17.03,-0.600,0
8.879,-10.85,17.03,-0.600,0
8.879,-10.85,17.03,-0.600,0
8.879,-10.85,17.03,-0.600,0
8.880,-10.85,17.06,-0.600,0
8.880,-10.85,17.06,-0.600,0
8.880,-10.85,17.06,-0.600,0
8.880,-10.85,17.09,-0.600,0
8.881,-10.85,17.09,-0.600,0
8.881,-10.85,17.09,-0.600,0
8.881,-10.85,17.09,-0.600,0
8.881,-10.85,17.09,-0.600,0
8.882,-10.85,17.12,-0.600,0
8.882,-10.85,17.12,-0.600,0
8.882,-10.85,17.12,-0.600,0
8.882,-10.85,17.12,-0.600,0
8.883,-10.85,17.16,-0.600,0
8.883,-10.85,17.16,-0.600,0
8.883,-10.85,17.16,-0.600,0
8.883,-10.85,17.16,-0.600,0
8.884,-10.85,17.19,-0.600,0
8.884,-10.85,17.19,-0.600,0
8.884,-10.85,17.19,-0.600,0
8.885,-10.85,17.22,-0.600,0
8.885,-10.85,17.22,-0.600,0
8.885,-10.85,17.22,-0.600,0
8.885,-10.85,17.22,-0.600,0
8.886,-10.85,17.25,-0.600,0
8.886,-10.85,17.25,-0.600,0
8.886,-10.85,17.25,-0.600,0
8.886,-10.85,17.25,-0.600,0
8.887,-10.85,17.29,-0.600,0
8.887,-10.85,17.29,-0.600,0
8.887,-10.85,17.29,-0.600,0
8.887,-10.85,17.29,-0.600,0
8.887,-10.85,17.32,-0.600,0
8.888,-10.85,17.32,-0.600,0
8.888,-10.85,17.32,-0.600,0
8.888,-10.85,17.32,-0.600,0
8.889,-10.85,17.35,-0.600,0
8.889,-10.85,17.35,-0.600,0
8.889,-10.85,17.35,-0.600,0
8.889,-10.85,17.35,-0.600,0
8.890,-10.85,17.38,-0.600,0
8.890,-10.85,17.38,-0.600,0
8.890,-10.85,17.38,-0.600,0
8.890,-10.85,17.38,-0.600,0
8.891,-10.85,17.42,-0.600,0
8.891,-10.85,17.42,-0.600,0
8.891,-10.85,17.42,-0.600,0
8.891,-10.85,17.42,-0.600,0
8.892,-10.85,17.45,-0.600,0
8.892,-10.85,17.45,-0.600,0
8.892,-10.85,17.45,-0.600,0
8.892,-10.85,17.48,-0.600,0
8.893,-10.85,17.48,-0.600,0
8.893,-10.85,17.48,-0.600,0
8.893,-10.85,17.48,-0.600,0
8.893,-10.85,17.51,-0.600,0
8.894,-10.85,17.51,-0.600,0
8.894,-10.85,17.51,-0.600,0
8.894,-10.85,17.51,-0.600,0
8.895,-10.85,17.55,-0.600,0
8.895,-10.85,17.55,-0.600,0
8.895,-10.85,17.55,-0.600,0
8.895,-10.85,17.58,-0.600,0
8.896,-10.85,17.58,-0.600,0
8.896,-10.85,17.58,-0.600,0
8.896,-10.85,17.58,-0.600,0
8.897,-10.85,17.61,-0.600,0
8.897,-10.85,17.61,-0.600,0
8.897,-10.85,17.61,-0.600,0
8.897,-10.85,17.64,-0.600,0
8.898,-10.85,17.64,-0.600,0
8.898,-10.85,17.64,-0.600,0
8.898,-10.85,17.64,-0.600,0
8.899,-10.85,17.68,-0.600,0
8.899,-10.85,17.68,-0.600,0
8.899,-10.85,17.68,-0.600,0
8.899,-10.85,17.71,-0.600,0
8.900,-10.85,17.71,-0.600,0
8.900,-10.85,17.71,-0.600,0
8.900,-10.85,17.71,-0.600,0
8.901,-10.85,17.74,-0.600,0
8.901,-10.85,17.74,-0.600,0
8.901,-10.85,17.74,-0.600,0
8.901,-10.85,17.77,-0.600,0
8.902,-10.85,17.77,-0.600,0
8.902,-10.85,17.77,-0.600,0
8.902,-10.85,17.77,-0.600,0
8.902,-10.85,17.77,-0.600,0
8.903,-10.85,17.81,-0.600,0
8.903,-10.85,17.81,-0.600,0
8.903,-10.85,17.81,-0.600,0
8.903,-10.85,17.81,-0.600,0
8.904,-10.85,17.84,-0.600,0
8.904,-10.85,17.84,-0.600,0
8.904,-10.85,17.84,-0.600,0
8.904,-10.85,17.84,-0.600,0
8.905,-10.85,17.87,-0.600,0
8.905,-10.85,17.87,-0.600,0
8.905,-10.85,17.87,-0.600,0
8.906,-10.85,17.90,-0.600,0
8.906,-10.85,17.90,-0.600,0
8.906,-10.85,17.90,-0.600,0
8.906,-10.85,17.90,-0.600,0
8.907,-10.85,17.94,-0.600,0
8.907,-10.85,17.94,-0.600,0
8.907,-10.85,17.94,-0.600,0
8.907,-10.85,17.94,-0.600,0
8.907,-10.85,17.97,-0.600,0
8.908,-10.85,17.97,-0.600,0
8.908,-10.85,17.97,-0.600,0
8.908,-10.85,17.97,-0.600,0
8.909,-10.85,18.00,-0.600,0
8.909,-10.85,18.00,-0.600,0
8.909,-10.85,18.00,-0.600,0
8.909,-10.85,18.00,-0.600,0
8.909,-10.85,18.03,-0.600,0
8.910,-10.85,18.03,-0.600,0
8.910,-10.85,18.03,-0.600,0
8.910,-10.85,18.03,-0.600,0
8.910,-10.85,18.07,-0.600,0
8.911,-10.85,18.07,-0.600,0
8.911,-10.85,18.07,-0.600,0
8.911,-10.85,18.07,-0.600,0
8.912,-10.85,18.10,-0.600,0
8.912,-10.85,18.10,-0.600,0
8.912,-10.85,18.10,-0.600,0
8.913,-10.85,18.13,-0.600,0
8.913,-10.85,18.13,-0.600,0
8.913,-10.85,18.13,-0.600,0
8.913,-10.85,18.16,-0.600,0
8.914,-10.85,18.16,-0.600,0
8.914,-10.85,18.16,-0.600,0
8.914,-10.85,18.16,-0.600,0
8.914,-10.85,18.20,-0.600,0
8.915,-10.85,18.20,-0.600,0
8.915,-10.85,18.20,-0.600,0
8.915,-10.85,18.20,-0.600,0
8.915,-10.85,18.23,-0.600,0
8.916,-10.85,18.23,-0.600,0
8.916,-10.85,18.23,-0.600,0
8.916,-10.85,18.23,-0.600,0
8.916,-10.85,18.26,-0.600,0
8.917,-10.85,18.26,-0.600,0
8.917,-10.85,18.26,-0.600,0
8.917,-10.85,18.26,-0.600,0
8.917,-10.85,18.26,-0.600,0
8.918,-10.85,18.29,-0.600,0
8.918,-10.85,18.29,-0.600,0
8.918,-10.85,18.29,-0.600,0
8.919,-10.85,18.33,-0.600,0
8.919,-10.85,18.33,-0.600,0
8.919,-10.85,18.33,-0.600,0
8.919,-10.85,18.33,-0.600,0
8.920,-10.85,18.36,-0.600,0
8.920,-10.85,18.36,-0.600,0
8.920,-10.85,18.36,-0.600,0
8.920,-10.85,18.36,-0.600,0
8.920,-10.85,18.39,-0.600,0
8.921,-10.85,18.39,-0.600,0
8.921,-10.85,18.39,-0.600,0
8.921,-10.85,18.39,-0.600,0
8.921,-10.85,18.42,-0.600,0
8.922,-10.85,18.42,-0.600,0
8.922,-10.85,18.42,-0.600,0
8.922,-10.85,18.42,-0.600,0
8.923,-10.85,18.45,-0.600,0
8.923,-10.85,18.45,-0.600,0
8.923,-10.85,18.45,-0.600,0
8.923,-10.85,18.45,-0.600,0
8.924,-10.85,18.49,-0.600,0
8.924,-10.85,18.49,-0.600,0
8.924,-10.85,18.49,-0.600,0
8.924,-10.85,18.49,-0.600,0
8.924,-10.85,18.52,-0.600,0
8.925,-10.85,18.52,-0.600,0
8.925,-10.85,18.52,-0.600,0
8.925,-10.85,18.52,-0.600,0
8.926,-10.85,18.55,-0.600,0
8.926,-10.85,18.55,-0.600,0
8.926,-10.85,18.55,-0.600,0
8.926,-10.85,18.58,-0.600,0
8.927,-10.85,18.58,-0.600,0
8.927,-10.85,18.58,-0.600,0
8.927,-10.85,18.58,-0.600,0
8.927,-10.85,18.58,-0.600,0
8.928,-10.85,18.62,-0.600,0
8.928,-10.85,18.62,-0.600,0
8.928,-10.85,18.62,-0.600,0
8.928,-10.85,18.62,-0.600,0
8.928,-10.85,18.65,-0.600,0
8.929,-10.85,18.65,-0.600,0
8.929,-10.85,18.65,-0.600,0
8.929,-10.85,18.65,-0.600,0
8.929,-10.85,18.65,-0.600,0
8.930,-10.85,18.68,-0.600,0
8.930,-10.85,18.68,-0.600,0
8.930,-10.85,18.68,-0.600,0
8.930,-10.85,18.68,-0.600,0
8.930,-10.85,18.71,-0.600,0
8.931,-10.85,18.71,-0.600,0
8.931,-10.85,18.71,-0.600,0
8.931,-10.85,18.71,-0.600,0
8.931,-10.85,18.75,-0.600,0
8.932,-10.85,18.75,-0.600,0
8.932,-10.85,18.75,-0.600,0
8.932,-10.85,18.75,-0.600,0
8.933,-10.85,18.78,-0.600,0
8.933,-10.85,18.78,-0.600,0
8.933,-10.85,18.78,-0.600,0
8.933,-10.85,18.81,-0.600,0
8.934,-10.85,18.81,-0.600,0
8.934,-10.85,18.81,-0.600,0
8.934,-10.85,18.81,-0.600,0
8.934,-10.85,18.84,-0.600,0
8.935,-10.85,18.84,-0.600,0
8.935,-10.85,18.84,-0.600,0
8.935,-10.85,18.84,-0.600,0
8.935,-10.85,18.84,-0.600,0
8.936,-10.85,18.88,-0.600,0
8.936,-10.85,18.88,-0.600,0
8.936,-10.85,18.88,-0.600,0
8.936,-10.85,18.88,-0.600,0
8.937,-10.85,18.91,-0.600,0
8.937,-10.85,18.91,-0.600,0
8.937,-10.85,18.91,-0.600,0
8.937,-10.85,18.91,-0.600,0
8.937,-10.85,18.94,-0.600,0
8.938,-10.85,18.94,-0.600,0
8.938,-10.85,18.94,-0.600,0
8.938,-10.85,18.94,-0.600,0
8.939,-10.85,18.97,-0.600,0
8.939,-10.85,18.97,-0.600,0
8.939,-10.85,18.97,-0.600,0
8.939,-10.85,19.01,-0.600,0
8.940,-10.85,19.01,-0.600,0
8.940,-10.85,19.01,-0.600,0
8.940,-10.85,19.01,-0.600,0
8.940,-10.85,19.04,-0.600,0
8.941,-10.85,19.04,-0.600,0
8.941,-10.85,19.04,-0.600,0
8.941,-10.85,19.04,-0.600,0
8.941,-10.85,19.04,-0.600,0
8.942,-10.85,19.07,-0.600,0
8.942,-10.85,19.07,-0.600,0
8.942,-10.85,19.07,-0.600,0
8.942,-10.85,19.07,-0.600,0
8.943,-10.85,19.10,-0.600,0
8.943,-10.85,19.10,-0.600,0
8.943,-10.85,19.10,-0.600,0
8.943,-10.85,19.10,-0.600,0
8.943,-10.85,19.14,-0.600,0
8.944,-10.85,19.14,-0.600,0
8.944,-10.85,19.14,-0.600,0
8.944,-10.85,19.14,-0.600,0
8.944,-10.85,19.14,-0.600,0
8.945,-10.85,19.17,-0.600,0
8.945,-10.85,19.17,-0.600,0
8.945,-10.85,19.17,-0.600,0
8.945,-10.85,19.20,-0.600,0
8.946,-10.85,19.20,-0.600,0
8.946,-10.85,19.20,-0.600,0
8.946,-10.85,19.20,-0.600,0
8.947,-10.85,19.23,-0.600,0
8.947,-10.85,19.23,-0.600,0
8.947,-10.85,19.23,-0.600,0
8.947,-10.85,19.23,-0.600,0
8.948,-10.85,19.27,-0.600,0
8.948,-10.85,19.27,-0.600,0
8.948,-10.85,19.27,-0.600,0
8.948,-10.85,19.27,-0.600,0
8.948,-10.85,19.30,-0.600,0
8.949,-10.85,19.30,-0.600,0
8.949,-10.85,19.30,-0.600,0
8.949,-10.85,19.30,-0.600,0
8.949,-10.85,19.30,-0.600,0
8.950,-10.85,19.33,-0.600,0
8.950,-10.85,19.33,-0.600,0
8.950,-10.85,19.33,-0.600,0
8.950,-10.85,19.33,-0.600,0
8.951,-10.85,19.36,-0.600,0
8.951,-10.85,19.36,-0.600,0
8.951,-10.85,19.36,-0.600,0
8.951,-10.85,19.36,-0.600,0
8.951,-10.85,19.40,-0.600,0
8.952,-10.85,19.40,-0.600,0
8.952,-10.85,19.40,-0.600,0
8.952,-10.85,19.40,-0.600,0
8.952,-10.85,19.43,-0.600,0
8.953,-10.85,19.43,-0.600,0
8.953,-10.85,19.43,-0.600,0
8.953,-10.85,19.43,-0.600,0
8.954,-10.85,19.46,-0.600,0
8.954,-10.85,19.46,-0.600,0
8.954,-10.85,19.46,-0.600,0
8.954,-10.85,19.46,-0.600,0
8.955,-10.85,19.49,-0.600,0
8.955,-10.85,19.49,-0.600,0
8.955,-10.85,19.49,-0.600,0
8.955,-10.85,19.49,-0.600,0
8.956,-10.85,19.52,-0.600,0
8.956,-10.85,19.52,-0.600,0
8.956,-10.85,19.52,-0.600,0
8.956,-10.85,19.52,-0.600,0
8.956,-10.85,19.56,-0.600,0
8.957,-10.85,19.56,-0.600,0
8.957,-10.85,19.56,-0.600,0
8.957,-10.85,19.56,-0.600,0
8.957,-10.85,19.59,-0.600,0
8.958,-10.85,19.59,-0.600,0
8.958,-10.85,19.59,-0.600,0
8.958,-10.85,19.59,-0.600,0
8.958,-10.85,19.59,-0.600,0
8.959,-10.85,19.62,-0.600,0
8.959,-10.85,19.62,-0.600,0
8.959,-10.85,19.62,-0.600,0
8.959,-10.85,19.62,-0.600,0
8.960,-10.85,19.65,-0.600,0
8.960,-10.85,19.65,-0.600,0
8.960,-10.85,19.65,-0.600,0
8.960,-10.85,19.69,-0.600,0
8.961,-10.85,19.69,-0.600,0
8.961,-10.85,19.69,-0.600,0
8.961,-10.85,19.69,-0.600,0
8.961,-10.85,19.72,-0.600,0
8.962,-10.85,19.72,-0.600,0
8.962,-10.85,19.72,-0.600,0
8.962,-10.85,19.72,-0.600,0
8.962,-10.85,19.72,-0.600,0
8.963,-10.85,19.75,-0.600,0
8.963,-10.85,19.75,-0.600,0
8.963,-10.85,19.75,-0.600,0
8.963,-10.85,19.75,-0.600,0
8.964,-10.85,19.78,-0.600,0
8.964,-10.85,19.78,-0.600,0
8.964,-10.85,19.78,-0.600,0
8.964,-10.85,19.78,-0.600,0
8.964,-10.85,19.82,-0.600,0
8.965,-10.85,19.82,-0.600,0
8.965,-10.85,19.82,-0.600,0
8.965,-10.85,19.82,-0.600,0
8.965,-10.85,19.85,-0.600,0
8.966,-10.85,19.85,-0.600,0
8.966,-10.85,19.85,-0.600,0
8.966,-10.85,19.85,-0.600,0
8.967,-10.85,19.88,-0.600,0
8.967,-10.85,19.88,-0.600,0
8.967,-10.85,19.88,-0.600,0
8.968,-10.85,19.91,-0.600,0
8.968,-10.85,19.91,-0.600,0
8.968,-10.85,19.91,-0.600,0
8.968,-10.85,19.91,-0.600,1
8.969,2.91,19.95,0.466,0
8.969,2.91,19.95,0.466,0
8.969,2.91,19.95,0.466,0
8.970,2.91,19.98,0.466,0
8.970,2.91,19.98,0.466,0
8.970,2.91,19.98,0.466,0
8.970,2.91,19.98,0.466,0
8.971,2.91,20.01,0.466,0
8.971,2.91,20.01,0.466,0
8.971,2.91,20.01,0.466,0
8.971,2.91,20.01,0.466,0
8.971,2.91,20.04,0.466,0
8.972,2.91,20.04,0.466,0
8.972,2.91,20.04,0.466,0
8.972,2.91,20.04,0.466,0
8.972,2.91,20.07,0.466,0
8.973,2.91,20.07,0.466,0
8.973,2.91,20.07,0.466,0
8.973,2.91,20.07,0.466,0
8.974,2.91,20.10,0.466,0
8.974,2.91,20.10,0.466,0
8.974,2.91,20.10,0.466,0
8.974,2.91,20.13,0.466,0
8.975,2.91,20.13,0.466,0
8.975,2.91,20.13,0.466,0
8.975,2.91,20.13,0.466,0
8.975,2.91,20.16,0.466,0
8.976,2.91,20.16,0.466,0
8.976,2.91,20.16,0.466,0
8.976,2.91,20.16,0.466,0
8.976,2.91,20.19,0.466,0
8.977,2.91,20.19,0.466,0
8.977,2.91,20.19,0.466,0
8.977,2.91,20.19,0.466,0
8.977,2.91,20.19,0.466,0
8.977,2.91,20.21,0.466,0
8.978,2.91,20.21,0.466,0
8.978,2.91,20.21,0.466,0
8.978,2.91,20.21,0.466,0
8.978,2.91,20.24,0.466,0
8.979,2.91,20.24,0.466,0
8.979,2.91,20.24,0.466,0
8.979,2.91,20.24,0.466,0
8.980,2.91,20.27,0.466,0
8.980,2.91,20.27,0.466,0
8.980,2.91,20.27,0.466,0
8.980,2.91,20.27,0.466,0
8.981,2.91,20.30,0.466,0
8.981,2.91,20.30,0.466,0
8.981,2.91,20.30,0.466,0
8.981,2.91,20.32,0.466,0
8.982,2.91,20.32,0.466,0
8.982,2.91,20.32,0.466,0
8.982,2.91,20.32,0.466,0
8.983,2.91,20.35,0.466,0
8.983,2.91,20.35,0.466,0
8.983,2.91,20.35,0.466,0
8.983,2.91,20.35,0.466,0
8.984,2.91,20.37,0.466,0
8.984,2.91,20.37,0.466,0
8.984,2.91,20.37,0.466,0
8.984,2.91,20.37,0.466,0
8.984,2.91,20.40,0.466,0
8.985,2.91,20.40,0.466,0
8.985,2.91,20.40,0.466,0
8.985,2.91,20.40,0.466,0
8.985,2.91,20.42,0.466,0
8.986,2.91,20.42,0.466,0
8.986,2.91,20.42,0.466,0
8.986,2.91,20.42,0.466,0
8.986,2.91,20.42,0.466,0
8.987,2.91,20.45,0.466,0
8.987,2.91,20.45,0.466,0
8.987,2.91,20.45,0.466,0
8.987,2.91,20.45,0.466,0
8.987,2.91,20.47,0.466,0
8.988,2.91,20.47,0.466,0
8.988,2.91,20.47,0.466,0
8.988,2.91,20.47,0.466,0
8.989,2.91,20.49,0.466,0
8.989,2.91,20.49,0.466,0
8.989,2.91,20.49,0.466,0
8.989,2.91,20.49,0.466,0
8.990,2.91,20.52,0.466,0
8.990,2.91,20.52,0.466,0
8.990,2.91,20.52,0.466,0
8.990,2.91,20.52,0.466,0
8.990,2.91,20.54,0.466,0
8.991,2.91,20.54,0.466,0
8.991,2.91,20.54,0.466,0
8.991,2.91,20.54,0.466,0
8.991,2.91,20.56,0.466,0
8.992,2.91,20.56,0.466,0
8.992,2.91,20.56,0.466,0
8.992,2.91,20.56,0.466,0
8.992,2.91,20.58,0.466,0
8.993,2.91,20.58,0.466,0
8.993,2.91,20.58,0.466,0
8.993,2.91,20.58,0.466,0
8.993,2.91,20.58,0.466,0
8.993,2.91,20.61,0.466,0
8.994,2.91,20.61,0.466,0
8.994,2.91,20.61,0.466,0
8.994,2.91,20.61,0.466,0
8.994,2.91,20.63,0.466,0
8.995,2.91,20.63,0.466,0
8.995,2.91,20.63,0.466,0
8.995,2.91,20.63,0.466,0
8.995,2.91,20.65,0.466,0
8.996,2.91,20.65,0.466,0
8.996,2.91,20.65,0.466,0
8.996,2.91,20.65,0.466,0
8.996,2.91,20.67,0.466,0
8.997,2.91,20.67,0.466,0
8.997,2.91,20.67,0.466,0
8.997,2.91,20.67,0.466,0
8.997,2.91,20.69,0.466,0
8.998,2.91,20.69,0.466,0
8.998,2.91,20.69,0.466,0
8.998,2.91,20.69,0.466,0
8.998,2.91,20.71,0.466,0
8.999,2.91,20.71,0.466,0
8.999,2.91,20.71,0.466,0
8.999,2.91,20.71,0.466,0
9.000,2.91,20.73,0.466,0
9.000,2.91,20.73,0.466,0
9.000,2.91,20.73,0.466,0
9.000,2.91,20.73,0.466,0
9.001,2.91,20.75,0.466,0
9.001,2.91,20.75,0.466,0
9.001,2.91,20.75,0.466,0
9.001,2.91,20.75,0.466,0
9.002,2.91,20.76,0.466,0
9.002,2.91,20.76,0.466,0
9.002,2.91,20.76,0.466,0
9.002,2.91,20.78,0.466,0
9.003,2.91,20.78,0.466,0
9.003,2.91,20.78,0.466,0
9.003,2.91,20.78,0.466,0
9.003,2.91,20.80,0.466,0
9.004,2.91,20.80,0.466,0
9.004,2.91,20.80,0.466,0
9.004,2.91,20.80,0.466,0
9.004,2.91,20.81,0.466,0
9.005,2.91,20.81,0.466,0
9.005,2.91,20.81,0.466,0
9.005,2.91,20.81,0.466,0
9.005,2.91,20.81,0.466,0
9.006,2.91,20.83,0.466,0
9.006,2.91,20.83,0.466,0
9.006,2.91,20.83,0.466,0
9.006,2.91,20.83,0.466,0
9.007,2.91,20.85,0.466,0
9.007,2.91,20.85,0.466,0
9.007,2.91,20.85,0.466,0
9.007,2.91,20.85,0.466,0
9.008,2.91,20.86,0.466,0
9.008,2.91,20.86,0.466,0
9.008,2.91,20.86,0.466,0
9.008,2.91,20.86,0.466,0
9.009,2.91,20.88,0.466,0
9.009,2.91,20.88,0.466,0
9.009,2.91,20.88,0.466,0
9.009,2.91,20.88,0.466,0
9.010,2.91,20.90,0.466,0
9.010,2.91,20.90,0.466,0
9.010,2.91,20.90,0.466,0
9.010,2.91,20.91,0.466,0
9.011,2.91,20.91,0.466,0
9.011,2.91,20.91,0.466,0
9.011,2.91,20.91,0.466,0
9.011,2.91,20.92,0.466,0
9.012,2.91,20.92,0.466,0
9.012,2.91,20.92,0.466,0
9.012,2.91,20.92,0.466,0
9.012,2.91,20.94,0.466,0
9.013,2.91,20.94,0.466,0
9.013,2.91,20.94,0.466,0
9.013,2.91,20.94,0.466,0
9.013,2.91,20.95,0.466,0
9.014,2.91,20.95,0.466,0
9.014,2.91,20.95,0.466,0
9.014,2.91,20.95,0.466,0
9.014,2.91,20.95,0.466,0
9.015,2.91,20.96,0.466,0
9.015,2.91,20.96,0.466,0
9.015,2.91,20.96,0.466,0
9.015,2.91,20.96,0.466,0
9.016,2.91,20.98,0.466,0
9.016,2.91,20.98,0.466,0
9.016,2.91,20.98,0.466,0
9.017,2.91,20.99,0.466,0
9.017,2.91,20.99,0.466,0
9.017,2.91,20.99,0.466,0
9.017,2.91,20.99,0.466,0
9.017,2.91,21.00,0.466,0
9.018,2.91,21.00,0.466,0
9.018,2.91,21.00,0.466,0
9.018,2.91,21.00,0.466,0
9.018,2.91,21.01,0.466,0
9.019,2.91,21.01,0.466,0
9.019,2.91,21.01,0.466,0
9.019,2.91,21.01,0.466,0
9.019,2.91,21.02,0.466,0
9.020,2.91,21.02,0.466,0
9.020,2.91,21.02,0.466,0
9.020,2.91,21.02,0.466,0
9.020,2.91,21.02,0.466,0
9.021,2.91,21.03,0.466,0
9.021,2.91,21.03,0.466,0
9.021,2.91,21.03,0.466,0
9.021,2.91,21.03,0.466,0
9.022,2.91,21.04,0.466,0
9.022,2.91,21.04,0.466,0
9.022,2.91,21.04,0.466,0
9.022,2.91,21.04,0.466,0
9.023,2.91,21.05,0.466,0
9.023,2.91,21.05,0.466,0
9.023,2.91,21.05,0.466,0
9.023,2.91,21.06,0.466,0
9.024,2.91,21.06,0.466,0
9.024,2.91,21.06,0.466,0
9.024,2.91,21.06,0.466,0
9.024,2.91,21.07,0.466,0
9.025,2.91,21.07,0.466,0
9.025,2.91,21.07,0.466,0
9.025,2.91,21.07,0.466,0
9.025,2.91,21.08,0.466,0
9.026,2.91,21.08,0.466,0
9.026,2.91,21.08,0.466,0
9.026,2.91,21.08,0.466,0
9.026,2.91,21.08,0.466,0
9.027,2.91,21.09,0.466,0
9.027,2.91,21.09,0.466,0
9.027,2.91,21.09,0.466,0
9.027,2.91,21.10,0.466,0
9.028,2.91,21.10,0.466,0
9.028,2.91,21.10,0.466,0
9.028,2.91,21.10,0.466,0
9.028,2.91,21.10,0.466,0
9.029,2.91,21.10,0.466,0
9.029,2.91,21.10,0.466,0
9.029,2.91,21.10,0.466,0
9.029,2.91,21.10,0.466,0
9.030,2.91,21.11,0.466,0
9.030,2.91,21.11,0.466,0
9.030,2.91,21.11,0.466,0
9.030,2.91,21.12,0.466,0
9.031,2.91,21.12,0.466,0
9.031,2.91,21.12,0.466,0
9.031,2.91,21.12,0.466,0
9.031,2.91,21.13,0.466,0
9.032,2.91,21.13,0.466,0
9.032,2.91,21.13,0.466,0
9.032,2.91,21.13,0.466,0
9.032,2.91,21.13,0.466,0
9.033,2.91,21.13,0.466,0
9.033,2.91,21.13,0.466,0
9.033,2.91,21.13,0.466,0
9.033,2.91,21.13,0.466,0
9.033,2.91,21.14,0.466,0
9.034,2.91,21.14,0.466,0
9.034,2.91,21.14,0.466,0
9.034,2.91,21.14,0.466,0
9.034,2.91,21.14,0.466,0
9.035,2.91,21.14,0.466,0
9.035,2.91,21.14,0.466,0
9.035,2.91,21.14,0.466,0
9.035,2.91,21.14,0.466,0
9.036,2.91,21.14,0.466,0
9.036,2.91,21.14,0.466,0
9.036,2.91,21.14,0.466,0
9.036,2.91,21.15,0.466,0
9.037,2.91,21.15,0.466,0
9.037,2.91,21.15,0.466,0
9.037,2.91,21.15,0.466,0
9.037,2.91,21.15,0.466,0
9.038,2.91,21.15,0.466,0
9.038,2.91,21.15,0.466,0
9.038,2.91,21.15,0.466,0
9.038,2.91,21.15,0.466,0
9.039,2.91,21.16,0.466,0
9.039,2.91,21.16,0.466,0
9.039,2.91,21.16,0.466,0
9.039,2.91,21.16,0.466,0
9.039,2.91,21.16,0.466,0
9.040,2.91,21.16,0.466,0
9.040,2.91,21.16,0.466,0
9.040,2.91,21.16,0.466,0
9.041,2.91,21.16,0.466,0
9.041,2.91,21.16,0.466,0
9.041,2.91,21.16,0.466,0
9.041,2.91,21.16,0.466,0
9.042,2.91,21.17,0.466,0
9.042,2.91,21.17,0.466,0
9.042,2.91,21.17,0.466,0
9.042,2.91,21.17,0.466,0
9.043,2.91,21.17,0.466,0
9.043,2.91,21.17,0.466,0
9.043,2.91,21.17,0.466,0
9.043,2.91,21.17,0.466,0
9.044,2.91,21.17,0.466,0
9.044,2.91,21.17,0.466,0
9.044,2.91,21.17,0.466,0
9.044,2.91,21.17,0.466,0
9.045,2.91,21.17,0.466,0
9.045,2.91,21.17,0.466,0
9.045,2.91,21.17,0.466,0
9.045,2.91,21.17,0.466,0
9.045,2.91,21.17,0.466,0
9.046,2.91,21.17,0.466,0
9.046,2.91,21.17,0.466,0
9.046,2.91,21.17,0.466,0
9.046,2.91,21.17,0.466,0
9.047,2.91,21.17,0.466,0
9.047,2.91,21.17,0.466,0
9.047,2.91,21.17,0.466,0
9.047,2.91,21.17,0.466,0
9.048,2.91,21.17,0.466,0
9.048,2.91,21.17,0.466,0
9.048,2.91,21.17,0.466,0
9.048,2.91,21.17,0.466,0
9.049,2.91,21.17,0.466,0
9.049,2.91,21.17,0.466,0
9.049,2.91,21.17,0.466,0
9.049,2.91,21.17,0.466,0
9.049,2.91,21.17,0.466,0
9.050,2.91,21.17,0.466,0
9.050,2.91,21.17,0.466,0
9.050,2.91,21.17,0.466,0
9.051,2.91,21.17,0.466,0
9.051,2.91,21.17,0.466,0
9.051,2.91,21.17,0.466,0
9.051,2.91,21.17,0.466,0
9.052,2.91,21.17,0.466,0
9.052,2.91,21.17,0.466,0
9.052,2.91,21.17,0.466,0
9.052,2.91,21.16,0.466,0
9.053,2.91,21.16,0.466,0
9.053,2.91,21.16,0.466,0
9.053,2.91,21.16,0.466,0
9.053,2.91,21.16,0.466,0
9.054,2.91,21.16,0.466,0
9.054,2.91,21.16,0.466,0
9.054,2.91,21.16,0.466,0
9.054,2.91,21.16,0.466,0
9.054,2.91,21.16,0.466,0
9.055,2.91,21.16,0.466,0
9.055,2.91,21.16,0.466,0
9.055,2.91,21.16,0.466,0
9.055,2.91,21.16,0.466,0
9.056,2.91,21.15,0.466,0
9.056,2.91,21.15,0.466,0
9.056,2.91,21.15,0.466,0
9.056,2.91,21.15,0.466,0
9.057,2.91,21.15,0.466,0
9.057,2.91,21.15,0.466,0
9.057,2.91,21.15,0.466,0
9.057,2.91,21.15,0.466,0
9.058,2.91,21.15,0.466,0
9.058,2.91,21.15,0.466,0
9.058,2.91,21.15,0.466,0
9.058,2.91,21.14,0.466,0
9.059,2.91,21.14,0.466,0
9.059,2.91,21.14,0.466,0
9.059,2.91,21.14,0.466,0
9.059,2.91,21.14,0.466,0
9.060,2.91,21.14,0.466,0
9.060,2.91,21.14,0.466,0
9.060,2.91,21.14,0.466,0
9.060,2.91,21.14,0.466,0
9.061,2.91,21.13,0.466,0
9.061,2.91,21.13,0.466,0
9.061,2.91,21.13,0.466,0
9.061,2.91,21.13,0.466,0
9.061,2.91,21.13,0.466,0
9.062,2.91,21.13,0.466,0
9.062,2.91,21.13,0.466,0
9.062,2.91,21.13,0.466,0
9.062,2.91,21.12,0.466,0
9.063,2.91,21.12,0.466,0
9.063,2.91,21.12,0.466,0
9.063,2.91,21.12,0.466,0
9.064,2.91,21.11,0.466,0
9.064,2.91,21.11,0.466,0
9.064,2.91,21.11,0.466,0
9.064,2.91,21.11,0.466,0
9.065,2.91,21.10,0.466,0
9.065,2.91,21.10,0.466,0
9.065,2.91,21.10,0.466,0
9.065,2.91,21.10,0.466,0
9.066,2.91,21.10,0.466,0
9.066,2.91,21.10,0.466,0
9.066,2.91,21.10,0.466,0
9.066,2.91,21.10,0.466,0
9.066,2.91,21.09,0.466,0
9.067,2.91,21.09,0.466,0
9.067,2.91,21.09,0.466,0
9.067,2.91,21.09,0.466,0
9.067,2.91,21.08,0.466,0
9.068,2.91,21.08,0.466,0
9.068,2.91,21.08,0.466,0
9.068,2.91,21.08,0.466,0
9.068,2.91,21.07,0.466,0
9.069,2.91,21.07,0.466,0
9.069,2.91,21.07,0.466,0
9.069,2.91,21.07,0.466,0
9.069,2.91,21.07,0.466,0
9.070,2.91,21.07,0.466,0
9.070,2.91,21.07,0.466,0
9.070,2.91,21.07,0.466,0
9.070,2.91,21.07,0.466,0
9.071,2.91,21.06,0.466,0
9.071,2.91,21.06,0.466,0
9.071,2.91,21.06,0.466,0
9.071,2.91,21.05,0.466,0
9.072,2.91,21.05,0.466,0
9.072,2.91,21.05,0.466,0
9.072,2.91,21.05,0.466,0
9.072,2.91,21.04,0.466,0
9.073,2.91,21.04,0.466,0
9.073,2.91,21.04,0.466,0
9.073,2.91,21.04,0.466,0
9.073,2.91,21.04,0.466,0
9.074,2.91,21.03,0.466,0
9.074,2.91,21.03,0.466,0
9.074,2.91,21.03,0.466,0
9.074,2.91,21.03,0.466,0
9.074,2.91,21.01,0.466,0
9.075,2.91,21.01,0.466,0
9.075,2.91,21.01,0.466,0
9.075,2.91,21.01,0.466,0
9.075,2.91,21.00,0.466,0
9.076,2.91,21.00,0.466,0
9.076,2.91,21.00,0.466,0
9.076,2.91,21.00,0.466,0
9.076,2.91,21.00,0.466,0
9.076,2.91,20.99,0.466,0
9.077,2.91,20.99,0.466,0
9.077,2.91,20.99,0.466,0
9.077,2.91,20.99,0.466,0
9.077,2.91,20.98,0.466,0
9.078,2.91,20.98,0.466,0
9.078,2.91,20.98,0.466,0
9.078,2.91,20.98,0.466,0
9.079,2.91,20.97,0.466,0
9.079,2.91,20.97,0.466,0
9.079,2.91,20.97,0.466,0
9.079,2.91,20.97,0.466,0
9.079,2.91,20.96,0.466,0
9.080,2.91,20.96,0.466,0
9.080,2.91,20.96,0.466,0
9.080,2.91,20.96,0.466,0
9.080,2.91,20.96,0.466,0
9.081,2.91,20.94,0.466,0
9.081,2.91,20.94,0.466,0
9.081,2.91,20.94,0.466,0
9.081,2.91,20.94,0.466,0
9.081,2.91,20.93,0.466,0
9.082,2.91,20.93,0.466,0
9.082,2.91,20.93,0.466,0
9.082,2.91,20.93,0.466,0
9.082,2.91,20.93,0.466,0
9.083,2.91,20.91,0.466,0
9.083,2.91,20.91,0.466,0
9.083,2.91,20.91,0.466,0
9.083,2.91,20.91,0.466,0
9.084,2.91,20.90,0.466,0
9.084,2.91,20.90,0.466,0
9.084,2.91,20.90,0.466,0
9.084,2.91,20.90,0.466,0
9.085,2.91,20.88,0.466,0
9.085,2.91,20.88,0.466,0
9.085,2.91,20.88,0.466,0
9.086,2.91,20.87,0.466,0
9.086,2.91,20.87,0.466,0
9.086,2.91,20.87,0.466,0
9.086,2.91,20.87,0.466,0
9.086,2.91,20.85,0.466,0
9.087,2.91,20.85,0.466,0
9.087,2.91,20.85,0.466,0
9.087,2.91,20.85,0.466,0
9.087,2.91,20.84,0.466,0
9.088,2.91,20.84,0.466,0
9.088,2.91,20.84,0.466,0
9.088,2.91,20.84,0.466,0
9.088,2.91,20.84,0.466,0
9.089,2.91,20.82,0.466,0
9.089,2.91,20.82,0.466,0
9.089,2.91,20.82,0.466,0
9.089,2.91,20.82,0.466,0
9.089,2.91,20.80,0.466,0
9.090,2.91,20.80,0.466,0
9.090,2.91,20.80,0.466,0
9.090,2.91,20.80,0.466,0
9.090,2.91,20.79,0.466,0
9.091,2.91,20.79,0.466,0
9.091,2.91,20.79,0.466,0
9.091,2.91,20.79,0.466,0
9.092,2.91,20.77,0.466,0
9.092,2.91,20.77,0.466,0
9.092,2.91,20.77,0.466,0
9.092,2.91,20.77,0.466,0
9.093,2.91,20.75,0.466,0
9.093,2.91,20.75,0.466,0
9.093,2.91,20.75,0.466,0
9.093,2.91,20.75,0.466,0
9.093,2.91,20.73,0.466,0
9.094,2.91,20.73,0.466,0
9.094,2.91,20.73,0.466,0
9.094,2.91,20.73,0.466,0
9.094,2.91,20.71,0.466,0
9.095,2.91,20.71,0.466,0
9.095,2.91,20.71,0.466,0
9.095,2.91,20.71,0.466,0
9.095,2.91,20.69,0.466,0
9.096,2.91,20.69,0.466,0
9.096,2.91,20.69,0.466,0
9.096,2.91,20.69,0.466,0
9.096,2.91,20.67,0.466,0
9.097,2.91,20.67,0.466,0
9.097,2.91,20.67,0.466,0
9.097,2.91,20.67,0.466,0
9.098,2.91,20.65,0.466,0
9.098,2.91,20.65,0.466,0
9.098,2.91,20.65,0.466,0
9.099,2.91,20.63,0.466,0
9.099,2.91,20.63,0.466,0
9.100,2.91,20.61,0.466,0
9.100,2.91,20.61,0.466,0
9.100,2.91,20.61,0.466,0
9.100,2.91,20.59,0.466,0
9.101,2.91,20.59,0.466,0
9.101,2.91,20.59,0.466,0
9.101,2.91,20.59,0.466,0
9.102,2.91,20.57,0.466,0
9.102,2.91,20.57,0.466,0
9.102,2.91,20.57,0.466,0
9.103,2.91,20.55,0.466,0
9.103,2.91,20.55,0.466,1
9.103,6.53,20.55,0.600,0
9.104,6.53,20.52,0.600,0
9.104,6.53,20.52,0.600,0
9.104,6.53,20.50,0.600,0
9.105,6.53,20.50,0.600,0
9.105,6.53,20.50,0.600,0
9.105,6.53,20.50,0.600,0
9.105,6.53,20.48,0.600,0
9.106,6.53,20.48,0.600,0
9.106,6.53,20.48,0.600,0
9.106,6.53,20.48,0.600,0
9.107,6.53,20.45,0.600,0
9.107,6.53,20.45,0.600,0
9.107,6.53,20.45,0.600,0
9.107,6.53,20.43,0.600,0
9.108,6.53,20.43,0.600,0
9.108,6.53,20.43,0.600,0
9.108,6.53,20.43,0.600,0
9.108,6.53,20.43,0.600,0
9.109,6.53,20.41,0.600,0
9.109,6.53,20.41,0.600,0
9.109,6.53,20.41,0.600,0
9.109,6.53,20.41,0.600,0
9.110,6.53,20.38,0.600,0
9.110,6.53,20.38,0.600,0
9.110,6.53,20.38,0.600,0
9.110,6.53,20.38,0.600,0
9.111,6.53,20.36,0.600,0
9.111,6.53,20.36,0.600,0
9.111,6.53,20.36,0.600,0
9.111,6.53,20.36,0.600,0
9.111,6.53,20.33,0.600,0
9.112,6.53,20.33,0.600,0
9.112,6.53,20.33,0.600,0
9.112,6.53,20.33,0.600,0
9.113,6.53,20.30,0.600,0
9.113,6.53,20.30,0.600,0
9.113,6.53,20.30,0.600,0
9.113,6.53,20.28,0.600,0
9.114,6.53,20.28,0.600,0
9.114,6.53,20.28,0.600,0
9.114,6.53,20.28,0.600,0
9.115,6.53,20.25,0.600,0
9.115,6.53,20.25,0.600,0
9.115,6.53,20.25,0.600,0
9.115,6.53,20.25,0.600,0
9.116,6.53,20.22,0.600,0
9.116,6.53,20.22,0.600,0
9.116,6.53,20.22,0.600,0
9.116,6.53,20.22,0.600,0
9.117,6.53,20.20,0.600,0
9.117,6.53,20.20,0.600,0
9.117,6.53,20.20,0.600,0
9.117,6.53,20.20,0.600,0
9.118,6.53,20.17,0.600,0
9.118,6.53,20.17,0.600,0
9.118,6.53,20.17,0.600,0
9.118,6.53,20.17,0.600,0
9.119,6.53,20.14,0.600,0
9.119,6.53,20.14,0.600,0
9.119,6.53,20.14,0.600,0
9.120,6.53,20.11,0.600,0
9.120,6.53,20.11,0.600,0
9.120,6.53,20.11,0.600,0
9.120,6.53,20.08,0.600,0
9.121,6.53,20.08,0.600,0
9.121,6.53,20.08,0.600,0
9.121,6.53,20.08,0.600,0
9.122,6.53,20.05,0.600,0
9.122,6.53,20.05,0.600,0
9.122,6.53,20.05,0.600,0
9.122,6.53,20.05,0.600,0
9.123,6.53,20.02,0.600,0
9.123,6.53,20.02,0.600,0
9.123,6.53,20.02,0.600,0
9.123,6.53,19.99,0.600,0
9.124,6.53,19.99,0.600,0
9.124,6.53,19.99,0.600,0
9.124,6.53,19.99,0.600,0
9.124,6.53,19.99,0.600,0
9.125,6.53,19.96,0.600,0
9.125,6.53,19.96,0.600,0
9.125,6.53,19.96,0.600,0
9.125,6.53,19.96,0.600,0
9.125,6.53,19.93,0.600,0
9.126,6.53,19.93,0.600,0
9.126,6.53,19.93,0.600,0
9.126,6.53,19.93,0.600,0
9.127,6.53,19.90,0.600,0
9.127,6.53,19.90,0.600,0
9.127,6.53,19.90,0.600,0
9.128,6.53,19.87,0.600,0
9.128,6.53,19.87,0.600,0
9.128,6.53,19.87,0.600,0
9.128,6.53,19.87,0.600,0
9.129,6.53,19.84,0.600,0
9.129,6.53,19.84,0.600,0
9.129,6.53,19.84,0.600,0
9.129,6.53,19.84,0.600,0
9.129,6.53,19.80,0.600,0
9.130,6.53,19.80,0.600,0
9.130,6.53,19.80,0.600,0
9.130,6.53,19.80,0.600,0
9.130,6.53,19.77,0.600,0
9.131,6.53,19.77,0.600,0
9.131,6.53,19.77,0.600,0
9.131,6.53,19.77,0.600,0
9.131,6.53,19.77,0.600,0
9.132,6.53,19.74,0.600,0
9.132,6.53,19.74,0.600,0
9.132,6.53,19.74,0.600,0
9.132,6.53,19.74,0.600,0
9.133,6.53,19.71,0.600,0
9.133,6.53,19.71,0.600,0
9.133,6.53,19.71,0.600,0
9.134,6.53,19.67,0.600,0
9.134,6.53,19.67,0.600,0
9.134,6.53,19.67,0.600,0
9.135,6.53,19.64,0.600,0
9.135,6.53,19.64,0.600,0
9.135,6.53,19.64,0.600,0
9.135,6.53,19.64,0.600,0
9.135,6.53,19.61,0.600,0
9.136,6.53,19.61,0.600,0
9.136,6.53,19.61,0.600,0
9.136,6.53,19.61,0.600,0
9.136,6.53,19.61,0.600,0
9.137,6.53,19.58,0.600,0
9.137,6.53,19.58,0.600,0
9.137,6.53,19.58,0.600,0
9.137,6.53,19.58,0.600,0
9.137,6.53,19.54,0.600,0
9.138,6.53,19.54,0.600,0
9.138,6.53,19.54,0.600,0
9.138,6.53,19.54,0.600,0
9.138,6.53,19.51,0.600,0
9.139,6.53,19.51,0.600,0
9.139,6.53,19.51,0.600,0
9.139,6.53,19.51,0.600,0
9.139,6.53,19.48,0.600,0
9.140,6.53,19.48,0.600,0
9.140,6.53,19.48,0.600,0
9.140,6.53,19.48,0.600,0
9.141,6.53,19.45,0.600,0
9.141,6.53,19.45,0.600,0
9.141,6.53,19.45,0.600,0
9.141,6.53,19.45,0.600,0
9.141,6.53,19.41,0.600,0
9.142,6.53,19.41,0.600,0
9.142,6.53,19.41,0.600,0
9.142,6.53,19.41,0.600,0
9.142,6.53,19.38,0.600,0
9.143,6.53,19.38,0.600,0
9.143,6.53,19.38,0.600,0
9.143,6.53,19.38,0.600,0
9.143,6.53,19.35,0.600,0
9.144,6.53,19.35,0.600,0
9.144,6.53,19.35,0.600,0
9.144,6.53,19.35,0.600,0
9.144,6.53,19.35,0.600,0
9.145,6.53,19.32,0.600,0
9.145,6.53,19.32,0.600,0
9.145,6.53,19.32,0.600,0
9.145,6.53,19.32,0.600,0
9.146,6.53,19.29,0.600,0
9.146,6.53,19.29,0.600,0
9.146,6.53,19.29,0.600,0
9.146,6.53,19.29,0.600,0
9.146,6.53,19.25,0.600,0
9.147,6.53,19.25,0.600,0
9.147,6.53,19.25,0.600,0
9.147,6.53,19.25,0.600,0
9.148,6.53,19.22,0.600,0
9.148,6.53,19.22,0.600,0
9.148,6.53,19.22,0.600,0
9.148,6.53,19.19,0.600,0
9.149,6.53,19.19,0.600,0
9.149,6.53,19.19,0.600,0
9.149,6.53,19.19,0.600,0
9.149,6.53,19.16,0.600,0
9.150,6.53,19.16,0.600,0
9.150,6.53,19.16,0.600,0
9.150,6.53,19.16,0.600,0
9.150,6.53,19.12,0.600,0
9.151,6.53,19.12,0.600,0
9.151,6.53,19.12,0.600,0
9.151,6.53,19.12,0.600,0
9.151,6.53,19.09,0.600,0
9.152,6.53,19.09,0.600,0
9.152,6.53,19.09,0.600,0
9.152,6.53,19.09,0.600,0
9.153,6.53,19.06,0.600,0
9.153,6.53,19.06,0.600,0
9.153,6.53,19.06,0.600,0
9.153,6.53,19.06,0.600,0
9.153,6.53,19.03,0.600,0
9.154,6.53,19.03,0.600,0
9.154,6.53,19.03,0.600,0
9.154,6.53,19.03,0.600,0
9.155,6.53,18.99,0.600,0
9.155,6.53,18.99,0.600,0
9.155,6.53,18.99,0.600,0
9.155,6.53,18.96,0.600,0
9.156,6.53,18.96,0.600,0
9.156,6.53,18.96,0.600,0
9.156,6.53,18.96,0.600,0
9.156,6.53,18.93,0.600,0
9.157,6.53,18.93,0.600,0
9.157,6.53,18.93,0.600,0
9.157,6.53,18.93,0.600,0
9.157,6.53,18.90,0.600,0
9.158,6.53,18.90,0.600,0
9.158,6.53,18.90,0.600,0
9.158,6.53,18.90,0.600,0
9.158,6.53,18.90,0.600,0
9.159,6.53,18.86,0.600,0
9.159,6.53,18.86,0.600,0
9.159,6.53,18.86,0.600,0
9.159,6.53,18.83,0.600,0
9.160,6.53,18.83,0.600,0
9.160,6.53,18.83,0.600,0
9.160,6.53,18.83,0.600,0
9.160,6.53,18.80,0.600,0
9.161,6.53,18.80,0.600,0
9.161,6.53,18.80,0.600,0
9.161,6.53,18.80,0.600,0
9.161,6.53,18.77,0.600,0
9.162,6.53,18.77,0.600,0
9.162,6.53,18.77,0.600,0
9.162,6.53,18.77,0.600,0
9.163,6.53,18.73,0.600,0
9.163,6.53,18.73,0.600,0
9.163,6.53,18.73,0.600,0
9.163,6.53,18.73,0.600,0
9.163,6.53,18.70,0.600,0
9.164,6.53,18.70,0.600,0
9.164,6.53,18.70,0.600,0
9.164,6.53,18.70,0.600,0
9.164,6.53,18.67,0.600,0
9.165,6.53,18.67,0.600,0
9.165,6.53,18.67,0.600,0
9.165,6.53,18.67,0.600,0
9.165,6.53,18.64,0.600,0
9.166,6.53,18.64,0.600,0
9.166,6.53,18.64,0.600,0
9.166,6.53,18.64,0.600,0
9.166,6.53,18.60,0.600,0
9.167,6.53,18.60,0.600,0
9.167,6.53,18.60,0.600,0
9.167,6.53,18.60,0.600,0
9.167,6.53,18.57,0.600,0
9.168,6.53,18.57,0.600,0
9.168,6.53,18.57,0.600,0
9.169,6.53,18.54,0.600,0
9.169,6.53,18.54,0.600,0
9.169,6.53,18.54,0.600,0
9.170,6.53,18.51,0.600,0
9.170,6.53,18.51,0.600,0
9.170,6.53,18.51,0.600,0
9.170,6.53,18.47,0.600,0
9.171,6.53,18.47,0.600,0
9.171,6.53,18.47,0.600,0
9.171,6.53,18.47,0.600,0
9.171,6.53,18.44,0.600,0
9.172,6.53,18.44,0.600,0
9.172,6.53,18.44,0.600,0
9.172,6.53,18.44,0.600,0
9.173,6.53,18.41,0.600,0
9.173,6.53,18.41,0.600,0
9.173,6.53,18.41,0.600,0
9.173,6.53,18.38,0.600,0
9.174,6.53,18.38,0.600,0
9.174,6.53,18.38,0.600,0
9.174,6.53,18.38,0.600,0
9.174,6.53,18.34,0.600,0
9.175,6.53,18.34,0.600,0
9.175,6.53,18.34,0.600,0
9.175,6.53,18.34,0.600,0
9.176,6.53,18.31,0.600,0
9.176,6.53,18.31,0.600,0
9.176,6.53,18.31,0.600,0
9.176,6.53,18.31,0.600,0
9.177,6.53,18.28,0.600,0
9.177,6.53,18.28,0.600,0
9.177,6.53,18.28,0.600,0
9.177,6.53,18.28,0.600,0
9.178,6.53,18.25,0.600,0
9.178,6.53,18.25,0.600,0
9.178,6.53,18.25,0.600,0
9.178,6.53,18.25,0.600,0
9.179,6.53,18.22,0.600,0
9.179,6.53,18.22,0.600,0
9.179,6.53,18.22,0.600,0
9.179,6.53,18.22,0.600,0
9.180,6.53,18.18,0.600,0
9.180,6.53,18.18,0.600,0
9.180,6.53,18.18,0.600,0
9.180,6.53,18.18,0.600,0
9.181,6.53,18.15,0.600,0
9.181,6.53,18.15,0.600,0
9.181,6.53,18.12,0.600,0
9.182,6.53,18.12,0.600,0
9.182,6.53,18.12,0.600,0
9.182,6.53,18.12,0.600,0
9.182,6.53,18.09,0.600,0
9.183,6.53,18.09,0.600,0
9.183,6.53,18.09,0.600,0
9.183,6.53,18.09,0.600,0
9.183,6.53,18.05,0.600,0
9.184,6.53,18.05,0.600,0
9.184,6.53,18.05,0.600,0
9.184,6.53,18.05,0.600,0
9.184,6.53,18.02,0.600,0
9.185,6.53,18.02,0.600,0
9.185,6.53,18.02,0.600,0
9.185,6.53,18.02,0.600,0
9.185,6.53,17.99,0.600,0
9.186,6.53,17.99,0.600,0
9.186,6.53,17.99,0.600,0
9.186,6.53,17.99,0.600,0
9.186,6.53,17.99,0.600,0
9.187,6.53,17.96,0.600,0
9.187,6.53,17.96,0.600,0
9.187,6.53,17.96,0.600,0
9.187,6.53,17.96,0.600,0
9.187,6.53,17.92,0.600,0
9.188,6.53,17.92,0.600,0
9.188,6.53,17.92,0.600,0
9.188,6.53,17.92,0.600,0
9.188,6.53,17.92,0.600,0
9.189,6.53,17.89,0.600,0
9.189,6.53,17.89,0.600,0
9.189,6.53,17.89,0.600,0
9.189,6.53,17.89,0.600,0
9.190,6.53,17.86,0.600,0
9.190,6.53,17.86,0.600,0
9.190,6.53,17.86,0.600,0
9.190,6.53,17.86,0.600,0
9.191,6.53,17.83,0.600,0
9.191,6.53,17.83,0.600,0
9.191,6.53,17.83,0.600,0
9.191,6.53,17.83,0.600,0
9.192,6.53,17.79,0.600,0
9.192,6.53,17.79,0.600,0
9.192,6.53,17.79,0.600,0
9.192,6.53,17.76,0.600,0
9.193,6.53,17.76,0.600,0
9.193,6.53,17.76,0.600,0
9.193,6.53,17.76,0.600,0
9.193,6.53,17.73,0.600,0
9.194,6.53,17.73,0.600,0
9.194,6.53,17.73,0.600,0
9.194,6.53,17.73,0.600,0
9.194,6.53,17.70,0.600,0
9.195,6.53,17.70,0.600,0
9.195,6.53,17.70,0.600,0
9.195,6.53,17.70,0.600,0
9.195,6.53,17.66,0.600,0
9.196,6.53,17.66,0.600,0
9.196,6.53,17.66,0.600,0
9.196,6.53,17.66,0.600,0
9.197,6.53,17.63,0.600,0
9.197,6.53,17.63,0.600,0
9.197,6.53,17.63,0.600,0
9.197,6.53,17.60,0.600,0
9.198,6.53,17.60,0.600,0
9.198,6.53,17.60,0.600,0
9.198,6.53,17.60,0.600,0
9.198,6.53,17.57,0.600,0
9.199,6.53,17.57,0.600,0
9.199,6.53,17.57,0.600,0
9.199,6.53,17.57,0.600,0
9.199,6.53,17.54,0.600,0
9.200,6.53,17.54,0.600,0
9.200,6.53,17.54,0.600,0
9.200,6.53,17.54,0.600,0
9.200,6.53,17.54,0.600,0
9.201,6.53,17.50,0.600,0
9.201,6.53,17.50,0.600,0
9.201,6.53,17.50,0.600,0
9.201,6.53,17.50,0.600,0
9.202,6.53,17.47,0.600,0
9.202,6.53,17.47,0.600,0
9.202,6.53,17.47,0.600,0
9.202,6.53,17.47,0.600,0
9.203,6.53,17.44,0.600,0
9.203,6.53,17.44,0.600,0
9.203,6.53,17.44,0.600,0
9.203,6.53,17.44,0.600,0
9.203,6.53,17.41,0.600,0
9.204,6.53,17.41,0.600,0
9.204,6.53,17.41,0.600,0
9.204,6.53,17.41,0.600,0
9.204,6.53,17.37,0.600,0
9.205,6.53,17.37,0.600,0
9.205,6.53,17.37,0.600,0
9.205,6.53,17.37,0.600,0
9.205,6.53,17.37,0.600,0
9.206,6.53,17.34,0.600,0
9.206,6.53,17.34,0.600,0
9.206,6.53,17.34,0.600,0
9.206,6.53,17.34,0.600,0
9.206,6.53,17.31,0.600,0
9.207,6.53,17.31,0.600,0
9.207,6.53,17.31,0.600,0
9.207,6.53,17.31,0.600,0
9.208,6.53,17.28,0.600,0
9.208,6.53,17.28,0.600,0
9.208,6.53,17.28,0.600,0
9.208,6.53,17.28,0.600,0
9.208,6.53,17.24,0.600,0
9.209,6.53,17.24,0.600,0
9.209,6.53,17.24,0.600,0
9.209,6.53,17.24,0.600,0
9.210,6.53,17.21,0.600,0
9.210,6.53,17.21,0.600,0
9.210,6.53,17.21,0.600,0
9.210,6.53,17.21,0.600,0
9.210,6.53,17.18,0.600,0
9.211,6.53,17.18,0.600,0
9.211,6.53,17.18,0.600,0
9.211,6.53,17.18,0.600,0
9.211,6.53,17.15,0.600,0
9.212,6.53,17.15,0.600,0
9.212,6.53,17.15,0.600,0
9.212,6.53,17.15,0.600,0
9.212,6.53,17.11,0.600,0
9.213,6.53,17.11,0.600,0
9.213,6.53,17.11,0.600,0
9.213,6.53,17.11,0.600,0
9.213,6.53,17.11,0.600,0
9.214,6.53,17.08,0.600,0
9.214,6.53,17.08,0.600,0
9.214,6.53,17.08,0.600,0
9.214,6.53,17.08,0.600,0
9.214,6.53,17.05,0.600,0
9.215,6.53,17.05,0.600,0
9.215,6.53,17.05,0.600,0
9.215,6.53,17.05,0.600,0
9.216,6.53,17.02,0.600,0
9.216,6.53,17.02,0.600,0
9.216,6.53,17.02,0.600,0
9.216,6.53,17.02,0.600,0
9.217,6.53,16.98,0.600,0
9.217,6.53,16.98,0.600,0
9.217,6.53,16.98,0.600,0
9.217,6.53,16.98,0.600,0
9.218,6.53,16.95,0.600,0
9.218,6.53,16.95,0.600,0
9.218,6.53,16.95,0.600,0
9.218,6.53,16.92,0.600,0
9.219,6.53,16.92,0.600,0
9.219,6.53,16.92,0.600,0
9.219,6.53,16.92,0.600,0
9.219,6.53,16.89,0.600,0
9.220,6.53,16.89,0.600,0
9.220,6.53,16.89,0.600,0
9.220,6.53,16.89,0.600,0
9.221,6.53,16.85,0.600,0
9.221,6.53,16.85,0.600,0
9.221,6.53,16.85,0.600,0
9.221,6.53,16.85,0.600,0
9.221,6.53,16.82,0.600,0
9.222,6.53,16.82,0.600,0
9.222,6.53,16.82,0.600,0
9.222,6.53,16.82,0.600,0
9.223,6.53,16.79,0.600,0
9.223,6.53,16.79,0.600,0
9.223,6.53,16.79,0.600,0
9.223,6.53,16.79,0.600,0
9.223,6.53,16.76,0.600,0
9.224,6.53,16.76,0.600,0
9.224,6.53,16.76,0.600,0
9.224,6.53,16.76,0.600,0
9.224,6.53,16.73,0.600,0
9.225,6.53,16.73,0.600,0
9.225,6.53,16.73,0.600,0
9.225,6.53,16.73,0.600,0
9.225,6.53,16.73,0.600,0
9.226,6.53,16.69,0.600,0
9.226,6.53,16.69,0.600,0
9.226,6.53,16.69,0.600,0
9.226,6.53,16.69,0.600,0
9.226,6.53,16.66,0.600,0
9.227,6.53,16.66,0.600,0
9.227,6.53,16.66,0.600,0
9.227,6.53,16.66,0.600,0
9.227,6.53,16.66,0.600,0
9.228,6.53,16.63,0.600,0
9.228,6.53,16.63,0.600,0
9.228,6.53,16.63,0.600,0
9.228,6.53,16.60,0.600,0
9.229,6.53,16.60,0.600,0
9.229,6.53,16.60,0.600,0
9.229,6.53,16.60,0.600,0
9.229,6.53,16.56,0.600,0
9.230,6.53,16.56,0.600,0
9.230,6.53,16.56,0.600,0
9.230,6.53,16.56,0.600,0
9.230,6.53,16.53,0.600,0
9.231,6.53,16.53,0.600,0
9.231,6.53,16.53,0.600,0
9.231,6.53,16.53,0.600,0
9.231,6.53,16.50,0.600,0
9.232,6.53,16.50,0.600,0
9.232,6.53,16.50,0.600,0
9.232,6.53,16.50,0.600,0
9.232,6.53,16.47,0.600,0
9.233,6.53,16.47,0.600,0
9.233,6.53,16.47,0.600,0
9.233,6.53,16.47,0.600,0
9.233,6.53,16.43,0.600,0
9.234,6.53,16.43,0.600,0
9.234,6.53,16.43,0.600,0
9.234,6.53,16.43,0.600,0
9.234,6.53,16.40,0.600,0
9.235,6.53,16.40,0.600,0
9.235,6.53,16.40,0.600,0
9.235,6.53,16.37,0.600,0
9.236,6.53,16.37,0.600,0
9.236,6.53,16.37,0.600,1
9.236,10.25,16.37,0.600,0
9.237,10.25,16.34,0.600,0
9.237,10.25,16.34,0.600,0
9.237,10.25,16.34,0.600,0
9.237,10.25,16.30,0.600,0
9.238,10.25,16.30,0.600,0
9.238,10.25,16.30,0.600,0
9.238,10.25,16.30,0.600,0
9.238,10.25,16.27,0.600,0
9.239,10.25,16.27,0.600,0
9.239,10.25,16.27,0.600,0
9.239,10.25,16.27,0.600,0
9.240,10.25,16.24,0.600,0
9.240,10.25,16.24,0.600,0
9.240,10.25,16.24,0.600,0
9.240,10.25,16.24,0.600,0
9.241,10.25,16.21,0.600,0
9.241,10.25,16.21,0.600,0
9.241,10.25,16.21,0.600,0
9.241,10.25,16.21,0.600,0
9.242,10.25,16.17,0.600,0
9.242,10.25,16.17,0.600,0
9.242,10.25,16.17,0.600,0
9.242,10.25,16.17,0.600,0
9.242,10.25,16.14,0.600,0
9.243,10.25,16.14,0.600,0
9.243,10.25,16.14,0.600,0
9.243,10.25,16.14,0.600,0
9.243,10.25,16.11,0.600,0
9.244,10.25,16.11,0.600,0
9.244,10.25,16.11,0.600,0
9.244,10.25,16.11,0.600,0
9.245,10.25,16.08,0.600,0
9.245,10.25,16.08,0.600,0
9.245,10.25,16.08,0.600,0
9.246,10.25,16.04,0.600,0
9.246,10.25,16.04,0.600,0
9.246,10.25,16.04,0.600,0
9.246,10.25,16.04,0.600,0
9.246,10.25,16.01,0.600,0
9.247,10.25,16.01,0.600,0
9.247,10.25,16.01,0.600,0
9.247,10.25,16.01,0.600,0
9.247,10.25,15.98,0.600,0
9.248,10.25,15.98,0.600,0
9.248,10.25,15.98,0.600,0
9.248,10.25,15.98,0.600,0
9.249,10.25,15.95,0.600,0
9.249,10.25,15.95,0.600,0
9.249,10.25,15.95,0.600,0
9.249,10.25,15.95,0.600,0
9.249,10.25,15.95,0.600,0
9.250,10.25,15.92,0.600,0
9.250,10.25,15.92,0.600,0
9.250,10.25,15.92,0.600,0
9.250,10.25,15.88,0.600,0
9.251,10.25,15.88,0.600,0
9.251,10.25,15.88,0.600,0
9.251,10.25,15.88,0.600,0
9.251,10.25,15.88,0.600,0
9.252,10.25,15.85,0.600,0
9.252,10.25,15.85,0.600,0
9.252,10.25,15.85,0.600,0
9.252,10.25,15.85,0.600,0
9.253,10.25,15.82,0.600,0
9.253,10.25,15.82,0.600,0
9.253,10.25,15.82,0.600,0
9.253,10.25,15.82,0.600,0
9.254,10.25,15.79,0.600,0
9.254,10.25,15.79,0.600,0
9.254,10.25,15.79,0.600,0
9.254,10.25,15.79,0.600,0
9.254,10.25,15.75,0.600,0
9.255,10.25,15.75,0.600,0
9.255,10.25,15.75,0.600,0
9.255,10.25,15.75,0.600,0
9.255,10.25,15.72,0.600,0
9.256,10.25,15.72,0.600,0
9.256,10.25,15.72,0.600,0
9.256,10.25,15.72,0.600,0
9.256,10.25,15.69,0.600,0
9.257,10.25,15.69,0.600,0
9.257,10.25,15.69,0.600,0
9.257,10.25,15.69,0.600,0
9.257,10.25,15.66,0.600,0
9.258,10.25,15.66,0.600,0
9.258,10.25,15.66,0.600,0
9.258,10.25,15.66,0.600,0
9.258,10.25,15.62,0.600,0
9.259,10.25,15.62,0.600,0
9.259,10.25,15.62,0.600,0
9.259,10.25,15.62,0.600,0
9.259,10.25,15.59,0.600,0
9.260,10.25,15.59,0.600,0
9.260,10.25,15.59,0.600,0
9.260,10.25,15.59,0.600,0
9.261,10.25,15.56,0.600,0
9.261,10.25,15.56,0.600,0
9.261,10.25,15.56,0.600,0
9.263,10.25,15.49,0.600,0
9.263,10.25,15.49,0.600,0
9.263,10.25,15.49,0.600,0
9.263,10.25,15.46,0.600,0
9.264,10.25,15.46,0.600,0
9.264,10.25,15.46,0.600,0
9.264,10.25,15.46,0.600,0
9.265,10.25,15.43,0.600,0
9.265,10.25,15.43,0.600,0
9.265,10.25,15.43,0.600,0
9.265,10.25,15.43,0.600,0
9.266,10.25,15.40,0.600,0
9.266,10.25,15.40,0.600,0
9.266,10.25,15.40,0.600,0
9.266,10.25,15.40,0.600,0
9.267,10.25,15.36,0.600,0
9.267,10.25,15.36,0.600,0
9.267,10.25,15.36,0.600,0
9.267,10.25,15.33,0.600,0
9.268,10.25,15.33,0.600,0
9.268,10.25,15.33,0.600,0
9.268,10.25,15.33,0.600,0
9.269,10.25,15.30,0.600,0
9.269,10.25,15.30,0.600,0
9.269,10.25,15.30,0.600,0
9.269,10.25,15.27,0.600,0
9.270,10.25,15.27,0.600,0
9.270,10.25,15.27,0.600,0
9.270,10.25,15.27,0.600,0
9.270,10.25,15.23,0.600,0
9.271,10.25,15.23,0.600,0
9.271,10.25,15.23,0.600,0
9.271,10.25,15.23,0.600,0
9.271,10.25,15.23,0.600,0
9.272,10.25,15.20,0.600,0
9.272,10.25,15.20,0.600,0
9.272,10.25,15.20,0.600,0
9.272,10.25,15.17,0.600,0
9.273,10.25,15.17,0.600,0
9.273,10.25,15.17,0.600,0
9.273,10.25,15.17,0.600,0
9.273,10.25,15.14,0.600,0
9.274,10.25,15.14,0.600,0
9.274,10.25,15.14,0.600,0
9.274,10.25,15.14,0.600,0
9.274,10.25,15.11,0.600,0
9.275,10.25,15.11,0.600,0
9.275,10.25,15.11,0.600,0
9.275,10.25,15.11,0.600,0
9.275,10.25,15.11,0.600,0
9.276,10.25,15.07,0.600,0
9.276,10.25,15.07,0.600,0
9.276,10.25,15.07,0.600,0
9.276,10.25,15.04,0.600,0
9.277,10.25,15.04,0.600,0
9.277,10.25,15.04,0.600,0
9.277,10.25,15.04,0.600,0
9.277,10.25,15.01,0.600,0
9.278,10.25,15.01,0.600,0
9.278,10.25,15.01,0.600,0
9.278,10.25,15.01,0.600,0
9.278,10.25,15.01,0.600,0
9.279,10.25,14.98,0.600,0
9.279,10.25,14.98,0.600,0
9.279,10.25,14.98,0.600,0
9.279,10.25,14.98,0.600,0
9.280,10.25,14.94,0.600,0
9.280,10.25,14.94,0.600,0
9.280,10.25,14.94,0.600,0
9.281,10.25,14.91,0.600,0
9.281,10.25,14.91,0.600,0
9.281,10.25,14.91,0.600,0
9.281,10.25,14.91,0.600,0
9.281,10.25,14.88,0.600,0
9.282,10.25,14.88,0.600,0
9.282,10.25,14.88,0.600,0
9.282,10.25,14.88,0.600,0
9.283,10.25,14.85,0.600,0
9.283,10.25,14.85,0.600,0
9.283,10.25,14.85,0.600,0
9.283,10.25,14.85,0.600,0
9.284,10.25,14.81,0.600,0
9.284,10.25,14.81,0.600,0
9.284,10.25,14.81,0.600,0
9.284,10.25,14.81,0.600,0
9.285,10.25,14.78,0.600,0
9.285,10.25,14.78,0.600,0
9.285,10.25,14.78,0.600,0
9.285,10.25,14.75,0.600,0
9.286,10.25,14.75,0.600,0
9.286,10.25,14.75,0.600,0
9.286,10.25,14.75,0.600,0
9.286,10.25,14.72,0.600,0
9.287,10.25,14.72,0.600,0
9.287,10.25,14.72,0.600,0
9.287,10.25,14.72,0.600,0
9.287,10.25,14.68,0.600,0
9.288,10.25,14.68,0.600,0
9.288,10.25,14.68,0.600,0
9.288,10.25,14.68,0.600,0
9.288,10.25,14.65,0.600,0
9.289,10.25,14.65,0.600,0
9.289,10.25,14.65,0.600,0
9.289,10.25,14.65,0.600,0
9.289,10.25,14.62,0.600,0
9.290,10.25,14.62,0.600,0
9.290,10.25,14.62,0.600,0
9.290,10.25,14.62,0.600,0
9.290,10.25,14.59,0.600,0
9.291,10.25,14.59,0.600,0
9.291,10.25,14.59,0.600,0
9.291,10.25,14.59,0.600,0
9.291,10.25,14.55,0.600,0
9.292,10.25,14.55,0.600,0
9.292,10.25,14.55,0.600,0
9.292,10.25,14.55,0.600,0
9.293,10.25,14.52,0.600,0
9.293,10.25,14.52,0.600,0
9.293,10.25,14.52,0.600,0
9.293,10.25,14.52,0.600,0
9.294,10.25,14.49,0.600,0
9.294,10.25,14.49,0.600,0
9.294,10.25,14.49,0.600,0
9.294,10.25,14.46,0.600,0
9.295,10.25,14.46,0.600,0
9.295,10.25,14.46,0.600,0
9.295,10.25,14.46,0.600,0
9.295,10.25,14.42,0.600,0
9.296,10.25,14.42,0.600,0
9.296,10.25,14.42,0.600,0
9.296,10.25,14.42,0.600,0
9.296,10.25,14.42,0.600,0
9.297,10.25,14.39,0.600,0
9.297,10.25,14.39,0.600,0
9.297,10.25,14.39,0.600,0
9.297,10.25,14.39,0.600,0
9.298,10.25,14.36,0.600,0
9.298,10.25,14.36,0.600,0
9.298,10.25,14.36,0.600,0
9.298,10.25,14.36,0.600,0
9.299,10.25,14.33,0.600,0
9.299,10.25,14.33,0.600,0
9.299,10.25,14.33,0.600,0
9.299,10.25,14.33,0.600,0
9.300,10.25,14.29,0.600,0
9.300,10.25,14.29,0.600,0
9.300,10.25,14.29,0.600,0
9.300,10.25,14.26,0.600,0
9.301,10.25,14.26,0.600,0
9.301,10.25,14.26,0.600,0
9.301,10.25,14.26,0.600,0
9.302,10.25,14.23,0.600,0
9.302,10.25,14.23,0.600,0
9.302,10.25,14.23,0.600,0
9.302,10.25,14.23,0.600,0
9.302,10.25,14.20,0.600,0
9.303,10.25,14.20,0.600,0
9.303,10.25,14.20,0.600,0
9.303,10.25,14.20,0.600,0
9.303,10.25,14.17,0.600,0
9.304,10.25,14.17,0.600,0
9.304,10.25,14.17,0.600,0
9.304,10.25,14.17,0.600,0
9.304,10.25,14.17,0.600,0
9.305,10.25,14.13,0.600,0
9.305,10.25,14.13,0.600,0
9.305,10.25,14.13,0.600,0
9.305,10.25,14.13,0.600,0
9.306,10.25,14.10,0.600,0
9.306,10.25,14.10,0.600,0
9.306,10.25,14.10,0.600,0
9.306,10.25,14.10,0.600,0
9.306,10.25,14.07,0.600,0
9.307,10.25,14.07,0.600,0
9.307,10.25,14.07,0.600,0
9.307,10.25,14.07,0.600,0
9.307,10.25,14.04,0.600,0
9.308,10.25,14.04,0.600,0
9.308,10.25,14.04,0.600,0
9.308,10.25,14.04,0.600,0
9.308,10.25,14.00,0.600,0
9.309,10.25,14.00,0.600,0
9.309,10.25,14.00,0.600,0
9.309,10.25,14.00,0.600,0
9.309,10.25,13.97,0.600,0
9.310,10.25,13.97,0.600,0
9.310,10.25,13.97,0.600,0
9.310,10.25,13.97,0.600,0
9.310,10.25,13.97,0.600,0
9.311,10.25,13.94,0.600,0
9.311,10.25,13.94,0.600,0
9.311,10.25,13.94,0.600,0
9.311,10.25,13.94,0.600,0
9.311,10.25,13.91,0.600,0
9.312,10.25,13.91,0.600,0
9.312,10.25,13.91,0.600,0
9.312,10.25,13.91,0.600,0
9.312,10.25,13.87,0.600,0
9.313,10.25,13.87,0.600,0
9.313,10.25,13.87,0.600,0
9.313,10.25,13.87,0.600,0
9.314,10.25,13.84,0.600,0
9.314,10.25,13.84,0.600,0
9.314,10.25,13.84,0.600,0
9.314,10.25,13.84,0.600,0
9.315,10.25,13.81,0.600,0
9.315,10.25,13.81,0.600,0
9.315,10.25,13.81,0.600,0
9.315,10.25,13.78,0.600,0
9.316,10.25,13.78,0.600,0
9.316,10.25,13.78,0.600,0
9.316,10.25,13.78,0.600,0
9.316,10.25,13.74,0.600,0
9.317,10.25,13.74,0.600,0
9.317,10.25,13.74,0.600,0
9.317,10.25,13.74,0.600,0
9.317,10.25,13.71,0.600,0
9.318,10.25,13.71,0.600,0
9.318,10.25,13.71,0.600,0
9.318,10.25,13.71,0.600,0
9.318,10.25,13.71,0.600,0
9.319,10.25,13.68,0.600,0
9.319,10.25,13.68,0.600,0
9.319,10.25,13.68,0.600,0
9.319,10.25,13.68,0.600,0
9.319,10.25,13.65,0.600,0
9.320,10.25,13.65,0.600,0
9.320,10.25,13.65,0.600,0
9.320,10.25,13.65,0.600,0
9.321,10.25,13.61,0.600,0
9.321,10.25,13.61,0.600,0
9.321,10.25,13.61,0.600,0
9.322,10.25,13.61,0.600,0
9.322,10.25,13.58,0.600,0
9.322,10.25,13.58,0.600,0
9.322,10.25,13.58,0.600,0
9.322,10.25,13.55,0.600,0
9.323,10.25,13.55,0.600,0
9.323,10.25,13.55,0.600,0
9.323,10.25,13.55,0.600,0
9.323,10.25,13.52,0.600,0
9.324,10.25,13.52,0.600,0
9.324,10.25,13.52,0.600,0
9.324,10.25,13.52,0.600,0
9.324,10.25,13.52,0.600,0
9.325,10.25,13.48,0.600,0
9.325,10.25,13.48,0.600,0
9.325,10.25,13.48,0.600,0
9.325,10.25,13.48,0.600,0
9.326,10.25,13.45,0.600,0
9.326,10.25,13.45,0.600,0
9.326,10.25,13.45,0.600,0
9.326,10.25,13.45,0.600,0
9.327,10.25,13.42,0.600,0
9.327,10.25,13.42,0.600,0
9.327,10.25,13.42,0.600,0
9.327,10.25,13.42,0.600,0
9.328,10.25,13.39,0.600,0
9.328,10.25,13.39,0.600,0
9.328,10.25,13.39,0.600,0
9.328,10.25,13.35,0.600,0
9.329,10.25,13.35,0.600,0
9.329,10.25,13.35,0.600,0
9.329,10.25,13.35,0.600,0
9.330,10.25,13.32,0.600,0
9.330,10.25,13.32,0.600,0
9.330,10.25,13.32,0.600,0
9.330,10.25,13.29,0.600,0
9.331,10.25,13.29,0.600,0
9.331,10.25,13.29,0.600,0
9.331,10.25,13.29,0.600,0
9.331,10.25,13.26,0.600,0
9.332,10.25,13.26,0.600,0
9.332,10.25,13.26,0.600,0
9.332,10.25,13.26,0.600,0
9.332,10.25,13.22,0.600,0
9.333,10.25,13.22,0.600,0
9.333,10.25,13.22,0.600,0
9.333,10.25,13.22,0.600,0
9.334,10.25,13.19,0.600,0
9.334,10.25,13.19,0.600,0
9.334,10.25,13.19,0.600,0
9.334,10.25,13.19,0.600,0
9.335,10.25,13.16,0.600,0
9.335,10.25,13.16,0.600,0
9.335,10.25,13.16,0.600,0
9.336,10.25,13.13,0.600,0
9.336,10.25,13.13,0.600,0
9.336,10.25,13.13,0.600,0
9.336,10.25,13.13,0.600,0
9.337,10.25,13.10,0.600,0
9.337,10.25,13.10,0.600,0
9.337,10.25,13.10,0.600,0
9.337,10.25,13.10,0.600,0
9.338,10.25,13.06,0.600,0
9.338,10.25,13.06,0.600,0
9.338,10.25,13.06,0.600,0
9.338,10.25,13.03,0.600,0
9.339,10.25,13.03,0.600,0
9.339,10.25,13.03,0.600,0
9.339,10.25,13.03,0.600,0
9.339,10.25,13.00,0.600,0
9.340,10.25,13.00,0.600,0
9.340,10.25,13.00,0.600,0
9.340,10.25,13.00,0.600,0
9.341,10.25,12.97,0.600,0
9.341,10.25,12.97,0.600,0
9.341,10.25,12.97,0.600,0
9.341,10.25,12.97,0.600,0
9.342,10.25,12.93,0.600,0
9.342,10.25,12.93,0.600,0
9.342,10.25,12.93,0.600,0
9.342,10.25,12.93,0.600,0
9.343,10.25,12.90,0.600,0
9.343,10.25,12.90,0.600,0
9.343,10.25,12.90,0.600,0
9.343,10.25,12.90,0.600,0
9.344,10.25,12.87,0.600,0
9.344,10.25,12.87,0.600,0
9.344,10.25,12.87,0.600,0
9.344,10.25,12.87,0.600,0
9.345,10.25,12.84,0.600,0
9.345,10.25,12.84,0.600,0
9.345,10.25,12.84,0.600,0
9.345,10.25,12.84,0.600,0
9.346,10.25,12.80,0.600,0
9.346,10.25,12.80,0.600,0
9.346,10.25,12.80,0.600,0
9.346,10.25,12.77,0.600,0
9.347,10.25,12.77,0.600,0
9.347,10.25,12.77,0.600,0
9.347,10.25,12.77,0.600,0
9.347,10.25,12.74,0.600,0
9.348,10.25,12.74,0.600,0
9.348,10.25,12.74,0.600,0
9.348,10.25,12.74,0.600,0
9.348,10.25,12.71,0.600,0
9.349,10.25,12.71,0.600,0
9.349,10.25,12.71,0.600,0
9.349,10.25,12.71,0.600,0
9.349,10.25,12.67,0.600,0
9.350,10.25,12.67,0.600,0
9.350,10.25,12.67,0.600,0
9.350,10.25,12.67,0.600,0
9.350,10.25,12.64,0.600,0
9.351,10.25,12.64,0.600,0
9.351,10.25,12.64,0.600,0
9.351,10.25,12.64,0.600,0
9.351,10.25,12.61,0.600,0
9.352,10.25,12.61,0.600,0
9.352,10.25,12.61,0.600,0
9.352,10.25,12.61,0.600,0
9.352,10.25,12.61,0.600,0
9.353,10.25,12.58,0.600,0
9.353,10.25,12.58,0.600,0
9.353,10.25,12.58,0.600,0
9.353,10.25,12.54,0.600,0
9.354,10.25,12.54,0.600,0
9.354,10.25,12.54,0.600,0
9.354,10.25,12.54,0.600,0
9.354,10.25,12.51,0.600,0
9.355,10.25,12.51,0.600,0
9.355,10.25,12.51,0.600,0
9.355,10.25,12.51,0.600,0
9.355,10.25,12.51,0.600,0
9.356,10.25,12.48,0.600,0
9.356,10.25,12.48,0.600,0
9.356,10.25,12.48,0.600,0
9.357,10.25,12.45,0.600,0
9.357,10.25,12.45,0.600,0
9.357,10.25,12.45,0.600,0
9.357,10.25,12.45,0.600,0
9.358,10.25,12.41,0.600,0
9.358,10.25,12.41,0.600,0
9.358,10.25,12.41,0.600,0
9.358,10.25,12.41,0.600,0
9.359,10.25,12.38,0.600,0
9.359,10.25,12.38,0.600,0
9.359,10.25,12.38,0.600,0
9.359,10.25,12.38,0.600,0
9.360,10.25,12.35,0.600,0
9.360,10.25,12.35,0.600,0
9.360,10.25,12.35,0.600,0
9.360,10.25,12.35,0.600,0
9.360,10.25,12.32,0.600,0
9.361,10.25,12.32,0.600,0
9.361,10.25,12.32,0.600,0
9.361,10.25,12.32,0.600,0
9.361,10.25,12.28,0.600,0
9.362,10.25,12.28,0.600,0
9.362,10.25,12.28,0.600,0
9.362,10.25,12.28,0.600,0
9.362,10.25,12.25,0.600,0
9.363,10.25,12.25,0.600,0
9.363,10.25,12.25,0.600,0
9.363,10.25,12.25,0.600,0
9.364,10.25,12.22,0.600,0
9.364,10.25,12.22,0.600,0
9.364,10.25,12.22,0.600,0
9.364,10.25,12.22,0.600,0
9.365,10.25,12.19,0.600,0
9.365,10.25,12.19,0.600,0
9.365,10.25,12.19,0.600,0
9.365,10.25,12.19,0.600,0
9.366,10.25,12.15,0.600,0
9.366,10.25,12.15,0.600,0
9.366,10.25,12.15,0.600,0
9.366,10.25,12.15,0.600,0
9.366,10.25,12.12,0.600,0
9.367,10.25,12.12,0.600,0
9.367,10.25,12.12,0.600,0
9.367,10.25,12.12,0.600,0
9.368,10.25,12.09,0.600,0
9.368,10.25,12.09,0.600,0
9.368,10.25,12.09,0.600,0
9.368,10.25,12.09,0.600,0
9.369,10.25,12.06,0.600,0
9.369,10.25,12.06,0.600,0
9.369,10.25,12.06,0.600,0
9.369,10.25,12.02,0.600,0
9.370,10.25,12.02,0.600,0
9.370,10.25,12.02,0.600,0
9.370,10.25,12.02,0.600,0
9.370,10.25,11.99,0.600,0
9.371,10.25,11.99,0.600,0
9.371,10.25,11.99,0.600,0
9.371,10.25,11.99,0.600,0
9.371,10.25,11.96,0.600,0
9.372,10.25,11.96,0.600,0
9.372,10.25,11.96,0.600,0
9.372,10.25,11.96,0.600,0
9.372,10.25,11.93,0.600,0
9.373,10.25,11.93,0.600,0
9.373,10.25,11.93,0.600,0
9.373,10.25,11.93,0.600,0
9.373,10.25,11.89,0.600,0
9.374,10.25,11.89,0.600,0
9.374,10.25,11.89,0.600,0
9.374,10.25,11.89,0.600,0
9.374,10.25,11.86,0.600,0
9.375,10.25,11.86,0.600,0
9.375,10.25,11.86,0.600,0
9.375,10.25,11.86,0.600,0
9.375,10.25,11.83,0.600,0
9.376,10.25,11.83,0.600,0
9.376,10.25,11.83,0.600,0
9.376,10.25,11.83,0.600,0
9.376,10.25,11.80,0.600,0
9.377,10.25,11.80,0.600,0
9.377,10.25,11.80,0.600,0
9.377,10.25,11.80,0.600,0
9.378,10.25,11.76,0.600,0
9.378,10.25,11.76,0.600,0
9.378,10.25,11.76,0.600,0
9.378,10.25,11.76,0.600,0
9.379,10.25,11.73,0.600,0
9.379,10.25,11.73,0.600,0
9.379,10.25,11.73,0.600,0
9.379,10.25,11.73,0.600,0
9.379,10.25,11.70,0.600,0
9.380,10.25,11.70,0.600,0
9.380,10.25,11.70,0.600,0
9.380,10.25,11.70,0.600,0
9.380,10.25,11.67,0.600,0
9.381,10.25,11.67,0.600,0
9.381,10.25,11.67,0.600,0
9.381,10.25,11.67,0.600,0
9.381,10.25,11.64,0.600,0
9.382,10.25,11.64,0.600,0
9.382,10.25,11.64,0.600,0
9.382,10.25,11.64,0.600,0
9.382,10.25,11.60,0.600,0
9.383,10.25,11.60,0.600,0
9.383,10.25,11.60,0.600,0
9.383,10.25,11.60,0.600,0
9.383,10.25,11.57,0.600,0
9.384,10.25,11.57,0.600,0
9.384,10.25,11.57,0.600,0
9.384,10.25,11.57,0.600,0
9.385,10.25,11.54,0.600,0
9.385,10.25,11.54,0.600,0
9.385,10.25,11.54,0.600,0
9.385,10.25,11.54,0.600,0
9.386,10.25,11.51,0.600,0
9.386,10.25,11.51,0.600,0
9.386,10.25,11.51,0.600,0
9.386,10.25,11.51,0.600,0
9.387,10.25,11.47,0.600,0
9.387,10.25,11.47,0.600,0
9.387,10.25,11.47,0.600,0
9.387,10.25,11.47,0.600,0
9.388,10.25,11.44,0.600,0
9.388,10.25,11.44,0.600,0
9.388,10.25,11.44,0.600,0
9.388,10.25,11.44,0.600,0
9.389,10.25,11.41,0.600,0
9.389,10.25,11.41,0.600,0
9.389,10.25,11.41,0.600,0
9.389,10.25,11.41,0.600,0
9.390,10.25,11.38,0.600,0
9.390,10.25,11.38,0.600,0
9.390,10.25,11.38,0.600,0
9.390,10.25,11.34,0.600,0
9.391,10.25,11.34,0.600,0
9.391,10.25,11.34,0.600,0
9.391,10.25,11.34,0.600,0
9.391,10.25,11.31,0.600,0
9.392,10.25,11.31,0.600,0
9.392,10.25,11.31,0.600,0
9.392,10.25,11.31,0.600,0
9.393,10.25,11.28,0.600,0
9.393,10.25,11.28,0.600,0
9.393,10.25,11.28,0.600,0
9.393,10.25,11.28,0.600,0
9.394,10.25,11.25,0.600,0
9.394,10.25,11.25,0.600,0
9.394,10.25,11.25,0.600,0
9.395,10.25,11.21,0.600,0
9.395,10.25,11.21,0.600,0
9.395,10.25,11.21,0.600,0
9.395,10.25,11.18,0.600,0
9.396,10.25,11.18,0.600,0
9.396,10.25,11.18,0.600,0
9.397,10.25,11.15,0.600,0
9.397,10.25,11.15,0.600,0
9.397,10.25,11.15,0.600,0
9.398,10.25,11.12,0.600,0
9.398,10.25,11.12,0.600,0
9.398,10.25,11.12,0.600,0
9.399,10.25,11.08,0.600,0
9.399,10.25,11.08,0.600,0
9.399,10.25,11.08,0.600,0
9.400,10.25,11.05,0.600,0
9.400,10.25,11.05,0.600,0
9.400,10.25,11.02,0.600,0
9.401,10.25,11.02,0.600,0
9.401,10.25,11.02,0.600,0
9.401,10.25,11.02,0.600,0
9.402,10.25,10.99,0.600,0
9.402,10.25,10.99,0.600,0
9.402,10.25,10.99,0.600,0
9.402,10.25,10.99,0.600,0
9.403,10.25,10.95,0.600,0
9.403,10.25,10.95,0.600,0
9.403,10.25,10.95,0.600,0
9.404,10.25,10.92,0.600,0
9.404,10.25,10.92,0.600,0
9.404,10.25,10.92,0.600,0
9.404,10.25,10.89,0.600,0
9.405,10.25,10.89,0.600,0
9.405,10.25,10.89,0.600,0
9.405,10.25,10.89,0.600,0
9.406,10.25,10.86,0.600,0
9.406,10.25,10.86,0.600,0
9.406,10.25,10.86,0.600,0
9.406,10.25,10.86,0.600,0
9.407,10.25,10.82,0.600,0
9.407,10.25,10.82,0.600,0
9.407,10.25,10.82,0.600,0
9.407,10.25,10.82,0.600,0
9.408,10.25,10.79,0.600,0
9.408,10.25,10.79,0.600,0
9.408,10.25,10.79,0.600,0
9.408,10.25,10.79,0.600,0
9.409,10.25,10.76,0.600,0
9.409,10.25,10.76,0.600,0
9.409,10.25,10.76,0.600,0
9.409,10.25,10.76,0.600,0
9.410,10.25,10.73,0.600,0
9.410,10.25,10.73,0.600,0
9.410,10.25,10.73,0.600,0
9.410,10.25,10.73,0.600,0
9.411,10.25,10.69,0.600,0
9.411,10.25,10.69,0.600,0
9.411,10.25,10.69,0.600,0
9.411,10.25,10.66,0.600,0
9.412,10.25,10.66,0.600,0
9.412,10.25,10.66,0.600,0
9.412,10.25,10.66,0.600,0
9.412,10.25,10.63,0.600,0
9.413,10.25,10.63,0.600,0
9.413,10.25,10.63,0.600,0
9.413,10.25,10.63,0.600,0
9.413,10.25,10.60,0.600,0
9.414,10.25,10.60,0.600,0
9.414,10.25,10.60,0.600,0
9.414,10.25,10.60,0.600,0
9.414,10.25,10.56,0.600,0
9.415,10.25,10.56,0.600,0
9.415,10.25,10.56,0.600,0
9.415,10.25,10.56,0.600,0
9.415,10.25,10.53,0.600,0
9.416,10.25,10.53,0.600,0
9.416,10.25,10.53,0.600,0
9.416,10.25,10.53,0.600,0
9.416,10.25,10.50,0.600,0
9.417,10.25,10.50,0.600,0
9.417,10.25,10.50,0.600,0
9.417,10.25,10.50,0.600,0
9.417,10.25,10.47,0.600,0
9.418,10.25,10.47,0.600,0
9.418,10.25,10.47,0.600,0
9.418,10.25,10.47,0.600,0
9.419,10.25,10.43,0.600,0
9.419,10.25,10.43,0.600,0
9.419,10.25,10.43,0.600,0
9.419,10.25,10.40,0.600,0
9.420,10.25,10.40,0.600,0
9.420,10.25,10.40,0.600,0
9.420,10.25,10.40,0.600,0
9.420,10.25,10.37,0.600,0
9.421,10.25,10.37,0.600,0
9.421,10.25,10.37,0.600,0
9.421,10.25,10.37,0.600,0
9.421,10.25,10.34,0.600,0
9.422,10.25,10.34,0.600,0
9.422,10.25,10.34,0.600,0
9.422,10.25,10.34,0.600,0
9.422,10.25,10.30,0.600,0
9.423,10.25,10.30,0.600,0
9.423,10.25,10.30,0.600,0
9.423,10.25,10.30,0.600,0
9.423,10.25,10.27,0.600,0
9.424,10.25,10.27,0.600,0
9.424,10.25,10.27,0.600,0
9.424,10.25,10.27,0.600,0
9.424,10.25,10.24,0.600,0
9.425,10.25,10.24,0.600,0
9.425,10.25,10.24,0.600,0
9.425,10.25,10.24,0.600,0
9.425,10.25,10.21,0.600,0
9.426,10.25,10.21,0.600,0
9.426,10.25,10.21,0.600,0
9.426,10.25,10.21,0.600,0
9.426,10.25,10.17,0.600,0
9.427,10.25,10.17,0.600,0
9.427,10.25,10.17,0.600,0
9.427,10.25,10.17,0.600,0
9.428,10.25,10.14,0.600,0
9.428,10.25,10.14,0.600,0
9.428,10.25,10.14,0.600,0
9.428,10.25,10.14,0.600,0
9.429,10.25,10.11,0.600,0
9.429,10.25,10.11,0.600,0
9.429,10.25,10.11,0.600,0
9.430,10.25,10.08,0.600,0
9.430,10.25,10.08,0.600,0
9.430,10.25,10.08,0.600,0
9.430,10.25,10.04,0.600,0
9.431,10.25,10.04,0.600,0
9.431,10.25,10.04,0.600,0
9.431,10.25,10.04,0.600,0
9.432,10.25,10.01,0.600,0
9.432,10.25,10.01,0.600,0
9.432,10.25,10.01,0.600,0
9.432,10.25,9.98,0.600,0
9.433,10.25,9.98,0.600,0
9.433,10.25,9.98,0.600,0
9.433,10.25,9.98,0.600,0
9.434,10.25,9.95,0.600,0
9.434,10.25,9.95,0.600,0
9.434,10.25,9.95,0.600,0
9.434,10.25,9.95,0.600,0
9.435,10.25,9.91,0.600,0
9.435,10.25,9.91,0.600,0
9.435,10.25,9.91,0.600,0
9.435,10.25,9.91,0.600,0
9.436,10.25,9.88,0.600,0
9.436,10.25,9.88,0.600,0
9.436,10.25,9.88,0.600,0
9.436,10.25,9.88,0.600,0
9.436,10.25,9.85,0.600,0
9.437,10.25,9.85,0.600,0
9.437,10.25,9.85,0.600,0
9.437,10.25,9.85,0.600,0
9.437,10.25,9.82,0.600,0
9.438,10.25,9.82,0.600,0
9.438,10.25,9.82,0.600,0
9.438,10.25,9.82,0.600,0
9.439,10.25,9.78,0.600,0
9.439,10.25,9.78,0.600,0
9.439,10.25,9.78,0.600,0
9.439,10.25,9.78,0.600,0
9.440,10.25,9.75,0.600,0
9.440,10.25,9.75,0.600,0
9.440,10.25,9.75,0.600,0
9.440,10.25,9.72,0.600,0
9.441,10.25,9.72,0.600,0
9.441,10.25,9.72,0.600,0
9.441,10.25,9.72,0.600,0
9.441,10.25,9.72,0.600,0
9.442,10.25,9.69,0.600,0
9.442,10.25,9.69,0.600,0
9.442,10.25,9.69,0.600,0
9.442,10.25,9.69,0.600,0
9.443,10.25,9.65,0.600,0
9.443,10.25,9.65,0.600,0
9.443,10.25,9.65,0.600,0
9.443,10.25,9.65,0.600,0
9.444,10.25,9.62,0.600,0
9.444,10.25,9.62,0.600,0
9.444,10.25,9.62,0.600,0
9.444,10.25,9.62,0.600,0
9.444,10.25,9.59,0.600,0
9.445,10.25,9.59,0.600,0
9.445,10.25,9.59,0.600,0
9.445,10.25,9.59,0.600,0
9.446,10.25,9.56,0.600,0
9.446,10.25,9.56,0.600,0
9.446,10.25,9.56,0.600,0
9.446,10.25,9.52,0.600,0
9.447,10.25,9.52,0.600,0
9.447,10.25,9.52,0.600,0
9.447,10.25,9.52,0.600,0
9.448,10.25,9.49,0.600,0
9.448,10.25,9.49,0.600,0
9.448,10.25,9.49,0.600,0
9.448,10.25,9.49,0.600,0
9.448,10.25,9.46,0.600,0
9.449,10.25,9.46,0.600,0
9.449,10.25,9.46,0.600,0
9.449,10.25,9.46,0.600,0
9.449,10.25,9.43,0.600,0
9.450,10.25,9.43,0.600,0
9.450,10.25,9.43,0.600,0
9.450,10.25,9.43,0.600,0
9.450,10.25,9.39,0.600,0
9.451,10.25,9.39,0.600,0
9.451,10.25,9.39,0.600,0
9.451,10.25,9.39,0.600,0
9.452,10.25,9.36,0.600,0
9.452,10.25,9.36,0.600,0
9.452,10.25,9.36,0.600,0
9.452,10.25,9.36,0.600,0
9.452,10.25,9.33,0.600,0
9.453,10.25,9.33,0.600,0
9.453,10.25,9.33,0.600,0
9.453,10.25,9.33,0.600,0
9.454,10.25,9.30,0.600,0
9.454,10.25,9.30,0.600,0
9.454,10.25,9.30,0.600,0
9.454,10.25,9.26,0.600,0
9.455,10.25,9.26,0.600,0
9.455,10.25,9.26,0.600,0
9.455,10.25,9.26,0.600,0
9.455,10.25,9.26,0.600,0
9.456,10.25,9.23,0.600,0
9.456,10.25,9.23,0.600,0
9.456,10.25,9.23,0.600,0
9.456,10.25,9.23,0.600,0
9.457,10.25,9.20,0.600,0
9.457,10.25,9.20,0.600,0
9.457,10.25,9.20,0.600,0
9.457,10.25,9.20,0.600,0
9.458,10.25,9.17,0.600,0
9.458,10.25,9.17,0.600,0
9.458,10.25,9.17,0.600,0
9.458,10.25,9.13,0.600,0
9.459,10.25,9.13,0.600,0
9.459,10.25,9.13,0.600,0
9.459,10.25,9.13,0.600,0
9.459,10.25,9.10,0.600,0
9.460,10.25,9.10,0.600,0
9.460,10.25,9.10,0.600,0
9.460,10.25,9.10,0.600,0
9.461,10.25,9.07,0.600,0
9.461,10.25,9.07,0.600,0
9.461,10.25,9.07,0.600,0
9.461,10.25,9.04,0.600,0
9.462,10.25,9.04,0.600,0
9.462,10.25,9.04,0.600,0
9.462,10.25,9.04,0.600,0
9.462,10.25,9.00,0.600,0
9.463,10.25,9.00,0.600,0
9.463,10.25,9.00,0.600,0
9.463,10.25,9.00,0.600,0
9.463,10.25,8.97,0.600,0
9.464,10.25,8.97,0.600,0
9.464,10.25,8.97,0.600,0
9.464,10.25,8.97,0.600,0
9.464,10.25,8.94,0.600,0
9.465,10.25,8.94,0.600,0
9.465,10.25,8.94,0.600,0
9.465,10.25,8.94,0.600,0
9.465,10.25,8.91,0.600,0
9.466,10.25,8.91,0.600,0
9.466,10.25,8.91,0.600,0
9.466,10.25,8.91,0.600,0
9.467,10.25,8.87,0.600,0
9.467,10.25,8.87,0.600,0
9.467,10.25,8.87,0.600,0
9.467,10.25,8.84,0.600,0
9.468,10.25,8.84,0.600,0
9.468,10.25,8.84,0.600,0
9.468,10.25,8.84,0.600,0
9.468,10.25,8.81,0.600,0
9.469,10.25,8.81,0.600,0
9.469,10.25,8.81,0.600,0
9.469,10.25,8.81,0.600,0
9.469,10.25,8.78,0.600,0
9.470,10.25,8.78,0.600,0
9.470,10.25,8.78,0.600,0
9.470,10.25,8.78,0.600,0
9.470,10.25,8.74,0.600,0
9.471,10.25,8.74,0.600,0
9.471,10.25,8.74,0.600,0
9.471,10.25,8.74,0.600,0
9.471,10.25,8.74,0.600,0
9.472,10.25,8.71,0.600,0
9.472,10.25,8.71,0.600,0
9.472,10.25,8.71,0.600,0
9.472,10.25,8.68,0.600,0
9.473,10.25,8.68,0.600,0
9.473,10.25,8.68,0.600,0
9.473,10.25,8.68,0.600,0
9.473,10.25,8.65,0.600,0
9.474,10.25,8.65,0.600,0
9.474,10.25,8.65,0.600,0
9.474,10.25,8.65,0.600,0
9.474,10.25,8.61,0.600,0
9.475,10.25,8.61,0.600,0
9.475,10.25,8.61,0.600,0
9.475,10.25,8.61,0.600,0
9.476,10.25,8.58,0.600,0
9.476,10.25,8.58,0.600,0
9.476,10.25,8.58,0.600,0
9.476,10.25,8.58,0.600,0
9.476,10.25,8.55,0.600,0
9.477,10.25,8.55,0.600,0
9.477,10.25,8.55,0.600,0
9.477,10.25,8.55,0.600,0
9.477,10.25,8.55,0.600,0
9.478,10.25,8.52,0.600,0
9.478,10.25,8.52,0.600,0
9.478,10.25,8.52,0.600,0
9.478,10.25,8.52,0.600,0
9.479,10.25,8.48,0.600,0
9.479,10.25,8.48,0.600,0
9.479,10.25,8.48,0.600,0
9.479,10.25,8.48,0.600,0
9.480,10.25,8.45,0.600,0
9.480,10.25,8.45,0.600,0
9.480,10.25,8.45,0.600,0
9.480,10.25,8.45,0.600,0
9.481,10.25,8.42,0.600,0
9.481,10.25,8.42,0.600,0
9.481,10.25,8.42,0.600,0
9.481,10.25,8.42,0.600,0
9.482,10.25,8.39,0.600,0
9.482,10.25,8.39,0.600,0
9.482,10.25,8.39,0.600,0
9.482,10.25,8.39,0.600,0
9.483,10.25,8.35,0.600,0
9.483,10.25,8.35,0.600,0
9.483,10.25,8.35,0.600,0
9.483,10.25,8.35,0.600,0
9.483,10.25,8.32,0.600,0
9.484,10.25,8.32,0.600,0
9.484,10.25,8.32,0.600,0
9.484,10.25,8.32,0.600,0
9.484,10.25,8.29,0.600,0
9.485,10.25,8.29,0.600,0
9.485,10.25,8.29,0.600,0
9.485,10.25,8.29,0.600,0
9.486,10.25,8.26,0.600,0
9.486,10.25,8.26,0.600,0
9.486,10.25,8.26,0.600,0
9.486,10.25,8.22,0.600,0
9.487,10.25,8.22,0.600,0
9.487,10.25,8.22,0.600,0
9.487,10.25,8.22,0.600,0
9.488,10.25,8.19,0.600,0
9.488,10.25,8.19,0.600,0
9.488,10.25,8.19,0.600,0
9.488,10.25,8.19,0.600,0
9.489,10.25,8.16,0.600,0
9.489,10.25,8.16,0.600,0
9.489,10.25,8.16,0.600,0
9.489,10.25,8.16,0.600,0
9.489,10.25,8.13,0.600,0
9.490,10.25,8.13,0.600,0
9.490,10.25,8.13,0.600,0
9.490,10.25,8.13,0.600,0
9.490,10.25,8.09,0.600,0
9.491,10.25,8.09,0.600,0
9.491,10.25,8.09,0.600,0
9.491,10.25,8.09,0.600,0
9.491,10.25,8.06,0.600,0
9.492,10.25,8.06,0.600,0
9.492,10.25,8.06,0.600,0
9.492,10.25,8.06,0.600,0
9.492,10.25,8.03,0.600,0
9.493,10.25,8.03,0.600,0
9.493,10.25,8.03,0.600,0
9.493,10.25,8.03,0.600,0
9.493,10.25,8.03,0.600,0
9.494,10.25,8.00,0.600,0
9.494,10.25,8.00,0.600,0
9.494,10.25,8.00,0.600,0
9.494,10.25,8.00,0.600,0
9.495,10.25,7.96,0.600,0
9.495,10.25,7.96,0.600,0
9.495,10.25,7.96,0.600,0
9.495,10.25,7.96,0.600,0
9.496,10.25,7.93,0.600,0
9.496,10.25,7.93,0.600,0
9.496,10.25,7.93,0.600,0
9.496,10.25,7.90,0.600,0
9.497,10.25,7.90,0.600,0
9.497,10.25,7.90,0.600,0
9.497,10.25,7.90,0.600,0
9.497,10.25,7.87,0.600,0
9.498,10.25,7.87,0.600,0
9.498,10.25,7.87,0.600,0
9.498,10.25,7.87,0.600,0
9.498,10.25,7.83,0.600,0
9.499,10.25,7.83,0.600,0
9.499,10.25,7.83,0.600,0
9.499,10.25,7.83,0.600,0
9.500,10.25,7.80,0.600,0
9.500,10.25,7.80,0.600,0
9.500,10.25,7.80,0.600,0
9.500,10.25,7.80,0.600,0
9.501,10.25,7.77,0.600,0
9.501,10.25,7.77,0.600,0
9.501,10.25,7.77,0.600,0
9.501,10.25,7.77,0.600,0
9.502,10.25,7.74,0.600,0
9.502,10.25,7.74,0.600,0
9.502,10.25,7.74,0.600,0
9.502,10.25,7.74,0.600,0
9.503,10.25,7.70,0.600,0
9.503,10.25,7.70,0.600,0
9.503,10.25,7.70,0.600,0
9.503,10.25,7.67,0.600,0
9.504,10.25,7.67,0.600,0
9.504,10.25,7.67,0.600,0
9.504,10.25,7.67,0.600,0
9.504,10.25,7.67,0.600,0
9.504,10.25,7.64,0.600,0
9.505,10.25,7.64,0.600,0
9.505,10.25,7.64,0.600,0
9.505,10.25,7.64,0.600,0
9.505,10.25,7.61,0.600,0
9.506,10.25,7.61,0.600,0
9.506,10.25,7.61,0.600,0
9.506,10.25,7.61,0.600,0
9.506,10.25,7.61,0.600,0
9.507,10.25,7.57,0.600,0
9.507,10.25,7.57,0.600,0
9.507,10.25,7.57,0.600,0
9.507,10.25,7.57,0.600,0
9.508,10.25,7.54,0.600,0
9.508,10.25,7.54,0.600,0
9.508,10.25,7.54,0.600,0
9.508,10.25,7.54,0.600,0
9.508,10.25,7.51,0.600,0
9.509,10.25,7.51,0.600,0
9.509,10.25,7.51,0.600,0
9.509,10.25,7.51,0.600,0
9.509,10.25,7.48,0.600,0
9.510,10.25,7.48,0.600,0
9.510,10.25,7.48,0.600,0
9.510,10.25,7.48,0.600,0
9.510,10.25,7.44,0.600,0
9.511,10.25,7.44,0.600,0
9.511,10.25,7.44,0.600,0
9.511,10.25,7.44,0.600,0
9.511,10.25,7.41,0.600,0
9.512,10.25,7.41,0.600,0
9.512,10.25,7.41,0.600,0
9.512,10.25,7.41,0.600,0
9.512,10.25,7.41,0.600,0
9.513,10.25,7.38,0.600,0
9.513,10.25,7.38,0.600,0
9.513,10.25,7.38,0.600,0
9.513,10.25,7.35,0.600,0
9.514,10.25,7.35,0.600,0
9.514,10.25,7.35,0.600,0
9.514,10.25,7.35,0.600,0
9.514,10.25,7.31,0.600,0
9.515,10.25,7.31,0.600,0
9.515,10.25,7.31,0.600,0
9.515,10.25,7.31,0.600,0
9.515,10.25,7.28,0.600,0
9.516,10.25,7.28,0.600,0
9.516,10.25,7.28,0.600,0
9.516,10.25,7.28,0.600,0
9.516,10.25,7.25,0.600,0
9.517,10.25,7.25,0.600,0
9.517,10.25,7.25,0.600,0
9.517,10.25,7.25,0.600,0
9.517,10.25,7.22,0.600,0
9.518,10.25,7.22,0.600,0
9.518,10.25,7.22,0.600,0
9.518,10.25,7.22,0.600,0
9.518,10.25,7.18,0.600,0
9.519,10.25,7.18,0.600,0
9.519,10.25,7.18,0.600,0
9.519,10.25,7.18,0.600,0
9.519,10.25,7.18,0.600,0
9.520,10.25,7.15,0.600,0
9.520,10.25,7.15,0.600,0
9.520,10.25,7.15,0.600,0
9.520,10.25,7.15,0.600,0
9.521,10.25,7.12,0.600,0
9.521,10.25,7.12,0.600,0
9.521,10.25,7.12,0.600,0
9.521,10.25,7.12,0.600,0
9.522,10.25,7.09,0.600,0
9.522,10.25,7.09,0.600,0
9.522,10.25,7.09,0.600,0
9.522,10.25,7.09,0.600,0
9.523,10.25,7.05,0.600,0
9.523,10.25,7.05,0.600,0
9.523,10.25,7.05,0.600,0
9.523,10.25,7.05,0.600,0
9.524,10.25,7.02,0.600,0
9.524,10.25,7.02,0.600,0
9.524,10.25,7.02,0.600,0
9.524,10.25,6.99,0.600,0
9.525,10.25,6.99,0.600,0
9.525,10.25,6.99,0.600,0
9.525,10.25,6.99,0.600,0
9.525,10.25,6.96,0.600,0
9.526,10.25,6.96,0.600,0
9.526,10.25,6.96,0.600,0
9.526,10.25,6.96,0.600,0
9.526,10.25,6.96,0.600,0
9.527,10.25,6.92,0.600,0
9.527,10.25,6.92,0.600,0
9.527,10.25,6.92,0.600,0
9.527,10.25,6.92,0.600,0
9.528,10.25,6.89,0.600,0
9.528,10.25,6.89,0.600,0
9.528,10.25,6.89,0.600,0
9.528,10.25,6.89,0.600,0
9.529,10.25,6.86,0.600,0
9.529,10.25,6.86,0.600,0
9.529,10.25,6.86,0.600,0
9.529,10.25,6.83,0.600,0
9.530,10.25,6.83,0.600,0
9.530,10.25,6.83,0.600,0
9.530,10.25,6.83,0.600,0
9.530,10.25,6.79,0.600,0
9.531,10.25,6.79,0.600,0
9.531,10.25,6.79,0.600,0
9.531,10.25,6.79,0.600,0
9.531,10.25,6.76,0.600,0
9.532,10.25,6.76,0.600,0
9.532,10.25,6.76,0.600,0
9.532,10.25,6.76,0.600,0
9.532,10.25,6.73,0.600,0
9.533,10.25,6.73,0.600,0
9.533,10.25,6.73,0.600,0
9.533,10.25,6.73,0.600,0
9.533,10.25,6.73,0.600,0
9.534,10.25,6.70,0.600,0
9.534,10.25,6.70,0.600,0
9.534,10.25,6.70,0.600,0
9.534,10.25,6.66,0.600,0
9.535,10.25,6.66,0.600,0
9.535,10.25,6.66,0.600,0
9.535,10.25,6.66,0.600,0
9.536,10.25,6.63,0.600,0
9.536,10.25,6.63,0.600,0
9.536,10.25,6.63,0.600,0
9.536,10.25,6.63,0.600,0
9.537,10.25,6.60,0.600,0
9.537,10.25,6.60,0.600,0
9.537,10.25,6.60,0.600,0
9.537,10.25,6.60,0.600,0
9.537,10.25,6.57,0.600,0
9.538,10.25,6.57,0.600,0
9.538,10.25,6.57,0.600,0
9.538,10.25,6.57,0.600,0
9.538,10.25,6.53,0.600,0
9.539,10.25,6.53,0.600,0
9.539,10.25,6.53,0.600,0
9.539,10.25,6.53,0.600,0
9.539,10.25,6.50,0.600,0
9.540,10.25,6.50,0.600,0
9.540,10.25,6.50,0.600,0
9.540,10.25,6.50,0.600,0
9.540,10.25,6.50,0.600,0
9.541,10.25,6.47,0.600,0
9.541,10.25,6.47,0.600,0
9.541,10.25,6.47,0.600,0
9.541,10.25,6.47,0.600,0
9.542,10.25,6.44,0.600,0
9.542,10.25,6.44,0.600,0
9.542,10.25,6.44,0.600,0
9.542,10.25,6.44,0.600,0
9.542,10.25,6.40,0.600,0
9.543,10.25,6.40,0.600,0
9.543,10.25,6.40,0.600,0
9.543,10.25,6.40,0.600,0
9.544,10.25,6.37,0.600,0
9.544,10.25,6.37,0.600,0
9.544,10.25,6.37,0.600,0
9.544,10.25,6.34,0.600,0
9.545,10.25,6.34,0.600,0
9.545,10.25,6.34,0.600,0
9.545,10.25,6.34,0.600,0
9.546,10.25,6.31,0.600,0
9.546,10.25,6.31,0.600,0
9.546,10.25,6.31,0.600,0
9.546,10.25,6.31,0.600,0
9.547,10.25,6.27,0.600,0
9.547,10.25,6.27,0.600,0
9.547,10.25,6.27,0.600,0
9.547,10.25,6.27,0.600,0
9.548,10.25,6.24,0.600,0
9.548,10.25,6.24,0.600,0
9.548,10.25,6.24,0.600,0
9.548,10.25,6.24,0.600,0
9.549,10.25,6.21,0.600,0
9.549,10.25,6.21,0.600,0
9.549,10.25,6.21,0.600,0
9.549,10.25,6.21,0.600,0
9.550,10.25,6.18,0.600,0
9.550,10.25,6.18,0.600,0
9.550,10.25,6.18,0.600,0
9.550,10.25,6.14,0.600,0
9.551,10.25,6.14,0.600,0
9.551,10.25,6.14,0.600,0
9.551,10.25,6.14,0.600,0
9.552,10.25,6.11,0.600,0
9.552,10.25,6.11,0.600,0
9.552,10.25,6.11,0.600,0
9.552,10.25,6.11,0.600,0
9.552,10.25,6.08,0.600,0
9.553,10.25,6.08,0.600,0
9.553,10.25,6.08,0.600,0
9.553,10.25,6.08,0.600,0
9.554,10.25,6.04,0.600,0
9.554,10.25,6.04,0.600,0
9.554,10.25,6.04,0.600,0
9.554,10.25,6.04,0.600,0
9.554,10.25,6.01,0.600,0
9.555,10.25,6.01,0.600,0
9.555,10.25,6.01,0.600,0
9.555,10.25,6.01,0.600,0
9.555,10.25,5.98,0.600,0
9.556,10.25,5.98,0.600,0
9.556,10.25,5.98,0.600,0
9.556,10.25,5.98,0.600,0
9.556,10.25,5.95,0.600,0
9.557,10.25,5.95,0.600,0
9.557,10.25,5.95,0.600,0
9.557,10.25,5.91,0.600,0
9.558,10.25,5.91,0.600,0
9.558,10.25,5.91,0.600,0
9.558,10.25,5.91,0.600,0
9.558,10.25,5.88,0.600,0
9.559,10.25,5.88,0.600,0
9.559,10.25,5.88,0.600,0
9.559,10.25,5.88,0.600,0
9.559,10.25,5.88,0.600,0
9.560,10.25,5.85,0.600,0
9.560,10.25,5.85,0.600,0
9.560,10.25,5.85,0.600,0
9.560,10.25,5.82,0.600,0
9.561,10.25,5.82,0.600,0
9.561,10.25,5.82,0.600,0
9.561,10.25,5.82,0.600,0
9.561,10.25,5.78,0.600,0
9.562,10.25,5.78,0.600,0
9.562,10.25,5.78,0.600,0
9.562,10.25,5.78,0.600,0
9.562,10.25,5.75,0.600,0
9.563,10.25,5.75,0.600,0
9.563,10.25,5.75,0.600,0
9.563,10.25,5.75,0.600,0
9.563,10.25,5.75,0.600,0
9.564,10.25,5.72,0.600,0
9.564,10.25,5.72,0.600,0
9.564,10.25,5.72,0.600,0
9.565,10.25,5.69,0.600,0
9.565,10.25,5.69,0.600,0
9.565,10.25,5.69,0.600,0
9.565,10.25,5.69,0.600,0
9.565,10.25,5.65,0.600,0
9.566,10.25,5.65,0.600,0
9.566,10.25,5.65,0.600,0
9.566,10.25,5.65,0.600,0
9.566,10.25,5.62,0.600,0
9.567,10.25,5.62,0.600,0
9.567,10.25,5.62,0.600,0
9.567,10.25,5.62,0.600,0
9.567,10.25,5.59,0.600,0
9.568,10.25,5.59,0.600,0
9.568,10.25,5.59,0.600,0
9.568,10.25,5.59,0.600,0
9.569,10.25,5.56,0.600,0
9.569,10.25,5.56,0.600,0
9.569,10.25,5.56,0.600,0
9.569,10.25,5.56,0.600,0
9.570,10.25,5.52,0.600,0
9.570,10.25,5.52,0.600,0
9.570,10.25,5.52,0.600,0
9.570,10.25,5.49,0.600,0
9.571,10.25,5.49,0.600,0
9.571,10.25,5.49,0.600,0
9.571,10.25,5.49,0.600,0
9.571,10.25,5.49,0.600,0
9.572,10.25,5.46,0.600,0
9.572,10.25,5.46,0.600,0
9.572,10.25,5.46,0.600,0
9.572,10.25,5.43,0.600,0
9.573,10.25,5.43,0.600,0
9.573,10.25,5.43,0.600,0
9.573,10.25,5.43,0.600,0
9.573,10.25,5.43,0.600,0
9.574,10.25,5.39,0.600,0
9.574,10.25,5.39,0.600,0
9.574,10.25,5.39,0.600,0
9.574,10.25,5.36,0.600,0
9.575,10.25,5.36,0.600,0
9.575,10.25,5.36,0.600,0
9.575,10.25,5.36,0.600,0
9.575,10.25,5.33,0.600,0
9.576,10.25,5.33,0.600,0
9.576,10.25,5.33,0.600,0
9.576,10.25,5.33,0.600,0
9.576,10.25,5.30,0.600,0
9.577,10.25,5.30,0.600,0
9.577,10.25,5.30,0.600,0
9.577,10.25,5.30,0.600,0
9.578,10.25,5.26,0.600,0
9.578,10.25,5.26,0.600,0
9.578,10.25,5.26,0.600,0
9.578,10.25,5.26,0.600,0
9.579,10.25,5.23,0.600,0
9.579,10.25,5.23,0.600,0
9.579,10.25,5.23,0.600,0
9.579,10.25,5.23,0.600,0
9.579,10.25,5.20,0.600,0
9.580,10.25,5.20,0.600,0
9.580,10.25,5.20,0.600,0
9.580,10.25,5.20,0.600,0
9.580,10.25,5.20,0.600,0
9.581,10.25,5.18,0.600,0
9.581,10.25,5.18,0.600,0
9.581,10.25,5.18,0.600,0
9.581,10.25,5.16,0.600,0
9.582,10.25,5.16,0.600,0
9.582,10.25,5.16,0.600,0
9.582,10.25,5.16,0.600,0
9.582,10.25,5.13,0.600,0
9.583,10.25,5.13,0.600,0
9.583,10.25,5.13,0.600,0
9.583,10.25,5.13,0.600,0
9.583,10.25,5.11,0.600,0
9.584,10.25,5.11,0.600,0
9.584,10.25,5.11,0.600,0
9.584,10.25,5.11,0.600,0
9.584,10.25,5.09,0.600,0
9.585,10.25,5.09,0.600,0
9.585,10.25,5.09,0.600,0
9.585,10.25,5.09,0.600,0
9.585,10.25,5.06,0.600,0
9.586,10.25,5.06,0.600,0
9.586,10.25,5.06,0.600,0
9.586,10.25,5.06,0.600,0
9.587,10.25,5.04,0.600,0
9.587,10.25,5.04,0.600,0
9.587,10.25,5.04,0.600,0
9.587,10.25,5.04,0.600,0
9.587,10.25,5.02,0.600,0
9.588,10.25,5.02,0.600,0
9.588,10.25,5.02,0.600,0
9.588,10.25,5.02,0.600,0
9.588,10.25,4.99,0.600,0
9.589,10.25,4.99,0.600,0
9.589,10.25,4.99,0.600,0
9.589,10.25,4.99,0.600,0
9.589,10.25,4.97,0.600,0
9.590,10.25,4.97,0.600,0
9.590,10.25,4.97,0.600,0
9.590,10.25,4.97,0.600,0
9.591,10.25,4.94,0.600,0
9.591,10.25,4.94,0.600,0
9.591,10.25,4.94,0.600,0
9.591,10.25,4.94,0.600,0
9.592,10.25,4.92,0.600,0
9.592,10.25,4.92,0.600,0
9.592,10.25,4.92,0.600,0
9.592,10.25,4.92,0.600,0
9.593,10.25,4.90,0.600,0
9.593,10.25,4.90,0.600,0
9.593,10.25,4.90,0.600,0
9.593,10.25,4.90,0.600,0
9.594,10.25,4.87,0.600,0
9.594,10.25,4.87,0.600,0
9.594,10.25,4.87,0.600,0
9.594,10.25,4.87,0.600,0
9.595,10.25,4.85,0.600,0
9.595,10.25,4.85,0.600,0
9.595,10.25,4.85,0.600,0
9.595,10.25,4.85,0.600,0
9.596,10.25,4.83,0.600,0
9.596,10.25,4.83,0.600,0
9.596,10.25,4.83,0.600,0
9.596,10.25,4.83,0.600,0
9.597,10.25,4.81,0.600,0
9.597,10.25,4.81,0.600,0
9.597,10.25,4.81,0.600,0
9.597,10.25,4.81,0.600,0
9.598,10.25,4.78,0.600,0
9.598,10.25,4.78,0.600,0
9.598,10.25,4.78,0.600,0
9.598,10.25,4.76,0.600,0
9.599,10.25,4.76,0.600,0
9.599,10.25,4.76,0.600,0
9.599,10.25,4.74,0.600,0
9.600,10.25,4.74,0.600,0
9.600,10.25,4.74,0.600,0
9.600,10.25,4.74,0.600,0
9.600,10.25,4.71,0.600,0
9.601,10.25,4.71,0.600,0
9.601,10.25,4.71,0.600,0
9.601,10.25,4.71,0.600,0
9.601,10.25,4.69,0.600,0
9.602,10.25,4.69,0.600,0
9.602,10.25,4.69,0.600,0
9.602,10.25,4.69,0.600,0
9.602,10.25,4.66,0.600,0
9.603,10.25,4.66,0.600,0
9.603,10.25,4.66,0.600,0
9.603,10.25,4.66,0.600,0
9.603,10.25,4.64,0.600,0
9.604,10.25,4.64,0.600,0
9.604,10.25,4.64,0.600,0
9.604,10.25,4.64,0.600,0
9.604,10.25,4.61,0.600,0
9.605,10.25,4.61,0.600,0
9.605,10.25,4.61,0.600,0
9.605,10.25,4.61,0.600,0
9.606,10.25,4.58,0.600,0
9.606,10.25,4.58,0.600,0
9.606,10.25,4.58,0.600,0
9.606,10.25,4.55,0.600,0
9.607,10.25,4.55,0.600,0
9.607,10.25,4.55,0.600,0
9.607,10.25,4.55,0.600,0
9.607,10.25,4.53,0.600,0
9.608,10.25,4.53,0.600,0
9.608,10.25,4.53,0.600,0
9.608,10.25,4.53,0.600,0
9.608,10.25,4.53,0.600,0
9.609,10.25,4.50,0.600,0
9.609,10.25,4.50,0.600,0
9.609,10.25,4.50,0.600,0
9.609,10.25,4.50,0.600,0
9.609,10.25,4.47,0.600,0
9.610,10.25,4.47,0.600,0
9.610,10.25,4.47,0.600,0
9.610,10.25,4.47,0.600,0
9.610,10.25,4.44,0.600,0
9.611,10.25,4.44,0.600,0
9.611,10.25,4.44,0.600,0
9.611,10.25,4.44,0.600,0
9.612,10.25,4.41,0.600,0
9.612,10.25,4.41,0.600,0
9.612,10.25,4.41,0.600,0
9.612,10.25,4.41,0.600,0
9.613,10.25,4.37,0.600,0
9.613,10.25,4.37,0.600,0
9.613,10.25,4.37,0.600,0
9.613,10.25,4.34,0.600,0
9.614,10.25,4.34,0.600,0
9.614,10.25,4.34,0.600,0
9.614,10.25,4.34,0.600,0
9.615,10.25,4.31,0.600,0
9.615,10.25,4.31,0.600,0
9.615,10.25,4.31,0.600,0
9.615,10.25,4.31,0.600,0
9.616,10.25,4.28,0.600,0
9.616,10.25,4.28,0.600,0
9.616,10.25,4.28,0.600,0
9.616,10.25,4.28,0.600,0
9.617,10.25,4.25,0.600,0
9.617,10.25,4.25,0.600,0
9.617,10.25,4.25,0.600,0
9.617,10.25,4.25,0.600,0
9.618,10.25,4.21,0.600,0
9.618,10.25,4.21,0.600,0
9.618,10.25,4.21,0.600,0
9.618,10.25,4.21,0.600,0
9.619,10.25,4.18,0.600,0
9.619,10.25,4.18,0.600,0
9.619,10.25,4.18,0.600,0
9.619,10.25,4.18,0.600,0
9.619,10.25,4.15,0.600,0
9.620,10.25,4.15,0.600,0
9.620,10.25,4.15,0.600,0
9.620,10.25,4.15,0.600,0
9.621,10.25,4.12,0.600,0
9.621,10.25,4.12,0.600,0
9.621,10.25,4.12,0.600,0
9.621,10.25,4.12,0.600,0
9.622,10.25,4.08,0.600,0
9.622,10.25,4.08,0.600,0
9.622,10.25,4.08,0.600,0
9.622,10.25,4.08,0.600,0
9.622,10.25,4.05,0.600,0
9.623,10.25,4.05,0.600,0
9.623,10.25,4.05,0.600,0
9.623,10.25,4.05,0.600,0
9.623,10.25,4.02,0.600,0
9.624,10.25,4.02,0.600,0
9.624,10.25,4.02,0.600,0
9.624,10.25,4.02,0.600,0
9.624,10.25,4.02,0.600,0
9.625,10.25,3.99,0.600,0
9.625,10.25,3.99,0.600,0
9.625,10.25,3.99,0.600,0
9.625,10.25,3.99,0.600,0
9.626,10.25,3.95,0.600,0
9.626,10.25,3.95,0.600,0
9.626,10.25,3.95,0.600,0
9.626,10.25,3.95,0.600,0
9.627,10.25,3.92,0.600,0
9.627,10.25,3.92,0.600,0
9.627,10.25,3.92,0.600,0
9.627,10.25,3.89,0.600,0
9.628,10.25,3.89,0.600,0
9.628,10.25,3.89,0.600,0
9.628,10.25,3.89,0.600,0
9.628,10.25,3.86,0.600,0
9.629,10.25,3.86,0.600,0
9.629,10.25,3.86,0.600,0
9.629,10.25,3.86,0.600,0
9.629,10.25,3.82,0.600,0
9.630,10.25,3.82,0.600,0
9.630,10.25,3.82,0.600,0
9.630,10.25,3.82,0.600,0
9.630,10.25,3.79,0.600,0
9.631,10.25,3.79,0.600,0
9.631,10.25,3.79,0.600,0
9.631,10.25,3.79,0.600,0
9.631,10.25,3.76,0.600,0
9.632,10.25,3.76,0.600,0
9.632,10.25,3.76,0.600,0
9.632,10.25,3.76,0.600,0
9.633,10.25,3.73,0.600,0
9.633,10.25,3.73,0.600,0
9.633,10.25,3.73,0.600,0
9.633,10.25,3.73,0.600,0
9.634,10.25,3.69,0.600,0
9.634,10.25,3.69,0.600,0
9.634,10.25,3.69,0.600,0
9.634,10.25,3.66,0.600,0
9.635,10.25,3.66,0.600,0
9.635,10.25,3.66,0.600,0
9.635,10.25,3.66,0.600,0
9.635,10.25,3.63,0.600,0
9.636,10.25,3.63,0.600,0
9.636,10.25,3.63,0.600,0
9.636,10.25,3.63,0.600,0
9.636,10.25,3.60,0.600,0
9.637,10.25,3.60,0.600,0
9.637,10.25,3.60,0.600,0
9.637,10.25,3.60,0.600,0
9.637,10.25,3.56,0.600,0
9.638,10.25,3.56,0.600,0
9.638,10.25,3.56,0.600,0
9.638,10.25,3.56,0.600,0
9.638,10.25,3.56,0.600,0
9.639,10.25,3.53,0.600,0
9.639,10.25,3.53,0.600,0
9.639,10.25,3.53,0.600,0
9.639,10.25,3.53,0.600,0
9.640,10.25,3.50,0.600,0
9.640,10.25,3.50,0.600,0
9.640,10.25,3.50,0.600,0
9.641,10.25,3.47,0.600,0
9.641,10.25,3.47,0.600,0
9.641,10.25,3.47,0.600,0
9.641,10.25,3.47,0.600,0
9.642,10.25,3.43,0.600,0
9.642,10.25,3.43,0.600,0
9.642,10.25,3.43,0.600,0
9.642,10.25,3.43,0.600,0
9.643,10.25,3.40,0.600,0
9.643,10.25,3.40,0.600,0
9.643,10.25,3.40,0.600,0
9.643,10.25,3.40,0.600,0
9.644,10.25,3.37,0.600,0
9.644,10.25,3.37,0.600,0
9.644,10.25,3.37,0.600,0
9.644,10.25,3.37,0.600,0
9.645,10.25,3.34,0.600,0
9.645,10.25,3.34,0.600,0
9.645,10.25,3.34,0.600,0
9.645,10.25,3.30,0.600,0
9.646,10.25,3.30,0.600,0
9.646,10.25,3.30,0.600,0
9.646,10.25,3.30,0.600,0
9.646,10.25,3.27,0.600,0
9.647,10.25,3.27,0.600,0
9.647,10.25,3.27,0.600,0
9.647,10.25,3.27,0.600,0
9.648,10.25,3.24,0.600,0
9.648,10.25,3.24,0.600,0
9.648,10.25,3.24,0.600,0
9.649,10.25,3.20,0.600,0
9.649,10.25,3.20,0.600,0
9.649,10.25,3.20,0.600,0
9.650,10.25,3.17,0.600,0
9.650,10.25,3.17,0.600,0
9.650,10.25,3.17,0.600,0
9.650,10.25,3.17,0.600,0
9.651,10.25,3.14,0.600,0
9.651,10.25,3.14,0.600,0
9.651,10.25,3.14,0.600,0
9.651,10.25,3.11,0.600,0
9.652,10.25,3.11,0.600,0
9.652,10.25,3.11,0.600,0
9.652,10.25,3.11,0.600,0
9.652,10.25,3.07,0.600,0
9.653,10.25,3.07,0.600,0
9.653,10.25,3.07,0.600,0
9.653,10.25,3.07,0.600,0
9.654,10.25,3.04,0.600,0
9.654,10.25,3.04,0.600,0
9.654,10.25,3.04,0.600,0
9.654,10.25,3.01,0.600,0
9.655,10.25,3.01,0.600,0
9.655,10.25,3.01,0.600,0
9.655,10.25,3.01,0.600,0
9.655,10.25,2.98,0.600,0
9.656,10.25,2.98,0.600,0
9.656,10.25,2.98,0.600,0
9.656,10.25,2.98,0.600,0
9.656,10.25,2.94,0.600,0
9.657,10.25,2.94,0.600,0
9.657,10.25,2.94,0.600,0
9.657,10.25,2.94,0.600,0
9.657,10.25,2.94,0.600,0
9.658,10.25,2.91,0.600,0
9.658,10.25,2.91,0.600,0
9.658,10.25,2.91,0.600,0
9.658,10.25,2.91,0.600,0
9.659,10.25,2.88,0.600,0
9.659,10.25,2.88,0.600,0
9.659,10.25,2.88,0.600,0
9.659,10.25,2.85,0.600,0
9.660,10.25,2.85,0.600,0
9.660,10.25,2.85,0.600,0
9.660,10.25,2.85,0.600,0
9.661,10.25,2.81,0.600,0
9.661,10.25,2.81,0.600,0
9.661,10.25,2.81,0.600,0
9.661,10.25,2.81,0.600,0
9.662,10.25,2.78,0.600,0
9.662,10.25,2.78,0.600,0
9.662,10.25,2.78,0.600,0
9.663,10.25,2.75,0.600,0
9.663,10.25,2.75,0.600,0
9.663,10.25,2.75,0.600,0
9.663,10.25,2.75,0.600,0
9.664,10.25,2.72,0.600,0
9.664,10.25,2.72,0.600,0
9.664,10.25,2.72,0.600,0
9.664,10.25,2.68,0.600,0
9.665,10.25,2.68,0.600,0
9.665,10.25,2.68,0.600,0
9.665,10.25,2.68,0.600,0
9.665,10.25,2.65,0.600,0
9.666,10.25,2.65,0.600,0
9.666,10.25,2.65,0.600,0
9.666,10.25,2.65,0.600,0
9.666,10.25,2.62,0.600,0
9.667,10.25,2.62,0.600,0
9.667,10.25,2.62,0.600,0
9.667,10.25,2.62,0.600,0
9.667,10.25,2.59,0.600,0
9.668,10.25,2.59,0.600,0
9.668,10.25,2.59,0.600,0
9.668,10.25,2.59,0.600,0
9.668,10.25,2.55,0.600,0
9.669,10.25,2.55,0.600,0
9.669,10.25,2.55,0.600,0
9.669,10.25,2.55,0.600,0
9.670,10.25,2.52,0.600,0
9.670,10.25,2.52,0.600,0
9.670,10.25,2.52,0.600,0
9.670,10.25,2.52,0.600,0
9.670,10.25,2.49,0.600,0
9.671,10.25,2.49,0.600,0
9.671,10.25,2.49,0.600,0
9.671,10.25,2.49,0.600,0
9.671,10.25,2.49,0.600,0
9.672,10.25,2.46,0.600,0
9.672,10.25,2.46,0.600,0
9.672,10.25,2.46,0.600,0
9.672,10.25,2.42,0.600,0
9.673,10.25,2.42,0.600,0
9.673,10.25,2.42,0.600,0
9.673,10.25,2.42,0.600,0
9.673,10.25,2.39,0.600,0
9.674,10.25,2.39,0.600,0
9.674,10.25,2.39,0.600,0
9.674,10.25,2.39,0.600,0
9.675,10.25,2.36,0.600,0
9.675,10.25,2.36,0.600,0
9.675,10.25,2.36,0.600,0
9.675,10.25,2.33,0.600,0
9.676,10.25,2.33,0.600,0
9.676,10.25,2.33,0.600,0
9.676,10.25,2.33,0.600,0
9.676,10.25,2.29,0.600,0
9.677,10.25,2.29,0.600,0
9.677,10.25,2.29,0.600,0
9.677,10.25,2.29,0.600,0
9.677,10.25,2.26,0.600,0
9.678,10.25,2.26,0.600,0
9.678,10.25,2.26,0.600,0
9.678,10.25,2.26,0.600,0
9.678,10.25,2.23,0.600,0
9.679,10.25,2.23,0.600,0
9.679,10.25,2.23,0.600,0
9.679,10.25,2.23,0.600,0
9.679,10.25,2.20,0.600,0
9.680,10.25,2.20,0.600,0
9.680,10.25,2.20,0.600,0
9.680,10.25,2.20,0.600,0
9.680,10.25,2.16,0.600,0
9.681,10.25,2.16,0.600,0
9.681,10.25,2.16,0.600,0
9.681,10.25,2.16,0.600,0
9.682,10.25,2.13,0.600,0
9.682,10.25,2.13,0.600,0
9.682,10.25,2.13,0.600,0
9.682,10.25,2.10,0.600,0
9.683,10.25,2.10,0.600,0
9.683,10.25,2.10,0.600,0
9.683,10.25,2.10,0.600,0
9.683,10.25,2.06,0.600,0
9.684,10.25,2.06,0.600,0
9.684,10.25,2.06,0.600,0
9.684,10.25,2.06,0.600,0
9.684,10.25,2.03,0.600,0
9.685,10.25,2.03,0.600,0
9.685,10.25,2.03,0.600,0
9.685,10.25,2.03,0.600,0
9.685,10.25,2.03,0.600,0
9.685,10.25,2.00,0.600,0
9.686,10.25,2.00,0.600,0
9.686,10.25,2.00,0.600,0
9.686,10.25,2.00,0.600,0
9.686,10.25,1.97,0.600,0
9.687,10.25,1.97,0.600,0
9.687,10.25,1.97,0.600,0
9.687,10.25,1.97,0.600,0
9.687,10.25,1.93,0.600,0
9.688,10.25,1.93,0.600,0
9.688,10.25,1.93,0.600,0
9.688,10.25,1.93,0.600,0
9.689,10.25,1.90,0.600,0
9.689,10.25,1.90,0.600,0
9.689,10.25,1.90,0.600,0
9.689,10.25,1.87,0.600,0
9.690,10.25,1.87,0.600,0
9.690,10.25,1.87,0.600,0
9.690,10.25,1.87,0.600,0
9.690,10.25,1.84,0.600,0
9.691,10.25,1.84,0.600,0
9.691,10.25,1.84,0.600,0
9.691,10.25,1.84,0.600,0
9.691,10.25,1.84,0.600,0
9.692,10.25,1.80,0.600,0
9.692,10.25,1.80,0.600,0
9.692,10.25,1.80,0.600,0
9.692,10.25,1.80,0.600,0
9.692,10.25,1.77,0.600,0
9.693,10.25,1.77,0.600,0
9.693,10.25,1.77,0.600,0
9.693,10.25,1.77,0.600,0
9.693,10.25,1.74,0.600,0
9.694,10.25,1.74,0.600,0
9.694,10.25,1.74,0.600,0
9.694,10.25,1.74,0.600,0
9.694,10.25,1.71,0.600,0
9.695,10.25,1.71,0.600,0
9.695,10.25,1.71,0.600,0
9.695,10.25,1.71,0.600,0
9.696,10.25,1.67,0.600,0
9.696,10.25,1.67,0.600,0
9.696,10.25,1.64,0.600,0
9.697,10.25,1.64,0.600,0
9.697,10.25,1.64,0.600,0
9.697,10.25,1.61,0.600,0
9.698,10.25,1.61,0.600,0
9.698,10.25,1.61,0.600,0
9.699,10.25,1.58,0.600,0
9.699,10.25,1.58,0.600,0
9.699,10.25,1.58,0.600,0
9.699,10.25,1.58,0.600,0
9.700,10.25,1.54,0.600,0
9.700,10.25,1.54,0.600,0
9.700,10.25,1.54,0.600,0
9.701,10.25,1.51,0.600,0
9.701,10.25,1.51,0.600,0
9.701,10.25,1.51,0.600,0
9.702,10.25,1.48,0.600,0
9.702,10.25,1.48,0.600,0
9.702,10.25,1.48,0.600,0
9.702,10.25,1.45,0.600,0
9.703,10.25,1.45,0.600,0
9.703,10.25,1.45,0.600,0
9.703,10.25,1.45,0.600,0
9.704,10.25,1.41,0.600,0
9.704,10.25,1.41,0.600,0
9.705,10.25,1.38,0.600,0
9.705,10.25,1.38,0.600,0
9.705,10.25,1.38,0.600,0
9.705,10.25,1.35,0.600,1
9.706,15.38,1.35,0.600,0
9.706,15.38,1.35,0.600,0
9.706,15.38,1.35,0.600,0
9.707,15.38,1.32,0.600,0
9.707,15.38,1.32,0.600,0
9.707,15.38,1.32,0.600,0
9.707,15.38,1.32,0.600,0
9.707,15.38,1.28,0.600,0
9.708,15.38,1.28,0.600,0
9.708,15.38,1.28,0.600,0
9.708,15.38,1.28,0.600,0
9.708,15.38,1.25,0.600,0
9.709,15.38,1.25,0.600,0
9.709,15.38,1.25,0.600,0
9.709,15.38,1.25,0.600,0
9.709,15.38,1.25,0.600,0
9.710,15.38,1.22,0.600,0
9.710,15.38,1.22,0.600,0
9.710,15.38,1.22,0.600,0
9.710,15.38,1.19,0.600,0
9.711,15.38,1.19,0.600,0
9.711,15.38,1.19,0.600,0
9.711,15.38,1.19,0.600,0
9.711,15.38,1.15,0.600,0
9.712,15.38,1.15,0.600,0
9.712,15.38,1.15,0.600,0
9.712,15.38,1.15,0.600,0
9.712,15.38,1.12,0.600,0
9.713,15.38,1.12,0.600,0
9.713,15.38,1.12,0.600,0
9.713,15.38,1.12,0.600,0
9.713,15.38,1.09,0.600,0
9.714,15.38,1.09,0.600,0
9.714,15.38,1.09,0.600,0
9.714,15.38,1.09,0.600,0
9.714,15.38,1.09,0.600,0
9.715,15.38,1.06,0.600,0
9.715,15.38,1.06,0.600,0
9.715,15.38,1.06,0.600,0
9.715,15.38,1.06,0.600,0
9.716,15.38,1.02,0.600,0
9.716,15.38,1.02,0.600,0
9.716,15.38,1.02,0.600,0
9.716,15.38,1.02,0.600,0
9.717,15.38,0.99,0.600,0
9.717,15.38,0.99,0.600,0
9.717,15.38,0.99,0.600,0
9.717,15.38,0.96,0.600,0
9.718,15.38,0.96,0.600,0
9.718,15.38,0.96,0.600,0
9.718,15.38,0.96,0.600,0
9.718,15.38,0.92,0.600,0
9.719,15.38,0.92,0.600,0
9.719,15.38,0.92,0.600,0
9.719,15.38,0.92,0.600,0
9.719,15.38,0.89,0.600,0
9.720,15.38,0.89,0.600,0
9.720,15.38,0.89,0.600,0
9.720,15.38,0.89,0.600,0
9.720,15.38,0.86,0.600,0
9.721,15.38,0.86,0.600,0
9.721,15.38,0.86,0.600,0
9.721,15.38,0.86,0.600,0
9.721,15.38,0.86,0.600,0
9.722,15.38,0.83,0.600,0
9.722,15.38,0.83,0.600,0
9.722,15.38,0.83,0.600,0
9.722,15.38,0.83,0.600,0
9.723,15.38,0.79,0.600,0
9.723,15.38,0.79,0.600,0
9.723,15.38,0.79,0.600,0
9.723,15.38,0.79,0.600,0
9.724,15.38,0.76,0.600,0
9.724,15.38,0.76,0.600,0
9.724,15.38,0.76,0.600,0
9.724,15.38,0.76,0.600,0
9.725,15.38,0.73,0.600,0
9.725,15.38,0.73,0.600,0
9.725,15.38,0.73,0.600,0
9.725,15.38,0.73,0.600,0
9.726,15.38,0.70,0.600,0
9.726,15.38,0.70,0.600,0
9.726,15.38,0.70,0.600,0
9.726,15.38,0.66,0.600,0
9.727,15.38,0.66,0.600,0
9.727,15.38,0.66,0.600,0
9.727,15.38,0.66,0.600,0
9.728,15.38,0.63,0.600,0
9.728,15.38,0.63,0.600,0
9.728,15.38,0.63,0.600,0
9.729,15.38,0.60,0.600,0
9.729,15.38,0.60,0.600,0
9.729,15.38,0.60,0.600,0
9.730,15.38,0.57,0.600,0
9.730,15.38,0.57,0.600,0
9.731,15.38,0.53,0.600,0
9.731,15.38,0.53,0.600,0
9.731,15.38,0.53,0.600,0
9.732,15.38,0.50,0.600,0
9.732,15.38,0.50,0.600,0
9.732,15.38,0.50,0.600,0
9.733,15.38,0.47,0.600,0
9.733,15.38,0.47,0.600,0
9.733,15.38,0.47,0.600,0
9.733,15.38,0.47,0.600,0
9.734,15.38,0.44,0.600,0
9.734,15.38,0.44,0.600,0
9.734,15.38,0.40,0.600,0
9.735,15.38,0.40,0.600,0
9.735,15.38,0.40,0.600,0
9.735,15.38,0.40,0.600,0
9.736,15.38,0.37,0.600,0
9.736,15.38,0.37,0.600,0
9.736,15.38,0.37,0.600,0
9.736,15.38,0.37,0.600,0
9.736,15.38,0.34,0.600,0
9.737,15.38,0.34,0.600,0
9.737,15.38,0.34,0.600,0
9.737,15.38,0.34,0.600,0
9.738,15.38,0.31,0.600,0
9.738,15.38,0.31,0.600,0
9.738,15.38,0.31,0.600,0
9.738,15.38,0.31,0.600,0
9.739,15.38,0.27,0.600,0
9.739,15.38,0.27,0.600,0
9.739,15.38,0.27,0.600,0
9.739,15.38,0.27,0.600,0
9.740,15.38,0.24,0.600,0
9.740,15.38,0.24,0.600,0
9.740,15.38,0.24,0.600,0
9.740,15.38,0.24,0.600,0
9.740,15.38,0.21,0.600,0
9.741,15.38,0.21,0.600,0
9.741,15.38,0.21,0.600,0
9.741,15.38,0.21,0.600,0
9.741,15.38,0.18,0.600,0
9.742,15.38,0.18,0.600,0
9.742,15.38,0.18,0.600,0
9.742,15.38,0.18,0.600,0
9.742,15.38,0.14,0.600,0
9.743,15.38,0.14,0.600,0
9.743,15.38,0.14,0.600,0
9.743,15.38,0.14,0.600,0
9.743,15.38,0.11,0.600,0
9.744,15.38,0.11,0.600,0
9.744,15.38,0.11,0.600,0
9.744,15.38,0.11,0.600,0
9.744,15.38,0.11,0.600,0
9.745,15.38,0.08,0.600,0
9.745,15.38,0.08,0.600,0
9.745,15.38,0.08,0.600,0
9.746,15.38,0.05,0.600,0
9.746,15.38,0.05,0.600,0
9.746,15.38,0.05,0.600,0
9.746,15.38,0.01,0.600,0
9.747,15.38,0.01,0.600,0
9.747,15.38,0.01,0.600,0
9.747,15.38,0.01,0.600,0
9.747,15.38,0.01,0.600,0
9.748,15.38,-0.02,0.600,0
9.748,15.38,-0.02,0.600,0
9.748,15.38,-0.02,0.600,0
9.748,15.38,-0.02,0.600,0
9.748,15.38,-0.05,0.600,0
9.749,15.38,-0.05,0.600,0
9.749,15.38,-0.05,0.600,0
9.749,15.38,-0.05,0.600,0
9.750,15.38,-0.09,0.600,0
9.750,15.38,-0.09,0.600,0
9.750,15.38,-0.09,0.600,0
9.750,15.38,-0.09,0.600,0
9.751,15.38,-0.12,0.600,0
9.751,15.38,-0.12,0.600,0
9.751,15.38,-0.12,0.600,0
9.751,15.38,-0.12,0.600,0
9.752,15.38,-0.15,0.600,0
9.752,15.38,-0.15,0.600,0
9.752,15.38,-0.15,0.600,0
9.752,15.38,-0.18,0.600,0
9.753,15.38,-0.18,0.600,0
9.753,15.38,-0.18,0.600,0
9.753,15.38,-0.18,0.600,0
9.753,15.38,-0.22,0.600,0
9.754,15.38,-0.22,0.600,0
9.754,15.38,-0.22,0.600,0
9.754,15.38,-0.22,0.600,0
9.754,15.38,-0.22,0.600,0
9.755,15.38,-0.25,0.600,0
9.755,15.38,-0.25,0.600,0
9.755,15.38,-0.25,0.600,0
9.755,15.38,-0.25,0.600,0
9.756,15.38,-0.28,0.600,0
9.756,15.38,-0.28,0.600,0
9.756,15.38,-0.28,0.600,0
9.756,15.38,-0.28,0.600,0
9.756,15.38,-0.31,0.600,0
9.757,15.38,-0.31,0.600,0
9.757,15.38,-0.31,0.600,0
9.757,15.38,-0.31,0.600,0
9.757,15.38,-0.35,0.600,0
9.758,15.38,-0.35,0.600,0
9.758,15.38,-0.35,0.600,0
9.758,15.38,-0.35,0.600,0
9.758,15.38,-0.38,0.600,0
9.759,15.38,-0.38,0.600,0
9.759,15.38,-0.38,0.600,0
9.759,15.38,-0.38,0.600,0
9.759,15.38,-0.41,0.600,0
9.760,15.38,-0.41,0.600,0
9.760,15.38,-0.41,0.600,0
9.760,15.38,-0.41,0.600,0
9.760,15.38,-0.44,0.600,0
9.761,15.38,-0.44,0.600,0
9.761,15.38,-0.44,0.600,0
9.761,15.38,-0.44,0.600,0
9.761,15.38,-0.48,0.600,0
9.762,15.38,-0.48,0.600,0
9.762,15.38,-0.48,0.600,0
9.762,15.38,-0.48,0.600,0
9.763,15.38,-0.51,0.600,0
9.763,15.38,-0.51,0.600,0
9.763,15.38,-0.51,0.600,0
9.764,15.38,-0.54,0.600,0
9.764,15.38,-0.54,0.600,0
9.764,15.38,-0.54,0.600,0
9.765,15.38,-0.57,0.600,0
9.765,15.38,-0.57,0.600,0
9.765,15.38,-0.61,0.600,0
9.766,15.38,-0.61,0.600,0
9.766,15.38,-0.61,0.600,0
9.766,15.38,-0.61,0.600,0
9.767,15.38,-0.64,0.600,0
9.767,15.38,-0.64,0.600,0
9.767,15.38,-0.64,0.600,0
9.767,15.38,-0.64,0.600,0
9.767,15.38,-0.67,0.600,0
9.768,15.38,-0.67,0.600,0
9.768,15.38,-0.67,0.600,0
9.768,15.38,-0.67,0.600,0
9.768,15.38,-0.70,0.600,0
9.769,15.38,-0.70,0.600,0
9.769,15.38,-0.70,0.600,0
9.769,15.38,-0.70,0.600,0
9.769,15.38,-0.70,0.600,0
9.770,15.38,-0.74,0.600,0
9.770,15.38,-0.74,0.600,0
9.770,15.38,-0.74,0.600,0
9.770,15.38,-0.74,0.600,0
9.771,15.38,-0.77,0.600,0
9.771,15.38,-0.77,0.600,0
9.771,15.38,-0.77,0.600,0
9.771,15.38,-0.77,0.600,0
9.772,15.38,-0.80,0.600,0
9.772,15.38,-0.80,0.600,0
9.772,15.38,-0.80,0.600,0
9.772,15.38,-0.80,0.600,0
9.773,15.38,-0.83,0.600,0
9.773,15.38,-0.83,0.600,0
9.773,15.38,-0.83,0.600,0
9.773,15.38,-0.87,0.600,0
9.774,15.38,-0.87,0.600,0
9.774,15.38,-0.87,0.600,0
9.774,15.38,-0.87,0.600,0
9.774,15.38,-0.87,0.600,0
9.775,15.38,-0.90,0.600,0
9.775,15.38,-0.90,0.600,0
9.775,15.38,-0.90,0.600,0
9.775,15.38,-0.90,0.600,0
9.776,15.38,-0.93,0.600,0
9.776,15.38,-0.93,0.600,0
9.776,15.38,-0.93,0.600,0
9.776,15.38,-0.93,0.600,0
9.777,15.38,-0.96,0.600,0
9.777,15.38,-0.96,0.600,0
9.777,15.38,-0.96,0.600,0
9.778,15.38,-1.00,0.600,0
9.778,15.38,-1.00,0.600,0
9.778,15.38,-1.00,0.600,0
9.779,15.38,-1.03,0.600,0
9.779,15.38,-1.03,0.600,0
9.779,15.38,-1.03,0.600,0
9.779,15.38,-1.03,0.600,0
9.780,15.38,-1.06,0.600,0
9.780,15.38,-1.06,0.600,0
9.780,15.38,-1.06,0.600,0
9.780,15.38,-1.10,0.600,0
9.781,15.38,-1.10,0.600,0
9.781,15.38,-1.10,0.600,0
9.781,15.38,-1.10,0.600,0
9.781,15.38,-1.13,0.600,0
9.782,15.38,-1.13,0.600,0
9.782,15.38,-1.13,0.600,0
9.782,15.38,-1.13,0.600,0
9.782,15.38,-1.16,0.600,0
9.783,15.38,-1.16,0.600,0
9.783,15.38,-1.16,0.600,0
9.783,15.38,-1.16,0.600,0
9.784,15.38,-1.19,0.600,0
9.784,15.38,-1.19,0.600,0
9.784,15.38,-1.19,0.600,0
9.784,15.38,-1.19,0.600,0
9.785,15.38,-1.23,0.600,0
9.785,15.38,-1.23,0.600,0
9.785,15.38,-1.23,0.600,0
9.785,15.38,-1.23,0.600,0
9.786,15.38,-1.26,0.600,0
9.786,15.38,-1.26,0.600,0
9.786,15.38,-1.26,0.600,0
9.786,15.38,-1.26,0.600,0
9.787,15.38,-1.29,0.600,0
9.787,15.38,-1.29,0.600,0
9.787,15.38,-1.29,0.600,0
9.787,15.38,-1.32,0.600,0
9.788,15.38,-1.32,0.600,0
9.788,15.38,-1.32,0.600,0
9.788,15.38,-1.32,0.600,0
9.788,15.38,-1.32,0.600,0
9.789,15.38,-1.36,0.600,0
9.789,15.38,-1.36,0.600,0
9.789,15.38,-1.36,0.600,0
9.789,15.38,-1.36,0.600,0
9.790,15.38,-1.39,0.600,0
9.790,15.38,-1.39,0.600,0
9.790,15.38,-1.39,0.600,0
9.790,15.38,-1.42,0.600,0
9.791,15.38,-1.42,0.600,0
9.791,15.38,-1.42,0.600,0
9.791,15.38,-1.42,0.600,0
9.791,15.38,-1.45,0.600,0
9.792,15.38,-1.45,0.600,0
9.792,15.38,-1.45,0.600,0
9.792,15.38,-1.45,0.600,0
9.792,15.38,-1.49,0.600,0
9.793,15.38,-1.49,0.600,0
9.793,15.38,-1.49,0.600,0
9.793,15.38,-1.49,0.600,0
9.793,15.38,-1.49,0.600,0
9.794,15.38,-1.52,0.600,0
9.794,15.38,-1.52,0.600,0
9.794,15.38,-1.52,0.600,0
9.794,15.38,-1.52,0.600,0
9.795,15.38,-1.55,0.600,0
9.795,15.38,-1.55,0.600,0
9.795,15.38,-1.55,0.600,0
9.795,15.38,-1.55,0.600,0
9.796,15.38,-1.58,0.600,0
9.796,15.38,-1.58,0.600,0
9.796,15.38,-1.58,0.600,0
9.796,15.38,-1.58,0.600,0
9.796,15.38,-1.62,0.600,0
9.797,15.38,-1.62,0.600,0
9.797,15.38,-1.62,0.600,0
9.797,15.38,-1.62,0.600,0
9.797,15.38,-1.65,0.600,0
9.798,15.38,-1.65,0.600,0
9.798,15.38,-1.65,0.600,0
9.798,15.38,-1.68,0.600,0
9.799,15.38,-1.68,0.600,0
9.799,15.38,-1.68,0.600,0
9.799,15.38,-1.68,0.600,0
9.800,15.38,-1.71,0.600,0
9.800,15.38,-1.71,0.600,0
9.800,15.38,-1.75,0.600,0
9.801,15.38,-1.75,0.600,0
9.801,15.38,-1.75,0.600,0
9.801,15.38,-1.75,0.600,0
9.801,15.38,-1.78,0.600,0
9.802,15.38,-1.78,0.600,0
9.802,15.38,-1.78,0.600,0
9.802,15.38,-1.78,0.600,0
9.802,15.38,-1.81,0.600,0
9.803,15.38,-1.81,0.600,0
9.803,15.38,-1.81,0.600,0
9.803,15.38,-1.81,0.600,0
9.803,15.38,-1.84,0.600,0
9.804,15.38,-1.84,0.600,0
9.804,15.38,-1.84,0.600,0
9.804,15.38,-1.84,0.600,0
9.804,15.38,-1.84,0.600,0
9.805,15.38,-1.88,0.600,0
9.805,15.38,-1.88,0.600,0
9.805,15.38,-1.88,0.600,0
9.805,15.38,-1.88,0.600,0
9.805,15.38,-1.91,0.600,0
9.806,15.38,-1.91,0.600,0
9.806,15.38,-1.91,0.600,0
9.806,15.38,-1.91,0.600,0
9.807,15.38,-1.94,0.600,0
9.807,15.38,-1.94,0.600,0
9.807,15.38,-1.94,0.600,0
9.807,15.38,-1.94,0.600,0
9.808,15.38,-1.98,0.600,0
9.808,15.38,-1.98,0.600,0
9.808,15.38,-1.98,0.600,0
9.808,15.38,-1.98,0.600,0
9.809,15.38,-2.01,0.600,0
9.809,15.38,-2.01,0.600,0
9.809,15.38,-2.01,0.600,0
9.809,15.38,-2.01,0.600,0
9.809,15.38,-2.04,0.600,0
9.810,15.38,-2.04,0.600,0
9.810,15.38,-2.04,0.600,0
9.810,15.38,-2.04,0.600,0
9.810,15.38,-2.04,0.600,0
9.811,15.38,-2.07,0.600,0
9.811,15.38,-2.07,0.600,0
9.811,15.38,-2.07,0.600,0
9.811,15.38,-2.07,0.600,0
9.812,15.38,-2.11,0.600,0
9.812,15.38,-2.11,0.600,0
9.812,15.38,-2.11,0.600,0
9.812,15.38,-2.11,0.600,0
9.813,15.38,-2.14,0.600,0
9.813,15.38,-2.14,0.600,0
9.813,15.38,-2.14,0.600,0
9.813,15.38,-2.14,0.600,0
9.814,15.38,-2.17,0.600,0
9.814,15.38,-2.17,0.600,0
9.814,15.38,-2.17,0.600,0
9.815,15.38,-2.19,0.600,0
9.815,15.38,-2.19,0.600,0
9.815,15.38,-2.19,0.600,0
9.815,15.38,-2.19,0.600,0
9.816,15.38,-2.22,0.600,0
9.816,15.38,-2.22,0.600,0
9.816,15.38,-2.22,0.600,0
9.816,15.38,-2.22,0.600,0
9.817,15.38,-2.25,0.600,0
9.817,15.38,-2.25,0.600,0
9.817,15.38,-2.25,0.600,0
9.817,15.38,-2.25,0.600,0
9.818,15.38,-2.28,0.600,0
9.818,15.38,-2.28,0.600,0
9.818,15.38,-2.28,0.600,0
9.818,15.38,-2.28,0.600,0
9.819,15.38,-2.31,0.600,0
9.819,15.38,-2.31,0.600,0
9.819,15.38,-2.31,0.600,0
9.819,15.38,-2.31,0.600,0
9.820,15.38,-2.34,0.600,0
9.820,15.38,-2.34,0.600,0
9.820,15.38,-2.34,0.600,0
9.821,15.38,-2.37,0.600,0
9.821,15.38,-2.37,0.600,0
9.821,15.38,-2.37,0.600,0
9.822,15.38,-2.40,0.600,0
9.822,15.38,-2.40,0.600,0
9.822,15.38,-2.40,0.600,0
9.822,15.38,-2.40,0.600,0
9.823,15.38,-2.43,0.600,0
9.823,15.38,-2.43,0.600,0
9.823,15.38,-2.43,0.600,0
9.823,15.38,-2.43,0.600,0
9.823,15.38,-2.45,0.600,0
9.824,15.38,-2.45,0.600,0
9.824,15.38,-2.45,0.600,0
9.824,15.38,-2.45,0.600,0
9.824,15.38,-2.49,0.600,0
9.825,15.38,-2.49,0.600,0
9.825,15.38,-2.49,0.600,0
9.825,15.38,-2.49,0.600,0
9.825,15.38,-2.49,0.600,0
9.826,15.38,-2.52,0.600,0
9.826,15.38,-2.52,0.600,0
9.826,15.38,-2.52,0.600,0
9.826,15.38,-2.52,0.600,0
9.826,15.38,-2.55,0.600,0
9.827,15.38,-2.55,0.600,0
9.827,15.38,-2.55,0.600,0
9.827,15.38,-2.55,0.600,0
9.828,15.38,-2.58,0.600,0
9.828,15.38,-2.58,0.600,0
9.828,15.38,-2.58,0.600,0
9.828,15.38,-2.61,0.600,0
9.829,15.38,-2.61,0.600,0
9.829,15.38,-2.61,0.600,0
9.829,15.38,-2.61,0.600,0
9.829,15.38,-2.64,0.600,0
9.830,15.38,-2.64,0.600,0
9.830,15.38,-2.64,0.600,0
9.830,15.38,-2.64,0.600,0
9.830,15.38,-2.64,0.600,0
9.831,15.38,-2.68,0.600,0
9.831,15.38,-2.68,0.600,0
9.831,15.38,-2.68,0.600,0
9.831,15.38,-2.68,0.600,0
9.831,15.38,-2.68,0.600,0
9.832,15.38,-2.71,0.600,0
9.832,15.38,-2.71,0.600,0
9.832,15.38,-2.71,0.600,0
9.833,15.38,-2.74,0.600,0
9.833,15.38,-2.74,0.600,0
9.833,15.38,-2.74,0.600,0
9.834,15.38,-2.77,0.600,0
9.834,15.38,-2.77,0.600,1
9.835,11.50,-2.81,0.600,0
9.835,11.50,-2.81,0.600,0
9.835,11.50,-2.84,0.600,0
9.836,11.50,-2.84,0.600,0
9.836,11.50,-2.84,0.600,0
9.836,11.50,-2.84,0.600,0
9.836,11.50,-2.87,0.600,0
9.837,11.50,-2.87,0.600,0
9.837,11.50,-2.87,0.600,0
9.837,11.50,-2.87,0.600,0
9.837,11.50,-2.90,0.600,0
9.838,11.50,-2.90,0.600,0
9.838,11.50,-2.90,0.600,0
9.838,11.50,-2.90,0.600,0
9.838,11.50,-2.90,0.600,0
9.839,11.50,-2.94,0.600,0
9.839,11.50,-2.94,0.600,0
9.839,11.50,-2.94,0.600,0
9.839,11.50,-2.97,0.600,0
9.840,11.50,-2.97,0.600,0
9.840,11.50,-2.97,0.600,0
9.840,11.50,-2.97,0.600,0
9.840,11.50,-3.00,0.600,0
9.841,11.50,-3.00,0.600,0
9.841,11.50,-3.00,0.600,0
9.841,11.50,-3.00,0.600,0
9.841,11.50,-3.00,0.600,0
9.842,11.50,-3.03,0.600,0
9.842,11.50,-3.03,0.600,0
9.842,11.50,-3.03,0.600,0
9.842,11.50,-3.07,0.600,0
9.843,11.50,-3.07,0.600,0
9.843,11.50,-3.07,0.600,0
9.843,11.50,-3.07,0.600,0
9.843,11.50,-3.10,0.600,0
9.844,11.50,-3.10,0.600,0
9.844,11.50,-3.10,0.600,0
9.844,11.50,-3.10,0.600,0
9.844,11.50,-3.13,0.600,0
9.845,11.50,-3.13,0.600,0
9.845,11.50,-3.13,0.600,0
9.845,11.50,-3.13,0.600,0
9.845,11.50,-3.13,0.600,0
9.846,11.50,-3.16,0.600,0
9.846,11.50,-3.16,0.600,0
9.846,11.50,-3.16,0.600,0
9.846,11.50,-3.16,0.600,0
9.846,11.50,-3.20,0.600,0
9.847,11.50,-3.20,0.600,0
9.847,11.50,-3.20,0.600,0
9.847,11.50,-3.20,0.600,0
9.848,11.50,-3.23,0.600,0
9.848,11.50,-3.23,0.600,0
9.848,11.50,-3.23,0.600,0
9.848,11.50,-3.23,0.600,0
9.849,11.50,-3.26,0.600,0
9.849,11.50,-3.26,0.600,0
9.849,11.50,-3.26,0.600,0
9.849,11.50,-3.29,0.600,0
9.850,11.50,-3.29,0.600,0
9.850,11.50,-3.29,0.600,0
9.850,11.50,-3.29,0.600,0
9.850,11.50,-3.29,0.600,0
9.851,11.50,-3.33,0.600,0
9.851,11.50,-3.33,0.600,0
9.851,11.50,-3.33,0.600,0
9.851,11.50,-3.33,0.600,0
9.852,11.50,-3.36,0.600,0
9.852,11.50,-3.36,0.600,0
9.852,11.50,-3.36,0.600,0
9.852,11.50,-3.36,0.600,0
9.853,11.50,-3.39,0.600,0
9.853,11.50,-3.39,0.600,0
9.853,11.50,-3.39,0.600,0
9.853,11.50,-3.42,0.600,0
9.854,11.50,-3.42,0.600,0
9.854,11.50,-3.42,0.600,0
9.854,11.50,-3.42,0.600,0
9.854,11.50,-3.45,0.600,0
9.855,11.50,-3.45,0.600,0
9.855,11.50,-3.45,0.600,0
9.855,11.50,-3.45,0.600,0
9.856,11.50,-3.48,0.600,0
9.856,11.50,-3.48,0.600,0
9.856,11.50,-3.48,0.600,0
9.856,11.50,-3.52,0.600,0
9.857,11.50,-3.52,0.600,0
9.857,11.50,-3.52,0.600,0
9.857,11.50,-3.52,0.600,0
9.857,11.50,-3.55,0.600,0
9.858,11.50,-3.55,0.600,0
9.858,11.50,-3.55,0.600,0
9.858,11.50,-3.55,0.600,0
9.858,11.50,-3.58,0.600,0
9.859,11.50,-3.58,0.600,0
9.859,11.50,-3.58,0.600,0
9.859,11.50,-3.58,0.600,0
9.859,11.50,-3.61,0.600,0
9.860,11.50,-3.61,0.600,0
9.860,11.50,-3.61,0.600,0
9.860,11.50,-3.61,0.600,0
9.860,11.50,-3.65,0.600,0
9.861,11.50,-3.65,0.600,0
9.861,11.50,-3.65,0.600,0
9.861,11.50,-3.65,0.600,0
9.861,11.50,-3.68,0.600,0
9.862,11.50,-3.68,0.600,0
9.862,11.50,-3.68,0.600,0
9.862,11.50,-3.68,0.600,0
9.863,11.50,-3.71,0.600,0
9.863,11.50,-3.71,0.600,0
9.863,11.50,-3.71,0.600,0
9.863,11.50,-3.71,0.600,0
9.864,11.50,-3.74,0.600,0
9.864,11.50,-3.74,0.600,0
9.864,11.50,-3.74,0.600,0
9.864,11.50,-3.74,0.600,0
9.864,11.50,-3.78,0.600,0
9.865,11.50,-3.78,0.600,0
9.865,11.50,-3.78,0.600,0
9.865,11.50,-3.78,0.600,0
9.865,11.50,-3.81,0.600,0
9.866,11.50,-3.81,0.600,0
9.866,11.50,-3.81,0.600,0
9.866,11.50,-3.81,0.600,0
9.866,11.50,-3.81,0.600,0
9.867,11.50,-3.84,0.600,0
9.867,11.50,-3.84,0.600,0
9.867,11.50,-3.84,0.600,0
9.867,11.50,-3.84,0.600,0
9.868,11.50,-3.87,0.600,0
9.868,11.50,-3.87,0.600,0
9.868,11.50,-3.87,0.600,0
9.868,11.50,-3.87,0.600,0
9.869,11.50,-3.90,0.600,0
9.869,11.50,-3.90,0.600,0
9.869,11.50,-3.90,0.600,0
9.869,11.50,-3.90,0.600,0
9.870,11.50,-3.93,0.600,0
9.870,11.50,-3.93,0.600,0
9.870,11.50,-3.93,0.600,0
9.870,11.50,-3.93,0.600,0
9.871,11.50,-3.97,0.600,0
9.871,11.50,-3.97,0.600,0
9.871,11.50,-3.97,0.600,0
9.871,11.50,-3.97,0.600,0
9.871,11.50,-4.00,0.600,0
9.872,11.50,-4.00,0.600,0
9.872,11.50,-4.00,0.600,0
9.872,11.50,-4.00,0.600,0
9.872,11.50,-4.03,0.600,0
9.873,11.50,-4.03,0.600,0
9.873,11.50,-4.03,0.600,0
9.873,11.50,-4.03,0.600,0
9.873,11.50,-4.03,0.600,0
9.873,11.50,-4.06,0.600,0
9.874,11.50,-4.06,0.600,0
9.874,11.50,-4.06,0.600,0
9.874,11.50,-4.06,0.600,0
9.874,11.50,-4.10,0.600,0
9.875,11.50,-4.10,0.600,0
9.875,11.50,-4.10,0.600,0
9.875,11.50,-4.10,0.600,0
9.875,11.50,-4.13,0.600,0
9.876,11.50,-4.13,0.600,0
9.876,11.50,-4.13,0.600,0
9.876,11.50,-4.13,0.600,0
9.876,11.50,-4.16,0.600,0
9.877,11.50,-4.16,0.600,0
9.877,11.50,-4.16,0.600,0
9.877,11.50,-4.16,0.600,0
9.877,11.50,-4.19,0.600,0
9.878,11.50,-4.19,0.600,0
9.878,11.50,-4.19,0.600,0
9.878,11.50,-4.19,0.600,0
9.879,11.50,-4.23,0.600,0
9.879,11.50,-4.23,0.600,0
9.879,11.50,-4.23,0.600,0
9.879,11.50,-4.23,0.600,0
9.880,11.50,-4.26,0.600,0
9.880,11.50,-4.26,0.600,0
9.880,11.50,-4.26,0.600,0
9.880,11.50,-4.29,0.600,0
9.881,11.50,-4.29,0.600,0
9.881,11.50,-4.29,0.600,0
9.881,11.50,-4.29,0.600,0
9.881,11.50,-4.29,0.600,0
9.881,11.50,-4.32,0.600,0
9.882,11.50,-4.32,0.600,0
9.882,11.50,-4.32,0.600,0
9.882,11.50,-4.32,0.600,0
9.883,11.50,-4.36,0.600,0
9.883,11.50,-4.36,0.600,0
9.883,11.50,-4.36,0.600,0
9.883,11.50,-4.36,0.600,0
9.884,11.50,-4.39,0.600,0
9.884,11.50,-4.39,0.600,0
9.884,11.50,-4.39,0.600,0
9.884,11.50,-4.39,0.600,0
9.884,11.50,-4.42,0.600,0
9.885,11.50,-4.42,0.600,0
9.885,11.50,-4.42,0.600,0
9.885,11.50,-4.42,0.600,0
9.885,11.50,-4.45,0.600,0
9.886,11.50,-4.45,0.600,0
9.886,11.50,-4.45,0.600,0
9.886,11.50,-4.45,0.600,0
9.886,11.50,-4.45,0.600,0
9.886,11.50,-4.49,0.600,0
9.887,11.50,-4.49,0.600,0
9.887,11.50,-4.49,0.600,0
9.887,11.50,-4.49,0.600,0
9.887,11.50,-4.52,0.600,0
9.888,11.50,-4.52,0.600,0
9.888,11.50,-4.52,0.600,0
9.888,11.50,-4.52,0.600,0
9.888,11.50,-4.55,0.600,0
9.889,11.50,-4.55,0.600,0
9.889,11.50,-4.55,0.600,0
9.889,11.50,-4.55,0.600,0
9.889,11.50,-4.59,0.600,0
9.890,11.50,-4.59,0.600,0
9.890,11.50,-4.59,0.600,0
9.890,11.50,-4.59,0.600,0
9.890,11.50,-4.62,0.600,0
9.891,11.50,-4.62,0.600,0
9.891,11.50,-4.62,0.600,0
9.891,11.50,-4.62,0.600,0
9.891,11.50,-4.65,0.600,0
9.892,11.50,-4.65,0.600,0
9.892,11.50,-4.65,0.600,0
9.892,11.50,-4.65,0.600,0
9.892,11.50,-4.68,0.600,0
9.893,11.50,-4.68,0.600,0
9.893,11.50,-4.68,0.600,0
9.893,11.50,-4.68,0.600,0
9.893,11.50,-4.68,0.600,0
9.893,11.50,-4.72,0.600,0
9.894,11.50,-4.72,0.600,0
9.894,11.50,-4.72,0.600,0
9.894,11.50,-4.72,0.600,0
9.894,11.50,-4.75,0.600,0
9.895,11.50,-4.75,0.600,0
9.895,11.50,-4.75,0.600,0
9.895,11.50,-4.75,0.600,0
9.895,11.50,-4.78,0.600,0
9.896,11.50,-4.78,0.600,0
9.896,11.50,-4.78,0.600,0
9.896,11.50,-4.78,0.600,0
9.897,11.50,-4.81,0.600,0
9.897,11.50,-4.81,0.600,0
9.897,11.50,-4.81,0.600,0
9.897,11.50,-4.81,0.600,0
9.898,11.50,-4.85,0.600,0
9.898,11.50,-4.85,0.600,0
9.898,11.50,-4.85,0.600,0
9.898,11.50,-4.85,0.600,0
9.899,11.50,-4.88,0.600,0
9.899,11.50,-4.88,0.600,0
9.899,11.50,-4.88,0.600,0
9.899,11.50,-4.88,0.600,0
9.900,11.50,-4.91,0.600,0
9.900,11.50,-4.91,0.600,0
9.900,11.50,-4.91,0.600,0
9.900,11.50,-4.91,0.600,0
9.900,11.50,-4.94,0.600,0
9.901,11.50,-4.94,0.600,0
9.901,11.50,-4.94,0.600,0
9.901,11.50,-4.94,0.600,0
9.902,11.50,-4.98,0.600,0
9.902,11.50,-4.98,0.600,0
9.902,11.50,-4.98,0.600,0
9.902,11.50,-5.01,0.600,0
9.903,11.50,-5.01,0.600,0
9.903,11.50,-5.01,0.600,0
9.903,11.50,-5.01,0.600,0
9.903,11.50,-5.04,0.600,0
9.904,11.50,-5.04,0.600,0
9.904,11.50,-5.04,0.600,0
9.904,11.50,-5.04,0.600,0
9.904,11.50,-5.07,0.600,0
9.905,11.50,-5.07,0.600,0
9.905,11.50,-5.07,0.600,0
9.905,11.50,-5.07,0.600,0
9.905,11.50,-5.07,0.600,0
9.906,11.50,-5.11,0.600,0
9.906,11.50,-5.11,0.600,0
9.906,11.50,-5.11,0.600,0
9.906,11.50,-5.11,0.600,0
9.907,11.50,-5.14,0.600,0
9.907,11.50,-5.14,0.600,0
9.907,11.50,-5.14,0.600,0
9.907,11.50,-5.14,0.600,0
9.907,11.50,-5.14,0.600,0
9.908,11.50,-5.17,0.600,0
9.908,11.50,-5.17,0.600,0
9.908,11.50,-5.17,0.600,0
9.908,11.50,-5.17,0.600,0
9.909,11.50,-5.20,0.600,0
9.909,11.50,-5.20,0.600,0
9.909,11.50,-5.20,0.600,0
9.909,11.50,-5.20,0.600,0
9.909,11.50,-5.24,0.600,0
9.910,11.50,-5.24,0.600,0
9.910,11.50,-5.24,0.600,0
9.910,11.50,-5.24,0.600,0
9.910,11.50,-5.27,0.600,0
9.911,11.50,-5.27,0.600,0
9.911,11.50,-5.27,0.600,0
9.911,11.50,-5.27,0.600,0
9.912,11.50,-5.30,0.600,0
9.912,11.50,-5.30,0.600,0
9.912,11.50,-5.30,0.600,0
9.912,11.50,-5.33,0.600,0
9.913,11.50,-5.33,0.600,0
9.913,11.50,-5.33,0.600,0
9.913,11.50,-5.33,0.600,0
9.913,11.50,-5.33,0.600,0
9.913,11.50,-5.36,0.600,0
9.914,11.50,-5.36,0.600,0
9.914,11.50,-5.36,0.600,0
9.914,11.50,-5.36,0.600,0
9.914,11.50,-5.39,0.600,0
9.915,11.50,-5.39,0.600,0
9.915,11.50,-5.39,0.600,0
9.915,11.50,-5.39,0.600,0
9.915,11.50,-5.39,0.600,0
9.915,11.50,-5.43,0.600,0
9.916,11.50,-5.43,0.600,0
9.916,11.50,-5.43,0.600,0
9.916,11.50,-5.43,0.600,0
9.916,11.50,-5.43,0.600,0
9.917,11.50,-5.46,0.600,0
9.917,11.50,-5.46,0.600,0
9.917,11.50,-5.46,0.600,0
9.917,11.50,-5.49,0.600,0
9.918,11.50,-5.49,0.600,0
9.918,11.50,-5.49,0.600,0
9.918,11.50,-5.49,0.600,0
9.918,11.50,-5.52,0.600,0
9.919,11.50,-5.52,0.600,0
9.919,11.50,-5.52,0.600,0
9.919,11.50,-5.52,0.600,0
9.919,11.50,-5.52,0.600,0
9.920,11.50,-5.55,0.600,0
9.920,11.50,-5.55,0.600,0
9.920,11.50,-5.55,0.600,0
9.920,11.50,-5.55,0.600,0
9.920,11.50,-5.59,0.600,0
9.921,11.50,-5.59,0.600,0
9.921,11.50,-5.59,0.600,0
9.921,11.50,-5.59,0.600,0
9.921,11.50,-5.62,0.600,0
9.922,11.50,-5.62,0.600,0
9.922,11.50,-5.62,0.600,0
9.922,11.50,-5.62,0.600,0
9.922,11.50,-5.62,0.600,0
9.923,11.50,-5.65,0.600,0
9.923,11.50,-5.65,0.600,0
9.923,11.50,-5.65,0.600,0
9.923,11.50,-5.65,0.600,0
9.923,11.50,-5.69,0.600,0
9.924,11.50,-5.69,0.600,0
9.924,11.50,-5.69,0.600,0
9.924,11.50,-5.69,0.600,0
9.924,11.50,-5.72,0.600,0
9.925,11.50,-5.72,0.600,0
9.925,11.50,-5.72,0.600,0
9.925,11.50,-5.72,0.600,0
9.926,11.50,-5.75,0.600,0
9.926,11.50,-5.75,0.600,0
9.926,11.50,-5.75,0.600,0
9.926,11.50,-5.75,0.600,0
9.926,11.50,-5.79,0.600,0
9.927,11.50,-5.79,0.600,0
9.927,11.50,-5.79,0.600,0
9.927,11.50,-5.79,0.600,0
9.927,11.50,-5.82,0.600,0
9.928,11.50,-5.82,0.600,0
9.928,11.50,-5.82,0.600,0
9.928,11.50,-5.82,0.600,0
9.928,11.50,-5.85,0.600,0
9.929,11.50,-5.85,0.600,0
9.929,11.50,-5.85,0.600,0
9.929,11.50,-5.85,0.600,0
9.929,11.50,-5.88,0.600,0
9.930,11.50,-5.88,0.600,0
9.930,11.50,-5.88,0.600,0
9.930,11.50,-5.88,0.600,0
9.931,11.50,-5.92,0.600,0
9.931,11.50,-5.92,0.600,0
9.931,11.50,-5.92,0.600,0
9.931,11.50,-5.92,0.600,0
9.932,11.50,-5.95,0.600,0
9.932,11.50,-5.95,0.600,0
9.932,11.50,-5.95,0.600,0
9.932,11.50,-5.95,0.600,0
9.933,11.50,-5.98,0.600,0
9.933,11.50,-5.98,0.600,0
9.933,11.50,-5.98,0.600,0
9.933,11.50,-5.98,0.600,0
9.934,11.50,-6.01,0.600,0
9.934,11.50,-6.01,0.600,0
9.934,11.50,-6.01,0.600,0
9.934,11.50,-6.05,0.600,0
9.935,11.50,-6.05,0.600,0
9.935,11.50,-6.05,0.600,0
9.935,11.50,-6.05,0.600,0
9.935,11.50,-6.05,0.600,0
9.936,11.50,-6.08,0.600,0
9.936,11.50,-6.08,0.600,0
9.936,11.50,-6.08,0.600,0
9.936,11.50,-6.11,0.600,0
9.937,11.50,-6.11,0.600,0
9.937,11.50,-6.11,0.600,0
9.937,11.50,-6.11,0.600,0
9.938,11.50,-6.14,0.600,0
9.938,11.50,-6.14,0.600,0
9.938,11.50,-6.14,0.600,0
9.938,11.50,-6.14,0.600,0
9.939,11.50,-6.18,0.600,0
9.939,11.50,-6.18,0.600,0
9.939,11.50,-6.18,0.600,0
9.939,11.50,-6.18,0.600,0
9.940,11.50,-6.21,0.600,0
9.940,11.50,-6.21,0.600,0
9.940,11.50,-6.21,0.600,0
9.940,11.50,-6.21,0.600,0
9.941,11.50,-6.24,0.600,0
9.941,11.50,-6.24,0.600,0
9.941,11.50,-6.24,0.600,0
9.941,11.50,-6.24,0.600,0
9.942,11.50,-6.27,0.600,0
9.942,11.50,-6.27,0.600,0
9.942,11.50,-6.27,0.600,0
9.942,11.50,-6.27,0.600,0
9.942,11.50,-6.31,0.600,0
9.943,11.50,-6.31,0.600,0
9.943,11.50,-6.31,0.600,0
9.943,11.50,-6.31,0.600,0
9.943,11.50,-6.34,0.600,0
9.944,11.50,-6.34,0.600,0
9.944,11.50,-6.34,0.600,0
9.944,11.50,-6.34,0.600,0
9.944,11.50,-6.37,0.600,0
9.945,11.50,-6.37,0.600,0
9.945,11.50,-6.37,0.600,0
9.945,11.50,-6.37,0.600,0
9.945,11.50,-6.40,0.600,0
9.946,11.50,-6.40,0.600,0
9.946,11.50,-6.40,0.600,0
9.946,11.50,-6.40,0.600,0
9.946,11.50,-6.40,0.600,0
9.947,11.50,-6.44,0.600,0
9.947,11.50,-6.44,0.600,0
9.947,11.50,-6.44,0.600,0
9.947,11.50,-6.44,0.600,0
9.947,11.50,-6.47,0.600,0
9.948,11.50,-6.47,0.600,0
9.948,11.50,-6.47,0.600,0
9.948,11.50,-6.47,0.600,0
9.949,11.50,-6.50,0.600,0
9.949,11.50,-6.50,0.600,0
9.949,11.50,-6.50,0.600,0
9.949,11.50,-6.50,0.600,0
9.949,11.50,-6.53,0.600,0
9.950,11.50,-6.53,0.600,0
9.950,11.50,-6.53,0.600,0
9.950,11.50,-6.53,0.600,0
9.950,11.50,-6.53,0.600,0
9.951,11.50,-6.57,0.600,0
9.951,11.50,-6.57,0.600,0
9.951,11.50,-6.57,0.600,0
9.952,11.50,-6.60,0.600,0
9.952,11.50,-6.60,0.600,0
9.952,11.50,-6.60,0.600,0
9.952,11.50,-6.63,0.600,0
9.953,11.50,-6.63,0.600,0
9.953,11.50,-6.63,0.600,0
9.953,11.50,-6.63,0.600,0
9.954,11.50,-6.66,0.600,0
9.954,11.50,-6.66,0.600,0
9.954,11.50,-6.66,0.600,0
9.954,11.50,-6.70,0.600,0
9.955,11.50,-6.70,0.600,0
9.955,11.50,-6.70,0.600,0
9.955,11.50,-6.70,0.600,0
9.955,11.50,-6.70,0.600,0
9.956,11.50,-6.73,0.600,0
9.956,11.50,-6.73,0.600,0
9.956,11.50,-6.73,0.600,0
9.956,11.50,-6.73,0.600,0
9.957,11.50,-6.76,0.600,0
9.957,11.50,-6.76,0.600,0
9.957,11.50,-6.76,0.600,0
9.957,11.50,-6.76,0.600,0
9.958,11.50,-6.79,0.600,0
9.958,11.50,-6.79,0.600,0
9.958,11.50,-6.79,0.600,0
9.958,11.50,-6.79,0.600,0
9.959,11.50,-6.83,0.600,0
9.959,11.50,-6.83,0.600,0
9.959,11.50,-6.83,0.600,0
9.959,11.50,-6.83,0.600,0
9.960,11.50,-6.86,0.600,0
9.960,11.50,-6.86,0.600,0
9.960,11.50,-6.86,0.600,0
9.960,11.50,-6.89,0.600,0
9.961,11.50,-6.89,0.600,0
9.961,11.50,-6.89,0.600,0
9.961,11.50,-6.89,0.600,0
9.962,11.50,-6.92,0.600,0
9.962,11.50,-6.92,0.600,0
9.962,11.50,-6.92,0.600,0
9.962,11.50,-6.96,0.600,0
9.963,11.50,-6.96,0.600,0
9.963,11.50,-6.96,0.600,0
9.963,11.50,-6.96,0.600,0
9.963,11.50,-6.96,0.600,0
9.964,11.50,-6.99,0.600,0
9.964,11.50,-6.99,0.600,0
9.964,11.50,-6.99,0.600,0
9.964,11.50,-7.02,0.600,0
9.965,11.50,-7.02,0.600,0
9.965,11.50,-7.02,0.600,0
9.965,11.50,-7.02,0.600,0
9.965,11.50,-7.05,0.600,0
9.966,11.50,-7.05,0.600,0
9.966,11.50,-7.05,0.600,0
9.967,11.50,-7.09,0.600,0
9.967,11.50,-7.09,0.600,0
9.968,11.50,-7.12,0.600,1
9.968,7.72,-7.12,0.600,0
9.968,7.72,-7.12,0.600,0
9.969,7.72,-7.15,0.600,0
9.969,7.72,-7.15,0.600,0
9.969,7.72,-7.15,0.600,0
9.969,7.72,-7.15,0.600,0
9.969,7.72,-7.18,0.600,0
9.970,7.72,-7.18,0.600,0
9.970,7.72,-7.18,0.600,0
9.970,7.72,-7.18,0.600,0
9.970,7.72,-7.22,0.600,0
9.971,7.72,-7.22,0.600,0
9.971,7.72,-7.22,0.600,0
9.971,7.72,-7.22,0.600,0
9.971,7.72,-7.22,0.600,0
9.972,7.72,-7.25,0.600,0
9.972,7.72,-7.25,0.600,0
9.972,7.72,-7.25,0.600,0
9.972,7.72,-7.25,0.600,0
9.973,7.72,-7.28,0.600,0
9.973,7.72,-7.28,0.600,0
9.973,7.72,-7.28,0.600,0
9.973,7.72,-7.28,0.600,0
9.974,7.72,-7.31,0.600,0
9.974,7.72,-7.31,0.600,0
9.974,7.72,-7.31,0.600,0
9.975,7.72,-7.35,0.600,0
9.975,7.72,-7.35,0.600,0
9.975,7.72,-7.35,0.600,0
9.975,7.72,-7.35,0.600,0
9.976,7.72,-7.38,0.600,0
9.976,7.72,-7.38,0.600,0
9.976,7.72,-7.38,0.600,0
9.976,7.72,-7.38,0.600,0
9.976,7.72,-7.41,0.600,0
9.977,7.72,-7.41,0.600,0
9.977,7.72,-7.41,0.600,0
9.977,7.72,-7.41,0.600,0
9.977,7.72,-7.45,0.600,0
9.978,7.72,-7.45,0.600,0
9.978,7.72,-7.45,0.600,0
9.978,7.72,-7.45,0.600,0
9.978,7.72,-7.48,0.600,0
9.979,7.72,-7.48,0.600,0
9.979,7.72,-7.48,0.600,0
9.979,7.72,-7.48,0.600,0
9.979,7.72,-7.48,0.600,0
9.980,7.72,-7.51,0.600,0
9.980,7.72,-7.51,0.600,0
9.980,7.72,-7.51,0.600,0
9.981,7.72,-7.54,0.600,0
9.981,7.72,-7.54,0.600,0
9.981,7.72,-7.54,0.600,0
9.981,7.72,-7.58,0.600,0
9.982,7.72,-7.58,0.600,0
9.982,7.72,-7.58,0.600,0
9.982,7.72,-7.58,0.600,0
9.982,7.72,-7.61,0.600,0
9.983,7.72,-7.61,0.600,0
9.983,7.72,-7.61,0.600,0
9.983,7.72,-7.61,0.600,0
9.984,7.72,-7.64,0.600,0
9.984,7.72,-7.64,0.600,0
9.984,7.72,-7.64,0.600,0
9.984,7.72,-7.64,0.600,0
9.984,7.72,-7.67,0.600,0
9.985,7.72,-7.67,0.600,0
9.985,7.72,-7.67,0.600,0
9.985,7.72,-7.67,0.600,0
9.985,7.72,-7.71,0.600,0
9.986,7.72,-7.71,0.600,0
9.986,7.72,-7.71,0.600,0
9.986,7.72,-7.71,0.600,0
9.987,7.72,-7.74,0.600,0
9.987,7.72,-7.74,0.600,0
9.987,7.72,-7.74,0.600,0
9.987,7.72,-7.74,0.600,0
9.988,7.72,-7.77,0.600,0
9.988,7.72,-7.77,0.600,0
9.988,7.72,-7.77,0.600,0
9.988,7.72,-7.77,0.600,0
9.989,7.72,-7.80,0.600,0
9.989,7.72,-7.80,0.600,0
9.989,7.72,-7.80,0.600,0
9.989,7.72,-7.80,0.600,0
9.990,7.72,-7.84,0.600,0
9.990,7.72,-7.84,0.600,0
9.990,7.72,-7.84,0.600,0
9.990,7.72,-7.84,0.600,0
9.991,7.72,-7.87,0.600,0
9.991,7.72,-7.87,0.600,0
9.991,7.72,-7.87,0.600,0
9.991,7.72,-7.87,0.600,0
9.992,7.72,-7.90,0.600,0
9.992,7.72,-7.90,0.600,0
9.992,7.72,-7.90,0.600,0
9.992,7.72,-7.90,0.600,0
9.992,7.72,-7.93,0.600,0
9.993,7.72,-7.93,0.600,0
9.993,7.72,-7.93,0.600,0
9.993,7.72,-7.93,0.600,0
9.993,7.72,-7.97,0.600,0
9.994,7.72,-7.97,0.600,0
9.994,7.72,-7.97,0.600,0
9.994,7.72,-7.97,0.600,0
9.995,7.72,-8.00,0.600,0
9.995,7.72,-8.00,0.600,0
9.995,7.72,-8.00,0.600,0
9.996,7.72,-8.03,0.600,0
9.996,7.72,-8.03,0.600,0
9.996,7.72,-8.03,0.600,0
9.996,7.72,-8.03,0.600,0
9.997,7.72,-8.06,0.600,0
9.997,7.72,-8.06,0.600,0
9.997,7.72,-8.06,0.600,0
9.997,7.72,-8.06,0.600,0
9.997,7.72,-8.10,0.600,0
9.998,7.72,-8.10,0.600,0
9.998,7.72,-8.10,0.600,0
9.998,7.72,-8.10,0.600,0
9.998,7.72,-8.13,0.600,0
9.999,7.72,-8.13,0.600,0
9.999,7.72,-8.13,0.600,0
9.999,7.72,-8.13,0.600,0
9.999,7.72,-8.16,0.600,0
10.000,7.72,-8.16,0.600,0
10.000,7.72,-8.16,0.600,0
10.000,7.72,-8.16,0.600,0
10.000,7.72,-8.19,0.600,0
10.001,7.72,-8.19,0.600,0
10.001,7.72,-8.19,0.600,0
10.001,7.72,-8.19,0.600,0
10.002,7.72,-8.23,0.600,0
10.002,7.72,-8.23,0.600,0
10.002,7.72,-8.23,0.600,0
10.002,7.72,-8.26,0.600,0
10.003,7.72,-8.26,0.600,0
10.003,7.72,-8.26,0.600,0
10.003,7.72,-8.26,0.600,0
10.003,7.72,-8.29,0.600,0
10.004,7.72,-8.29,0.600,0
10.004,7.72,-8.29,0.600,0
10.004,7.72,-8.29,0.600,0
10.004,7.72,-8.32,0.600,0
10.005,7.72,-8.32,0.600,0
10.005,7.72,-8.32,0.600,0
10.005,7.72,-8.32,0.600,0
10.005,7.72,-8.36,0.600,0
10.006,7.72,-8.36,0.600,0
10.006,7.72,-8.36,0.600,0
10.006,7.72,-8.36,0.600,0
10.006,7.72,-8.36,0.600,0
10.007,7.72,-8.39,0.600,0
10.007,7.72,-8.39,0.600,0
10.007,7.72,-8.39,0.600,0
10.007,7.72,-8.42,0.600,0
10.008,7.72,-8.42,0.600,0
10.008,7.72,-8.42,0.600,0
10.008,7.72,-8.42,0.600,0
10.009,7.72,-8.45,0.600,0
10.009,7.72,-8.45,0.600,0
10.009,7.72,-8.45,0.600,0
10.009,7.72,-8.49,0.600,0
10.010,7.72,-8.49,0.600,0
10.010,7.72,-8.49,0.600,0
10.010,7.72,-8.49,0.600,0
10.010,7.72,-8.52,0.600,0
10.011,7.72,-8.52,0.600,0
10.011,7.72,-8.52,0.600,0
10.011,7.72,-8.52,0.600,0
10.011,7.72,-8.55,0.600,0
10.012,7.72,-8.55,0.600,0
10.012,7.72,-8.55,0.600,0
10.012,7.72,-8.55,0.600,0
10.012,7.72,-8.55,0.600,0
10.013,7.72,-8.59,0.600,0
10.013,7.72,-8.59,0.600,0
10.013,7.72,-8.59,0.600,0
10.013,7.72,-8.59,0.600,0
10.013,7.72,-8.62,0.600,0
10.014,7.72,-8.62,0.600,0
10.014,7.72,-8.62,0.600,0
10.014,7.72,-8.62,0.600,0
10.015,7.72,-8.65,0.600,0
10.015,7.72,-8.65,0.600,0
10.015,7.72,-8.65,0.600,0
10.015,7.72,-8.65,0.600,0
10.016,7.72,-8.68,0.600,0
10.016,7.72,-8.68,0.600,0
10.016,7.72,-8.68,0.600,0
10.016,7.72,-8.72,0.600,0
10.017,7.72,-8.72,0.600,0
10.017,7.72,-8.72,0.600,0
10.017,7.72,-8.72,0.600,0
10.017,7.72,-8.75,0.600,0
10.018,7.72,-8.75,0.600,0
10.018,7.72,-8.75,0.600,0
10.018,7.72,-8.75,0.600,0
10.018,7.72,-8.75,0.600,0
10.019,7.72,-8.78,0.600,0
10.019,7.72,-8.78,0.600,0
10.019,7.72,-8.78,0.600,0
10.019,7.72,-8.78,0.600,0
10.020,7.72,-8.81,0.600,0
10.020,7.72,-8.81,0.600,0
10.020,7.72,-8.81,0.600,0
10.020,7.72,-8.81,0.600,0
10.021,7.72,-8.85,0.600,0
10.021,7.72,-8.85,0.600,0
10.021,7.72,-8.85,0.600,0
10.021,7.72,-8.85,0.600,0
10.022,7.72,-8.88,0.600,0
10.022,7.72,-8.88,0.600,0
10.022,7.72,-8.88,0.600,0
10.022,7.72,-8.88,0.600,0
10.023,7.72,-8.91,0.600,0
10.023,7.72,-8.91,0.600,0
10.023,7.72,-8.91,0.600,0
10.023,7.72,-8.91,0.600,0
10.024,7.72,-8.94,0.600,0
10.024,7.72,-8.94,0.600,0
10.024,7.72,-8.94,0.600,0
10.024,7.72,-8.94,0.600,0
10.025,7.72,-8.98,0.600,0
10.025,7.72,-8.98,0.600,0
10.025,7.72,-8.98,0.600,0
10.025,7.72,-8.98,0.600,0
10.026,7.72,-9.01,0.600,0
10.026,7.72,-9.01,0.600,0
10.026,7.72,-9.01,0.600,0
10.027,7.72,-9.04,0.600,0
10.027,7.72,-9.04,0.600,0
10.027,7.72,-9.04,0.600,0
10.027,7.72,-9.04,0.600,0
10.028,7.72,-9.07,0.600,0
10.028,7.72,-9.07,0.600,0
10.028,7.72,-9.07,0.600,0
10.028,7.72,-9.07,0.600,0
10.029,7.72,-9.11,0.600,0
10.029,7.72,-9.11,0.600,0
10.029,7.72,-9.11,0.600,0
10.030,7.72,-9.11,0.600,0
10.030,7.72,-9.14,0.600,0
10.030,7.72,-9.14,0.600,0
10.030,7.72,-9.14,0.600,0
10.031,7.72,-9.17,0.600,0
10.031,7.72,-9.17,0.600,0
10.031,7.72,-9.17,0.600,0
10.031,7.72,-9.17,0.600,0
10.032,7.72,-9.20,0.600,0
10.032,7.72,-9.20,0.600,0
10.032,7.72,-9.20,0.600,0
10.032,7.72,-9.20,0.600,0
10.033,7.72,-9.24,0.600,0
10.033,7.72,-9.24,0.600,0
10.033,7.72,-9.24,0.600,0
10.033,7.72,-9.24,0.600,0
10.034,7.72,-9.27,0.600,0
10.034,7.72,-9.27,0.600,0
10.034,7.72,-9.27,0.600,0
10.035,7.72,-9.27,0.600,0
10.035,7.72,-9.30,0.600,0
10.035,7.72,-9.30,0.600,0
10.035,7.72,-9.30,0.600,0
10.036,7.72,-9.30,0.600,0
10.036,7.72,-9.34,0.600,0
10.036,7.72,-9.34,0.600,0
10.036,7.72,-9.34,0.600,0
10.037,7.72,-9.37,0.600,0
10.037,7.72,-9.37,0.600,0
10.037,7.72,-9.37,0.600,0
10.037,7.72,-9.37,0.600,0
10.038,7.72,-9.40,0.600,0
10.038,7.72,-9.40,0.600,0
10.038,7.72,-9.40,0.600,0
10.038,7.72,-9.40,0.600,0
10.039,7.72,-9.40,0.600,0
10.039,7.72,-9.43,0.600,0
10.039,7.72,-9.43,0.600,0
10.039,7.72,-9.43,0.600,0
10.039,7.72,-9.43,0.600,0
10.040,7.72,-9.47,0.600,0
10.040,7.72,-9.47,0.600,0
10.040,7.72,-9.47,0.600,0
10.040,7.72,-9.47,0.600,0
10.041,7.72,-9.47,0.600,0
10.041,7.72,-9.50,0.600,0
10.041,7.72,-9.50,0.600,0
10.041,7.72,-9.50,0.600,0
10.042,7.72,-9.50,0.600,0
10.042,7.72,-9.53,0.600,0
10.042,7.72,-9.53,0.600,0
10.042,7.72,-9.53,0.600,0
10.043,7.72,-9.53,0.600,0
10.043,7.72,-9.56,0.600,0
10.043,7.72,-9.56,0.600,0
10.043,7.72,-9.56,0.600,0
10.044,7.72,-9.56,0.600,0
10.044,7.72,-9.60,0.600,0
10.044,7.72,-9.60,0.600,0
10.044,7.72,-9.60,0.600,0
10.045,7.72,-9.60,0.600,0
10.045,7.72,-9.63,0.600,0
10.045,7.72,-9.63,0.600,0
10.045,7.72,-9.63,0.600,0
10.046,7.72,-9.63,0.600,0
10.046,7.72,-9.66,0.600,0
10.046,7.72,-9.66,0.600,0
10.046,7.72,-9.66,0.600,0
10.047,7.72,-9.66,0.600,0
10.047,7.72,-9.69,0.600,0
10.047,7.72,-9.69,0.600,0
10.047,7.72,-9.69,0.600,0
10.048,7.72,-9.69,0.600,0
10.048,7.72,-9.73,0.600,0
10.048,7.72,-9.73,0.600,0
10.048,7.72,-9.73,0.600,0
10.049,7.72,-9.73,0.600,0
10.049,7.72,-9.76,0.600,0
10.049,7.72,-9.76,0.600,0
10.049,7.72,-9.76,0.600,0
10.050,7.72,-9.76,0.600,0
10.050,7.72,-9.79,0.600,0
10.050,7.72,-9.79,0.600,0
10.051,7.72,-9.79,0.600,0
10.051,7.72,-9.79,0.600,0
10.051,7.72,-9.82,0.600,0
10.051,7.72,-9.82,0.600,0
10.052,7.72,-9.82,0.600,0
10.052,7.72,-9.82,0.600,0
10.052,7.72,-9.86,0.600,0
10.052,7.72,-9.86,0.600,0
10.053,7.72,-9.86,0.600,0
10.053,7.72,-9.89,0.600,0
10.053,7.72,-9.89,0.600,0
10.053,7.72,-9.89,0.600,0
10.054,7.72,-9.89,0.600,0
10.054,7.72,-9.92,0.600,0
10.054,7.72,-9.92,0.600,0
10.054,7.72,-9.92,0.600,0
10.055,7.72,-9.92,0.600,0
10.055,7.72,-9.92,0.600,0
10.055,7.72,-9.95,0.600,0
10.055,7.72,-9.95,0.600,0
10.056,7.72,-9.95,0.600,0
10.056,7.72,-9.99,0.600,0
10.056,7.72,-9.99,0.600,0
10.057,7.72,-9.99,0.600,0
10.057,7.72,-9.99,0.600,0
10.057,7.72,-10.02,0.600,0
10.058,7.72,-10.02,0.600,0
10.058,7.72,-10.02,0.600,0
10.058,7.72,-10.05,0.600,0
10.058,7.72,-10.05,0.600,0
10.058,7.72,-10.05,0.600,0
10.059,7.72,-10.05,0.600,0
10.059,7.72,-10.08,0.600,0
10.059,7.72,-10.08,0.600,0
10.060,7.72,-10.08,0.600,0
10.060,7.72,-10.08,0.600,0
10.060,7.72,-10.12,0.600,0
10.060,7.72,-10.12,0.600,0
10.060,7.72,-10.12,0.600,0
10.061,7.72,-10.12,0.600,0
10.061,7.72,-10.15,0.600,0
10.061,7.72,-10.15,0.600,0
10.061,7.72,-10.15,0.600,0
10.062,7.72,-10.15,0.600,0
10.062,7.72,-10.18,0.600,0
10.062,7.72,-10.18,0.600,0
10.063,7.72,-10.18,0.600,0
10.063,7.72,-10.18,0.600,0
10.063,7.72,-10.21,0.600,0
10.063,7.72,-10.21,0.600,0
10.064,7.72,-10.21,0.600,0
10.064,7.72,-10.21,0.600,0
10.064,7.72,-10.25,0.600,0
10.064,7.72,-10.25,0.600,0
10.065,7.72,-10.25,0.600,0
10.065,7.72,-10.28,0.600,0
10.065,7.72,-10.28,0.600,0
10.066,7.72,-10.28,0.600,0
10.066,7.72,-10.28,0.600,0
10.066,7.72,-10.31,0.600,0
10.066,7.72,-10.31,0.600,0
10.067,7.72,-10.31,0.600,0
10.067,7.72,-10.31,0.600,0
10.067,7.72,-10.35,0.600,0
10.067,7.72,-10.35,0.600,0
10.068,7.72,-10.35,0.600,0
10.068,7.72,-10.35,0.600,0
10.068,7.72,-10.38,0.600,0
10.068,7.72,-10.38,0.600,0
10.069,7.72,-10.38,0.600,0
10.069,7.72,-10.38,0.600,0
10.069,7.72,-10.41,0.600,0
10.069,7.72,-10.41,0.600,0
10.070,7.72,-10.41,0.600,0
10.070,7.72,-10.41,0.600,0
10.070,7.72,-10.44,0.600,0
10.070,7.72,-10.44,0.600,0
10.071,7.72,-10.44,0.600,0
10.071,7.72,-10.44,0.600,0
10.071,7.72,-10.48,0.600,0
10.071,7.72,-10.48,0.600,0
10.072,7.72,-10.48,0.600,0
10.072,7.72,-10.48,0.600,0
10.072,7.72,-10.51,0.600,0
10.072,7.72,-10.51,0.600,0
10.072,7.72,-10.51,0.600,0
10.073,7.72,-10.51,0.600,0
10.073,7.72,-10.51,0.600,0
10.073,7.72,-10.54,0.600,0
10.073,7.72,-10.54,0.600,0
10.074,7.72,-10.54,0.600,0
10.074,7.72,-10.54,0.600,0
10.074,7.72,-10.57,0.600,0
10.074,7.72,-10.57,0.600,0
10.075,7.72,-10.57,0.600,0
10.075,7.72,-10.57,0.600,0
10.075,7.72,-10.61,0.600,0
10.075,7.72,-10.61,0.600,0
10.075,7.72,-10.61,0.600,0
10.076,7.72,-10.61,0.600,0
10.076,7.72,-10.61,0.600,0
10.076,7.72,-10.64,0.600,0
10.076,7.72,-10.64,0.600,0
10.077,7.72,-10.64,0.600,0
10.077,7.72,-10.64,0.600,0
10.077,7.72,-10.67,0.600,0
10.077,7.72,-10.67,0.600,0
10.078,7.72,-10.67,0.600,0
10.078,7.72,-10.67,0.600,0
10.078,7.72,-10.70,0.600,0
10.078,7.72,-10.70,0.600,0
10.079,7.72,-10.70,0.600,0
10.079,7.72,-10.70,0.600,0
10.079,7.72,-10.74,0.600,0
10.079,7.72,-10.74,0.600,0
10.080,7.72,-10.74,0.600,0
10.080,7.72,-10.74,0.600,0
10.080,7.72,-10.77,0.600,0
10.080,7.72,-10.77,0.600,0
10.081,7.72,-10.77,0.600,0
10.081,7.72,-10.77,0.600,0
10.081,7.72,-10.80,0.600,0
10.081,7.72,-10.80,0.600,0
10.082,7.72,-10.80,0.600,0
10.082,7.72,-10.80,0.600,0
10.082,7.72,-10.80,0.600,0
10.082,7.72,-10.83,0.600,0
10.082,7.72,-10.83,0.600,0
10.083,7.72,-10.83,0.600,0
10.083,7.72,-10.83,0.600,0
10.083,7.72,-10.87,0.600,0
10.083,7.72,-10.87,0.600,0
10.084,7.72,-10.87,0.600,0
10.084,7.72,-10.87,0.600,0
10.084,7.72,-10.90,0.600,0
10.084,7.72,-10.90,0.600,0
10.085,7.72,-10.90,0.600,0
10.085,7.72,-10.90,0.600,0
10.085,7.72,-10.93,0.600,0
10.085,7.72,-10.93,0.600,0
10.086,7.72,-10.93,0.600,0
10.086,7.72,-10.93,0.600,0
10.086,7.72,-10.96,0.600,0
10.086,7.72,-10.96,0.600,0
10.087,7.72,-10.96,0.600,0
10.087,7.72,-10.96,0.600,0
10.087,7.72,-11.00,0.600,0
10.087,7.72,-11.00,0.600,0
10.088,7.72,-11.00,0.600,0
10.088,7.72,-11.00,0.600,0
10.088,7.72,-11.03,0.600,0
10.088,7.72,-11.03,0.600,0
10.089,7.72,-11.03,0.600,0
10.089,7.72,-11.03,0.600,0
10.089,7.72,-11.06,0.600,0
10.089,7.72,-11.06,0.600,0
10.090,7.72,-11.06,0.600,0
10.090,7.72,-11.06,0.600,0
10.090,7.72,-11.10,0.600,0
10.090,7.72,-11.10,0.600,0
10.091,7.72,-11.10,0.600,0
10.091,7.72,-11.10,0.600,0
10.091,7.72,-11.13,0.600,0
10.091,7.72,-11.13,0.600,0
10.092,7.72,-11.13,0.600,0
10.092,7.72,-11.13,0.600,0
10.092,7.72,-11.16,0.600,0
10.093,7.72,-11.16,0.600,0
10.093,7.72,-11.16,0.600,0
10.093,7.72,-11.19,0.600,0
10.093,7.72,-11.19,0.600,0
10.094,7.72,-11.19,0.600,0
10.094,7.72,-11.19,0.600,0
10.094,7.72,-11.23,0.600,0
10.094,7.72,-11.23,0.600,0
10.095,7.72,-11.23,0.600,0
10.095,7.72,-11.23,0.600,0
10.095,7.72,-11.23,0.600,0
10.095,7.72,-11.26,0.600,0
10.096,7.72,-11.26,0.600,0
10.096,7.72,-11.26,0.600,0
10.096,7.72,-11.26,0.600,0
10.096,7.72,-11.29,0.600,0
10.097,7.72,-11.29,0.600,0
10.097,7.72,-11.29,0.600,0
10.097,7.72,-11.29,0.600,0
10.097,7.72,-11.32,0.600,0
10.098,7.72,-11.32,0.600,0
10.098,7.72,-11.32,0.600,0
10.098,7.72,-11.32,0.600,0
10.098,7.72,-11.36,0.600,0
10.099,7.72,-11.36,0.600,0
10.099,7.72,-11.36,0.600,0
10.099,7.72,-11.39,0.600,0
10.100,7.72,-11.39,0.600,0
10.100,7.72,-11.39,0.600,0
10.100,7.72,-11.39,0.600,0
10.100,7.72,-11.42,0.600,0
10.101,7.72,-11.42,0.600,0
10.101,7.72,-11.42,0.600,0
10.101,7.72,-11.42,0.600,0
10.101,7.72,-11.45,0.600,0
10.102,7.72,-11.45,0.600,0
10.102,7.72,-11.45,0.600,0
10.102,7.72,-11.45,0.600,0
10.102,7.72,-11.49,0.600,0
10.102,7.72,-11.49,0.600,0
10.103,7.72,-11.49,0.600,0
10.103,7.72,-11.49,0.600,0
10.103,7.72,-11.52,0.600,0
10.104,7.72,-11.52,0.600,0
10.104,7.72,-11.52,0.600,0
10.105,7.72,-11.55,0.600,0
10.105,7.72,-11.55,0.600,0
10.105,7.72,-11.55,0.600,0
10.106,7.72,-11.58,0.600,0
10.106,7.72,-11.58,0.600,0
10.106,7.72,-11.58,0.600,0
10.106,7.72,-11.62,0.600,0
10.107,7.72,-11.62,0.600,0
10.107,7.72,-11.62,0.600,0
10.107,7.72,-11.65,0.600,0
10.108,7.72,-11.65,0.600,0
10.108,7.72,-11.65,0.600,0
10.108,7.72,-11.65,0.600,0
10.108,7.72,-11.68,0.600,0
10.109,7.72,-11.68,0.600,0
10.109,7.72,-11.68,0.600,0
10.109,7.72,-11.71,0.600,0
10.109,7.72,-11.71,0.600,0
10.110,7.72,-11.71,0.600,0
10.110,7.72,-11.71,0.600,0
10.110,7.72,-11.71,0.600,0
10.111,7.72,-11.75,0.600,0
10.111,7.72,-11.75,0.600,0
10.111,7.72,-11.75,0.600,0
10.112,7.72,-11.78,0.600,0
10.112,7.72,-11.78,0.600,0
10.112,7.72,-11.78,0.600,0
10.112,7.72,-11.81,0.600,0
10.113,7.72,-11.81,0.600,0
10.113,7.72,-11.81,0.600,0
10.113,7.72,-11.81,0.600,0
10.113,7.72,-11.85,0.600,0
10.114,7.72,-11.85,0.600,0
10.114,7.72,-11.85,0.600,0
10.114,7.72,-11.85,0.600,0
10.114,7.72,-11.88,0.600,0
10.115,7.72,-11.88,0.600,0
10.115,7.72,-11.88,0.600,0
10.115,7.72,-11.88,0.600,0
10.115,7.72,-11.91,0.600,0
10.116,7.72,-11.91,0.600,0
10.116,7.72,-11.91,0.600,0
10.116,7.72,-11.91,0.600,0
10.116,7.72,-11.94,0.600,0
10.117,7.72,-11.94,0.600,0
10.117,7.72,-11.94,0.600,0
10.117,7.72,-11.94,0.600,0
10.117,7.72,-11.98,0.600,0
10.118,7.72,-11.98,0.600,0
10.118,7.72,-11.98,0.600,0
10.118,7.72,-11.98,0.600,0
10.118,7.72,-12.01,0.600,0
10.119,7.72,-12.01,0.600,0
10.119,7.72,-12.01,0.600,0
10.119,7.72,-12.01,0.600,0
10.120,7.72,-12.04,0.600,0
10.120,7.72,-12.04,0.600,0
10.120,7.72,-12.04,0.600,0
10.120,7.72,-12.04,0.600,0
10.121,7.72,-12.07,0.600,0
10.121,7.72,-12.07,0.600,0
10.121,7.72,-12.07,0.600,0
10.121,7.72,-12.11,0.600,0
10.122,7.72,-12.11,0.600,0
10.122,7.72,-12.11,0.600,0
10.122,7.72,-12.11,0.600,0
10.122,7.72,-12.11,0.600,0
10.122,7.72,-12.14,0.600,0
10.123,7.72,-12.14,0.600,0
10.123,7.72,-12.14,0.600,0
10.123,7.72,-12.14,0.600,0
10.123,7.72,-12.17,0.600,0
10.124,7.72,-12.17,0.600,0
10.124,7.72,-12.17,0.600,0
10.124,7.72,-12.17,0.600,0
10.124,7.72,-12.20,0.600,0
10.125,7.72,-12.20,0.600,0
10.125,7.72,-12.20,0.600,0
10.125,7.72,-12.20,0.600,0
10.125,7.72,-12.24,0.600,0
10.126,7.72,-12.24,0.600,0
10.126,7.72,-12.24,0.600,0
10.126,7.72,-12.24,0.600,0
10.126,7.72,-12.27,0.600,0
10.127,7.72,-12.27,0.600,0
10.127,7.72,-12.27,0.600,0
10.127,7.72,-12.30,0.600,0
10.128,7.72,-12.30,0.600,0
10.128,7.72,-12.30,0.600,0
10.128,7.72,-12.30,0.600,0
10.128,7.72,-12.34,0.600,0
10.129,7.72,-12.34,0.600,0
10.129,7.72,-12.34,0.600,0
10.129,7.72,-12.34,0.600,0
10.129,7.72,-12.37,0.600,0
10.130,7.72,-12.37,0.600,0
10.130,7.72,-12.37,0.600,0
10.130,7.72,-12.37,0.600,0
10.130,7.72,-12.40,0.600,0
10.131,7.72,-12.40,0.600,0
10.131,7.72,-12.40,0.600,0
10.131,7.72,-12.40,0.600,0
10.132,7.72,-12.43,0.600,0
10.132,7.72,-12.43,0.600,0
10.132,7.72,-12.43,0.600,0
10.132,7.72,-12.47,0.600,0
10.133,7.72,-12.47,0.600,0
10.133,7.72,-12.47,0.600,0
10.133,7.72,-12.47,0.600,0
10.134,7.72,-12.50,0.600,0
10.134,7.72,-12.50,0.600,0
10.134,7.72,-12.50,0.600,0
10.134,7.72,-12.50,0.600,0
10.135,7.72,-12.53,0.600,0
10.135,7.72,-12.53,0.600,0
10.135,7.72,-12.53,0.600,0
10.135,7.72,-12.53,0.600,0
10.135,7.72,-12.56,0.600,0
10.136,7.72,-12.56,0.600,0
10.136,7.72,-12.56,0.600,0
10.136,7.72,-12.56,0.600,0
10.136,7.72,-12.60,0.600,0
10.137,7.72,-12.60,0.600,0
10.137,7.72,-12.60,0.600,0
10.137,7.72,-12.60,0.600,0
10.138,7.72,-12.63,0.600,0
10.138,7.72,-12.63,0.600,0
10.138,7.72,-12.63,0.600,0
10.138,7.72,-12.63,0.600,0
10.138,7.72,-12.66,0.600,0
10.139,7.72,-12.66,0.600,0
10.139,7.72,-12.66,0.600,0
10.139,7.72,-12.66,0.600,0
10.140,7.72,-12.69,0.600,0
10.140,7.72,-12.69,0.600,0
10.140,7.72,-12.69,0.600,0
10.140,7.72,-12.69,0.600,0
10.141,7.72,-12.73,0.600,0
10.141,7.72,-12.73,0.600,0
10.141,7.72,-12.73,0.600,0
10.141,7.72,-12.73,0.600,0
10.142,7.72,-12.76,0.600,0
10.142,7.72,-12.76,0.600,0
10.142,7.72,-12.76,0.600,0
10.142,7.72,-12.76,0.600,0
10.143,7.72,-12.79,0.600,0
10.143,7.72,-12.79,0.600,0
10.143,7.72,-12.79,0.600,0
10.143,7.72,-12.79,0.600,0
10.143,7.72,-12.82,0.600,0
10.144,7.72,-12.82,0.600,0
10.144,7.72,-12.82,0.600,0
10.144,7.72,-12.82,0.600,0
10.144,7.72,-12.86,0.600,0
10.145,7.72,-12.86,0.600,0
10.145,7.72,-12.86,0.600,0
10.145,7.72,-12.86,0.600,0
10.146,7.72,-12.89,0.600,0
10.146,7.72,-12.89,0.600,0
10.146,7.72,-12.89,0.600,0
10.146,7.72,-12.89,0.600,0
10.147,7.72,-12.92,0.600,0
10.147,7.72,-12.92,0.600,0
10.147,7.72,-12.92,0.600,0
10.147,7.72,-12.92,0.600,0
10.148,7.72,-12.96,0.600,0
10.148,7.72,-12.96,0.600,0
10.148,7.72,-12.96,0.600,0
10.148,7.72,-12.96,0.600,0
10.149,7.72,-12.99,0.600,0
10.149,7.72,-12.99,0.600,0
10.149,7.72,-12.99,0.600,0
10.149,7.72,-12.99,0.600,0
10.150,7.72,-13.02,0.600,0
10.150,7.72,-13.02,0.600,0
10.150,7.72,-13.02,0.600,0
10.150,7.72,-13.02,0.600,0
10.151,7.72,-13.05,0.600,0
10.151,7.72,-13.05,0.600,0
10.151,7.72,-13.05,0.600,0
10.151,7.72,-13.05,0.600,0
10.152,7.72,-13.09,0.600,0
10.152,7.72,-13.09,0.600,0
10.152,7.72,-13.09,0.600,0
10.152,7.72,-13.12,0.600,0
10.153,7.72,-13.12,0.600,0
10.153,7.72,-13.12,0.600,0
10.153,7.72,-13.12,0.600,0
10.153,7.72,-13.15,0.600,0
10.154,7.72,-13.15,0.600,0
10.154,7.72,-13.15,0.600,0
10.154,7.72,-13.15,0.600,0
10.155,7.72,-13.18,0.600,0
10.155,7.72,-13.18,0.600,0
10.155,7.72,-13.18,0.600,0
10.155,7.72,-13.18,0.600,0
10.155,7.72,-13.22,0.600,0
10.156,7.72,-13.22,0.600,0
10.156,7.72,-13.22,0.600,0
10.156,7.72,-13.22,0.600,0
10.156,7.72,-13.25,0.600,0
10.157,7.72,-13.25,0.600,0
10.157,7.72,-13.25,0.600,0
10.157,7.72,-13.25,0.600,0
10.157,7.72,-13.25,0.600,0
10.158,7.72,-13.28,0.600,0
10.158,7.72,-13.28,0.600,0
10.158,7.72,-13.28,0.600,0
10.158,7.72,-13.28,0.600,0
10.159,7.72,-13.31,0.600,0
10.159,7.72,-13.31,0.600,0
10.159,7.72,-13.31,0.600,0
10.159,7.72,-13.31,0.600,0
10.160,7.72,-13.35,0.600,0
10.160,7.72,-13.35,0.600,0
10.160,7.72,-13.35,0.600,0
10.160,7.72,-13.35,0.600,0
10.160,7.72,-13.38,0.600,0
10.161,7.72,-13.38,0.600,0
10.161,7.72,-13.38,0.600,0
10.161,7.72,-13.38,0.600,0
10.161,7.72,-13.41,0.600,0
10.162,7.72,-13.41,0.600,0
10.162,7.72,-13.41,0.600,0
10.162,7.72,-13.41,0.600,0
10.163,7.72,-13.45,0.600,0
10.163,7.72,-13.45,0.600,0
10.163,7.72,-13.45,0.600,0
10.163,7.72,-13.45,0.600,0
10.164,7.72,-13.48,0.600,0
10.164,7.72,-13.48,0.600,0
10.164,7.72,-13.48,0.600,0
10.164,7.72,-13.48,0.600,0
10.165,7.72,-13.51,0.600,0
10.165,7.72,-13.51,0.600,0
10.165,7.72,-13.51,0.600,0
10.165,7.72,-13.51,0.600,0
10.166,7.72,-13.54,0.600,0
10.166,7.72,-13.54,0.600,0
10.166,7.72,-13.54,0.600,0
10.166,7.72,-13.54,0.600,0
10.167,7.72,-13.58,0.600,0
10.167,7.72,-13.58,0.600,0
10.167,7.72,-13.58,0.600,0
10.167,7.72,-13.61,0.600,0
10.168,7.72,-13.61,0.600,0
10.168,7.72,-13.61,0.600,0
10.168,7.72,-13.61,0.600,0
10.169,7.72,-13.64,0.600,0
10.169,7.72,-13.64,0.600,0
10.169,7.72,-13.64,0.600,0
10.169,7.72,-13.64,0.600,0
10.170,7.72,-13.67,0.600,0
10.170,7.72,-13.67,0.600,0
10.170,7.72,-13.67,0.600,0
10.170,7.72,-13.71,0.600,0
10.171,7.72,-13.71,0.600,0
10.171,7.72,-13.71,0.600,0
10.171,7.72,-13.71,0.600,0
10.171,7.72,-13.74,0.600,0
10.172,7.72,-13.74,0.600,0
10.172,7.72,-13.74,0.600,0
10.172,7.72,-13.74,0.600,0
10.172,7.72,-13.74,0.600,0
10.173,7.72,-13.77,0.600,0
10.173,7.72,-13.77,0.600,0
10.173,7.72,-13.77,0.600,0
10.173,7.72,-13.77,0.600,0
10.174,7.72,-13.80,0.600,0
10.174,7.72,-13.80,0.600,0
10.174,7.72,-13.80,0.600,0
10.174,7.72,-13.80,0.600,0
10.175,7.72,-13.84,0.600,0
10.175,7.72,-13.84,0.600,0
10.175,7.72,-13.84,0.600,0
10.175,7.72,-13.84,0.600,0
10.176,7.72,-13.87,0.600,0
10.176,7.72,-13.87,0.600,0
10.176,7.72,-13.87,0.600,0
10.176,7.72,-13.87,0.600,0
10.177,7.72,-13.90,0.600,0
10.177,7.72,-13.90,0.600,0
10.177,7.72,-13.90,0.600,0
10.177,7.72,-13.90,0.600,0
10.178,7.72,-13.94,0.600,0
10.178,7.72,-13.94,0.600,0
10.178,7.72,-13.94,0.600,0
10.178,7.72,-13.94,0.600,0
10.179,7.72,-13.97,0.600,0
10.179,7.72,-13.97,0.600,0
10.179,7.72,-13.97,0.600,0
10.179,7.72,-13.97,0.600,0
10.179,7.72,-14.00,0.600,0
10.180,7.72,-14.00,0.600,0
10.180,7.72,-14.00,0.600,0
10.180,7.72,-14.00,0.600,0
10.180,7.72,-14.03,0.600,0
10.181,7.72,-14.03,0.600,0
10.181,7.72,-14.03,0.600,0
10.181,7.72,-14.03,0.600,0
10.181,7.72,-14.07,0.600,0
10.182,7.72,-14.07,0.600,0
10.182,7.72,-14.07,0.600,0
10.182,7.72,-14.07,0.600,0
10.183,7.72,-14.10,0.600,0
10.183,7.72,-14.10,0.600,0
10.183,7.72,-14.10,0.600,0
10.183,7.72,-14.10,0.600,0
10.184,7.72,-14.13,0.600,0
10.184,7.72,-14.13,0.600,0
10.184,7.72,-14.13,0.600,0
10.184,7.72,-14.13,0.600,0
10.185,7.72,-14.16,0.600,0
10.185,7.72,-14.16,0.600,0
10.185,7.72,-14.16,0.600,0
10.185,7.72,-14.16,0.600,0
10.186,7.72,-14.20,0.600,0
10.186,7.72,-14.20,0.600,0
10.186,7.72,-14.20,0.600,0
10.186,7.72,-14.20,0.600,0
10.187,7.72,-14.23,0.600,0
10.187,7.72,-14.23,0.600,0
10.187,7.72,-14.23,0.600,0
10.187,7.72,-14.23,0.600,0
10.188,7.72,-14.26,0.600,0
10.188,7.72,-14.26,0.600,0
10.188,7.72,-14.26,0.600,0
10.188,7.72,-14.29,0.600,0
10.189,7.72,-14.29,0.600,0
10.189,7.72,-14.29,0.600,0
10.189,7.72,-14.29,0.600,0
10.189,7.72,-14.33,0.600,0
10.190,7.72,-14.33,0.600,0
10.190,7.72,-14.33,0.600,0
10.190,7.72,-14.33,0.600,0
10.190,7.72,-14.36,0.600,0
10.191,7.72,-14.36,0.600,0
10.191,7.72,-14.36,0.600,0
10.191,7.72,-14.36,0.600,0
10.191,7.72,-14.39,0.600,0
10.192,7.72,-14.39,0.600,0
10.192,7.72,-14.39,0.600,0
10.192,7.72,-14.39,0.600,0
10.192,7.72,-14.43,0.600,0
10.193,7.72,-14.43,0.600,0
10.193,7.72,-14.43,0.600,0
10.193,7.72,-14.43,0.600,0
10.193,7.72,-14.46,0.600,0
10.194,7.72,-14.46,0.600,0
10.194,7.72,-14.46,0.600,0
10.194,7.72,-14.46,0.600,0
10.194,7.72,-14.49,0.600,0
10.195,7.72,-14.49,0.600,0
10.195,7.72,-14.49,0.600,0
10.195,7.72,-14.49,0.600,0
10.195,7.72,-14.52,0.600,0
10.196,7.72,-14.52,0.600,0
10.196,7.72,-14.52,0.600,0
10.196,7.72,-14.52,0.600,0
10.197,7.72,-14.56,0.600,0
10.197,7.72,-14.56,0.600,0
10.197,7.72,-14.56,0.600,0
10.197,7.72,-14.56,0.600,0
10.198,7.72,-14.59,0.600,0
10.198,7.72,-14.59,0.600,0
10.198,7.72,-14.59,0.600,0
10.198,7.72,-14.59,0.600,0
10.198,7.72,-14.62,0.600,0
10.199,7.72,-14.62,0.600,0
10.199,7.72,-14.62,0.600,0
10.199,7.72,-14.62,0.600,0
10.200,7.72,-14.65,0.600,0
10.200,7.72,-14.65,0.600,0
10.200,7.72,-14.65,0.600,0
10.200,7.72,-14.65,0.600,0
10.201,7.72,-14.69,0.600,0
10.201,7.72,-14.69,0.600,0
10.201,7.72,-14.69,0.600,0
10.201,7.72,-14.72,0.600,0
10.202,7.72,-14.72,0.600,0
10.202,7.72,-14.72,0.600,0
10.202,7.72,-14.72,0.600,0
10.202,7.72,-14.75,0.600,0
10.203,7.72,-14.75,0.600,0
10.203,7.72,-14.75,0.600,0
10.203,7.72,-14.75,0.600,0
10.204,7.72,-14.78,0.600,0
10.204,7.72,-14.78,0.600,0
10.204,7.72,-14.78,0.600,0
10.204,7.72,-14.78,0.600,0
10.204,7.72,-14.82,0.600,0
10.205,7.72,-14.82,0.600,0
10.205,7.72,-14.82,0.600,0
10.205,7.72,-14.82,0.600,0
10.205,7.72,-14.82,0.600,0
10.206,7.72,-14.85,0.600,0
10.206,7.72,-14.85,0.600,0
10.206,7.72,-14.85,0.600,0
10.206,7.72,-14.88,0.600,0
10.207,7.72,-14.88,0.600,0
10.207,7.72,-14.88,0.600,0
10.207,7.72,-14.88,0.600,0
10.207,7.72,-14.91,0.600,0
10.208,7.72,-14.91,0.600,0
10.208,7.72,-14.91,0.600,0
10.208,7.72,-14.91,0.600,0
10.208,7.72,-14.95,0.600,0
10.209,7.72,-14.95,0.600,0
10.209,7.72,-14.95,0.600,0
10.209,7.72,-14.95,0.600,0
10.209,7.72,-14.98,0.600,0
10.210,7.72,-14.98,0.600,0
10.210,7.72,-14.98,0.600,0
10.210,7.72,-14.98,0.600,0
10.210,7.72,-15.01,0.600,0
10.211,7.72,-15.01,0.600,0
10.211,7.72,-15.01,0.600,0
10.211,7.72,-15.01,0.600,0
10.211,7.72,-15.01,0.600,0
10.212,7.72,-15.05,0.600,0
10.212,7.72,-15.05,0.600,0
10.212,7.72,-15.05,0.600,0
10.212,7.72,-15.05,0.600,0
10.213,7.72,-15.08,0.600,0
10.213,7.72,-15.08,0.600,0
10.213,7.72,-15.08,0.600,0
10.213,7.72,-15.08,0.600,0
10.213,7.72,-15.11,0.600,0
10.214,7.72,-15.11,0.600,0
10.214,7.72,-15.11,0.600,0
10.214,7.72,-15.11,0.600,0
10.214,7.72,-15.14,0.600,0
10.215,7.72,-15.14,0.600,0
10.215,7.72,-15.14,0.600,0
10.215,7.72,-15.14,0.600,0
10.216,7.72,-15.18,0.600,0
10.216,7.72,-15.18,0.600,0
10.216,7.72,-15.18,0.600,0
10.216,7.72,-15.18,0.600,0
10.217,7.72,-15.21,0.600,0
10.217,7.72,-15.21,0.600,0
10.217,7.72,-15.21,0.600,0
10.217,7.72,-15.21,0.600,0
10.217,7.72,-15.24,0.600,0
10.218,7.72,-15.24,0.600,0
10.218,7.72,-15.24,0.600,0
10.218,7.72,-15.24,0.600,0
10.218,7.72,-15.27,0.600,0
10.219,7.72,-15.27,0.600,0
10.219,7.72,-15.27,0.600,0
10.219,7.72,-15.27,0.600,0
10.219,7.72,-15.27,0.600,0
10.220,7.72,-15.31,0.600,0
10.220,7.72,-15.31,0.600,0
10.220,7.72,-15.31,0.600,0
10.220,7.72,-15.31,0.600,0
10.220,7.72,-15.34,0.600,0
10.221,7.72,-15.34,0.600,0
10.221,7.72,-15.34,0.600,0
10.221,7.72,-15.34,0.600,0
10.221,7.72,-15.34,0.600,0
10.222,7.72,-15.37,0.600,0
10.222,7.72,-15.37,0.600,0
10.222,7.72,-15.37,0.600,0
10.222,7.72,-15.37,0.600,0
10.223,7.72,-15.41,0.600,0
10.223,7.72,-15.41,0.600,0
10.223,7.72,-15.41,0.600,0
10.223,7.72,-15.41,0.600,0
10.224,7.72,-15.44,0.600,0
10.224,7.72,-15.44,0.600,0
10.224,7.72,-15.44,0.600,0
10.224,7.72,-15.44,0.600,0
10.225,7.72,-15.47,0.600,0
10.225,7.72,-15.47,0.600,0
10.225,7.72,-15.47,0.600,0
10.225,7.72,-15.50,0.600,0
10.226,7.72,-15.50,0.600,0
10.226,7.72,-15.50,0.600,0
10.226,7.72,-15.50,0.600,0
10.226,7.72,-15.50,0.600,0
10.227,7.72,-15.54,0.600,0
10.227,7.72,-15.54,0.600,0
10.227,7.72,-15.54,0.600,0
10.227,7.72,-15.57,0.600,0
10.228,7.72,-15.57,0.600,0
10.228,7.72,-15.57,0.600,0
10.228,7.72,-15.57,0.600,0
10.228,7.72,-15.60,0.600,0
10.229,7.72,-15.60,0.600,0
10.229,7.72,-15.60,0.600,0
10.229,7.72,-15.60,0.600,0
10.230,7.72,-15.60,0.600,0
10.230,7.72,-15.63,0.600,0
10.230,7.72,-15.63,0.600,0
10.230,7.72,-15.67,0.600,0
10.231,7.72,-15.67,0.600,0
10.231,7.72,-15.67,0.600,0
10.231,7.72,-15.67,0.600,0
10.232,7.72,-15.70,0.600,0
10.232,7.72,-15.70,0.600,0
10.232,7.72,-15.70,0.600,0
10.232,7.72,-15.70,0.600,0
10.233,7.72,-15.73,0.600,0
10.233,7.72,-15.73,0.600,0
10.233,7.72,-15.73,0.600,0
10.234,7.72,-15.76,0.600,0
10.234,7.72,-15.76,0.600,0
10.234,7.72,-15.76,0.600,0
10.234,7.72,-15.76,0.600,0
10.235,7.72,-15.80,0.600,0
10.235,7.72,-15.80,0.600,0
10.235,7.72,-15.80,0.600,0
10.235,7.72,-15.83,0.600,0
10.236,7.72,-15.83,0.600,0
10.236,7.72,-15.83,0.600,0
10.236,7.72,-15.83,0.600,0
10.236,7.72,-15.86,0.600,0
10.237,7.72,-15.86,0.600,0
10.237,7.72,-15.86,0.600,0
10.237,7.72,-15.86,0.600,0
10.238,7.72,-15.90,0.600,0
10.238,7.72,-15.90,0.600,0
10.238,7.72,-15.90,0.600,0
10.238,7.72,-15.93,0.600,0
10.239,7.72,-15.93,0.600,0
10.239,7.72,-15.93,0.600,0
10.239,7.72,-15.93,0.600,0
10.239,7.72,-15.96,0.600,0
10.240,7.72,-15.96,0.600,0
10.240,7.72,-15.96,0.600,0
10.240,7.72,-15.96,0.600,0
10.240,7.72,-15.96,0.600,0
10.241,7.72,-15.99,0.600,0
10.241,7.72,-15.99,0.600,0
10.241,7.72,-15.99,0.600,0
10.241,7.72,-15.99,0.600,0
10.242,7.72,-16.03,0.600,0
10.242,7.72,-16.03,0.600,0
10.242,7.72,-16.03,0.600,0
10.242,7.72,-16.06,0.600,0
10.243,7.72,-16.06,0.600,0
10.243,7.72,-16.06,0.600,0
10.243,7.72,-16.06,0.600,0
10.243,7.72,-16.09,0.600,0
10.244,7.72,-16.09,0.600,0
10.244,7.72,-16.09,0.600,0
10.244,7.72,-16.09,0.600,0
10.244,7.72,-16.09,0.600,0
10.245,7.72,-16.12,0.600,0
10.245,7.72,-16.12,0.600,0
10.245,7.72,-16.12,0.600,0
10.245,7.72,-16.12,0.600,0
10.246,7.72,-16.16,0.600,0
10.246,7.72,-16.16,0.600,0
10.246,7.72,-16.16,0.600,0
10.246,7.72,-16.19,0.600,0
10.247,7.72,-16.19,0.600,0
10.247,7.72,-16.19,0.600,0
10.248,7.72,-16.22,0.600,0
10.248,7.72,-16.22,0.600,0
10.248,7.72,-16.22,0.600,0
10.248,7.72,-16.25,0.600,0
10.249,7.72,-16.25,0.600,0
10.249,7.72,-16.25,0.600,0
10.249,7.72,-16.25,0.600,0
10.249,7.72,-16.29,0.600,0
10.250,7.72,-16.29,0.600,0
10.250,7.72,-16.29,0.600,0
10.250,7.72,-16.29,0.600,0
10.250,7.72,-16.32,0.600,0
10.251,7.72,-16.32,0.600,0
10.251,7.72,-16.32,0.600,0
10.251,7.72,-16.32,0.600,0
10.251,7.72,-16.35,0.600,0
10.252,7.72,-16.35,0.600,0
10.252,7.72,-16.35,0.600,0
10.252,7.72,-16.39,0.600,0
10.253,7.72,-16.39,0.600,0
10.253,7.72,-16.39,0.600,0
10.253,7.72,-16.39,0.600,0
10.253,7.72,-16.42,0.600,0
10.254,7.72,-16.42,0.600,0
10.254,7.72,-16.42,0.600,0
10.254,7.72,-16.45,0.600,0
10.255,7.72,-16.45,0.600,0
10.255,7.72,-16.45,0.600,0
10.255,7.72,-16.45,0.600,0
10.255,7.72,-16.45,0.600,0
10.256,7.72,-16.48,0.600,0
10.256,7.72,-16.48,0.600,0
10.256,7.72,-16.48,0.600,0
10.256,7.72,-16.48,0.600,0
10.256,7.72,-16.52,0.600,0
10.257,7.72,-16.52,0.600,0
10.257,7.72,-16.52,0.600,0
10.257,7.72,-16.52,0.600,0
10.257,7.72,-16.55,0.600,0
10.258,7.72,-16.55,0.600,0
10.258,7.72,-16.55,0.600,0
10.258,7.72,-16.55,0.600,0
10.259,7.72,-16.58,0.600,0
10.259,7.72,-16.58,0.600,0
10.259,7.72,-16.58,0.600,0
10.259,7.72,-16.61,0.600,0
10.260,7.72,-16.61,0.600,0
10.260,7.72,-16.61,0.600,0
10.260,7.72,-16.61,0.600,0
10.260,7.72,-16.61,0.600,0
10.261,7.72,-16.65,0.600,0
10.261,7.72,-16.65,0.600,0
10.261,7.72,-16.65,0.600,0
10.261,7.72,-16.68,0.600,0
10.262,7.72,-16.68,0.600,0
10.262,7.72,-16.68,0.600,0
10.262,7.72,-16.68,0.600,0
10.262,7.72,-16.68,0.600,0
10.263,7.72,-16.71,0.600,0
10.263,7.72,-16.71,0.600,0
10.263,7.72,-16.71,0.600,0
10.263,7.72,-16.71,0.600,0
10.264,7.72,-16.74,0.600,0
10.264,7.72,-16.74,0.600,0
10.264,7.72,-16.74,0.600,0
10.264,7.72,-16.74,0.600,0
10.265,7.72,-16.78,0.600,0
10.265,7.72,-16.78,0.600,0
10.265,7.72,-16.81,0.600,0
10.266,7.72,-16.81,0.600,0
10.266,7.72,-16.81,0.600,0
10.266,7.72,-16.81,0.600,0
10.267,7.72,-16.84,0.600,0
10.267,7.72,-16.84,0.600,0
10.267,7.72,-16.84,0.600,0
10.267,7.72,-16.88,0.600,0
10.268,7.72,-16.88,0.600,0
10.268,7.72,-16.88,0.600,0
10.268,7.72,-16.88,0.600,0
10.268,7.72,-16.91,0.600,0
10.269,7.72,-16.91,0.600,0
10.269,7.72,-16.91,0.600,0
10.269,7.72,-16.91,0.600,0
10.269,7.72,-16.94,0.600,0
10.270,7.72,-16.94,0.600,0
10.270,7.72,-16.94,0.600,0
10.270,7.72,-16.94,0.600,0
10.270,7.72,-16.97,0.600,0
10.271,7.72,-16.97,0.600,0
10.271,7.72,-16.97,0.600,0
10.271,7.72,-16.97,0.600,0
10.271,7.72,-17.01,0.600,0
10.272,7.72,-17.01,0.600,0
10.272,7.72,-17.01,0.600,0
10.272,7.72,-17.01,0.600,0
10.273,7.72,-17.04,0.600,0
10.273,7.72,-17.04,0.600,0
10.273,7.72,-17.04,0.600,0
10.273,7.72,-17.07,0.600,0
10.274,7.72,-17.07,0.600,0
10.274,7.72,-17.07,0.600,0
10.274,7.72,-17.07,0.600,0
10.274,7.72,-17.07,0.600,0
10.275,7.72,-17.10,0.600,0
10.275,7.72,-17.10,0.600,0
10.275,7.72,-17.10,0.600,0
10.275,7.72,-17.10,0.600,0
10.276,7.72,-17.14,0.600,0
10.276,7.72,-17.14,0.600,0
10.276,7.72,-17.14,0.600,0
10.276,7.72,-17.17,0.600,0
10.277,7.72,-17.17,0.600,0
10.277,7.72,-17.17,0.600,0
10.277,7.72,-17.17,0.600,0
10.277,7.72,-17.17,0.600,0
10.278,7.72,-17.20,0.600,0
10.278,7.72,-17.20,0.600,0
10.278,7.72,-17.20,0.600,0
10.278,7.72,-17.23,0.600,0
10.279,7.72,-17.23,0.600,0
10.279,7.72,-17.23,0.600,0
10.279,7.72,-17.23,0.600,0
10.280,7.72,-17.27,0.600,0
10.280,7.72,-17.27,0.600,0
10.280,7.72,-17.27,0.600,0
10.280,7.72,-17.27,0.600,0
10.281,7.72,-17.30,0.600,0
10.281,7.72,-17.30,0.600,0
10.281,7.72,-17.30,0.600,0
10.281,7.72,-17.33,0.600,0
10.282,7.72,-17.33,0.600,0
10.282,7.72,-17.33,0.600,0
10.282,7.72,-17.33,0.600,0
10.282,7.72,-17.33,0.600,0
10.283,7.72,-17.37,0.600,0
10.283,7.72,-17.37,0.600,0
10.283,7.72,-17.37,0.600,0
10.283,7.72,-17.37,0.600,0
10.284,7.72,-17.40,0.600,0
10.284,7.72,-17.40,0.600,0
10.284,7.72,-17.40,0.600,0
10.285,7.72,-17.43,0.600,0
10.285,7.72,-17.43,0.600,0
10.285,7.72,-17.43,0.600,0
10.285,7.72,-17.43,0.600,0
10.286,7.72,-17.46,0.600,0
10.286,7.72,-17.46,0.600,0
10.286,7.72,-17.50,0.600,0
10.287,7.72,-17.50,0.600,0
10.287,7.72,-17.50,0.600,0
10.287,7.72,-17.50,0.600,0
10.288,7.72,-17.53,0.600,0
10.288,7.72,-17.53,0.600,0
10.288,7.72,-17.53,0.600,0
10.288,7.72,-17.53,0.600,0
10.289,7.72,-17.56,0.600,0
10.289,7.72,-17.56,0.600,0
10.289,7.72,-17.56,0.600,0
10.289,7.72,-17.56,0.600,0
10.290,7.72,-17.59,0.600,0
10.290,7.72,-17.59,0.600,0
10.290,7.72,-17.59,0.600,0
10.290,7.72,-17.59,0.600,0
10.291,7.72,-17.63,0.600,0
10.291,7.72,-17.63,0.600,0
10.291,7.72,-17.63,0.600,0
10.291,7.72,-17.63,0.600,0
10.292,7.72,-17.66,0.600,0
10.292,7.72,-17.66,0.600,0
10.292,7.72,-17.66,0.600,0
10.292,7.72,-17.69,0.600,0
10.293,7.72,-17.69,0.600,0
10.293,7.72,-17.69,0.600,0
10.293,7.72,-17.69,0.600,0
10.294,7.72,-17.72,0.600,0
10.294,7.72,-17.72,0.600,0
10.294,7.72,-17.72,0.600,0
10.295,7.72,-17.76,0.600,0
10.295,7.72,-17.76,0.600,0
10.295,7.72,-17.76,0.600,0
10.295,7.72,-17.76,0.600,0
10.296,7.72,-17.79,0.600,0
10.296,7.72,-17.79,0.600,0
10.296,7.72,-17.79,0.600,0
10.296,7.72,-17.82,0.600,0
10.297,7.72,-17.82,0.600,0
10.297,7.72,-17.82,0.600,0
10.297,7.72,-17.82,0.600,0
10.297,7.72,-17.86,0.600,0
10.298,7.72,-17.86,0.600,0
10.298,7.72,-17.86,0.600,0
10.298,7.72,-17.86,0.600,0
10.299,7.72,-17.89,0.600,0
10.299,7.72,-17.89,0.600,0
10.299,7.72,-17.89,0.600,0
10.299,7.72,-17.92,0.600,0
10.300,7.72,-17.92,0.600,0
10.300,7.72,-17.92,0.600,0
10.300,7.72,-17.92,0.600,0
10.301,7.72,-17.95,0.600,0
10.301,7.72,-17.95,0.600,0
10.301,7.72,-17.95,0.600,0
10.301,7.72,-17.99,0.600,0
10.302,7.72,-17.99,0.600,0
10.302,7.72,-17.99,0.600,0
10.302,7.72,-18.02,0.600,0
10.303,7.72,-18.02,0.600,0
10.303,7.72,-18.02,0.600,0
10.303,7.72,-18.02,0.600,0
10.303,7.72,-18.02,0.600,0
10.304,7.72,-18.05,0.600,0
10.304,7.72,-18.05,0.600,0
10.304,7.72,-18.05,0.600,0
10.304,7.72,-18.08,0.600,0
10.305,7.72,-18.08,0.600,0
10.305,7.72,-18.08,0.600,0
10.305,7.72,-18.08,0.600,0
10.305,7.72,-18.12,0.600,0
10.306,7.72,-18.12,0.600,0
10.306,7.72,-18.12,0.600,0
10.306,7.72,-18.12,0.600,0
10.307,7.72,-18.15,0.600,0
10.307,7.72,-18.15,0.600,0
10.307,7.72,-18.15,0.600,0
10.307,7.72,-18.18,0.600,0
10.308,7.72,-18.18,0.600,0
10.308,7.72,-18.18,0.600,0
10.308,7.72,-18.18,0.600,0
10.308,7.72,-18.21,0.600,0
10.309,7.72,-18.21,0.600,0
10.309,7.72,-18.21,0.600,0
10.309,7.72,-18.21,0.600,0
10.309,7.72,-18.25,0.600,0
10.310,7.72,-18.25,0.600,0
10.310,7.72,-18.25,0.600,0
10.310,7.72,-18.28,0.600,0
10.311,7.72,-18.28,0.600,0
10.311,7.72,-18.28,0.600,0
10.311,7.72,-18.28,0.600,0
10.311,7.72,-18.31,0.600,0
10.312,7.72,-18.31,0.600,0
10.312,7.72,-18.31,0.600,0
10.312,7.72,-18.31,0.600,0
10.312,7.72,-18.35,0.600,0
10.313,7.72,-18.35,0.600,0
10.313,7.72,-18.35,0.600,0
10.313,7.72,-18.35,0.600,0
10.314,7.72,-18.38,0.600,0
10.314,7.72,-18.38,0.600,0
10.314,7.72,-18.38,0.600,0
10.314,7.72,-18.38,0.600,0
10.315,7.72,-18.41,0.600,0
10.315,7.72,-18.41,0.600,0
10.315,7.72,-18.41,0.600,0
10.315,7.72,-18.41,0.600,0
10.316,7.72,-18.44,0.600,0
10.316,7.72,-18.44,0.600,0
10.316,7.72,-18.44,0.600,0
10.316,7.72,-18.44,0.600,0
10.316,7.72,-18.48,0.600,0
10.317,7.72,-18.48,0.600,0
10.317,7.72,-18.48,0.600,0
10.317,7.72,-18.48,0.600,0
10.317,7.72,-18.51,0.600,0
10.318,7.72,-18.51,0.600,0
10.318,7.72,-18.51,0.600,0
10.318,7.72,-18.51,0.600,0
10.319,7.72,-18.54,0.600,0
10.319,7.72,-18.54,0.600,0
10.320,7.72,-18.57,0.600,0
10.320,7.72,-18.57,0.600,0
10.320,7.72,-18.57,0.600,0
10.321,7.72,-18.61,0.600,0
10.321,7.72,-18.61,0.600,0
10.321,7.72,-18.61,0.600,0
10.321,7.72,-18.64,0.600,0
10.322,7.72,-18.64,0.600,0
10.322,7.72,-18.64,0.600,0
10.322,7.72,-18.64,0.600,0
10.322,7.72,-18.67,0.600,0
10.323,7.72,-18.67,0.600,0
10.323,7.72,-18.67,0.600,0
10.323,7.72,-18.67,0.600,0
10.323,7.72,-18.70,0.600,0
10.324,7.72,-18.70,0.600,0
10.324,7.72,-18.70,0.600,0
10.324,7.72,-18.70,0.600,0
10.324,7.72,-18.74,0.600,0
10.325,7.72,-18.74,0.600,0
10.325,7.72,-18.74,0.600,0
10.325,7.72,-18.74,0.600,0
10.325,7.72,-18.77,0.600,0
10.326,7.72,-18.77,0.600,0
10.326,7.72,-18.77,0.600,0
10.326,7.72,-18.77,0.600,0
10.327,7.72,-18.80,0.600,0
10.327,7.72,-18.80,0.600,0
10.327,7.72,-18.80,0.600,0
10.327,7.72,-18.84,0.600,0
10.328,7.72,-18.84,0.600,0
10.328,7.72,-18.84,0.600,0
10.328,7.72,-18.84,0.600,0
10.328,7.72,-18.87,0.600,0
10.329,7.72,-18.87,0.600,0
10.329,7.72,-18.87,0.600,0
10.329,7.72,-18.87,0.600,0
10.329,7.72,-18.90,0.600,0
10.330,7.72,-18.90,0.600,0
10.330,7.72,-18.90,0.600,0
10.330,7.72,-18.90,0.600,0
10.331,7.72,-18.93,0.600,0
10.331,7.72,-18.93,0.600,0
10.331,7.72,-18.93,0.600,0
10.331,7.72,-18.93,0.600,0
10.332,7.72,-18.97,0.600,0
10.332,7.72,-18.97,0.600,0
10.332,7.72,-18.97,0.600,0
10.332,7.72,-18.97,0.600,0
10.333,7.72,-19.00,0.600,0
10.333,7.72,-19.00,0.600,0
10.333,7.72,-19.00,0.600,0
10.333,7.72,-19.00,0.600,0
10.334,7.72,-19.03,0.600,0
10.334,7.72,-19.03,0.600,0
10.334,7.72,-19.03,0.600,0
10.334,7.72,-19.03,0.600,0
10.335,7.72,-19.06,0.600,0
10.335,7.72,-19.06,0.600,0
10.335,7.72,-19.06,0.600,0
10.335,7.72,-19.06,0.600,0
10.336,7.72,-19.10,0.600,0
10.336,7.72,-19.10,0.600,0
10.336,7.72,-19.10,0.600,0
10.336,7.72,-19.10,0.600,0
10.337,7.72,-19.13,0.600,0
10.337,7.72,-19.13,0.600,0
10.337,7.72,-19.13,0.600,0
10.337,7.72,-19.13,0.600,0
10.338,7.72,-19.16,0.600,0
10.338,7.72,-19.16,0.600,0
10.338,7.72,-19.16,0.600,0
10.338,7.72,-19.16,0.600,0
10.339,7.72,-19.20,0.600,0
10.339,7.72,-19.20,0.600,0
10.339,7.72,-19.20,0.600,0
10.339,7.72,-19.20,0.600,0
10.339,7.72,-19.23,0.600,0
10.340,7.72,-19.23,0.600,0
10.340,7.72,-19.23,0.600,0
10.340,7.72,-19.23,0.600,0
10.340,7.72,-19.26,0.600,0
10.341,7.72,-19.26,0.600,0
10.341,7.72,-19.26,0.600,0
10.341,7.72,-19.26,0.600,0
10.342,7.72,-19.29,0.600,0
10.342,7.72,-19.29,0.600,0
10.342,7.72,-19.29,0.600,0
10.342,7.72,-19.33,0.600,0
10.343,7.72,-19.33,0.600,0
10.343,7.72,-19.33,0.600,0
10.343,7.72,-19.33,0.600,0
10.343,7.72,-19.36,0.600,0
10.344,7.72,-19.36,0.600,0
10.344,7.72,-19.36,0.600,0
10.344,7.72,-19.36,0.600,0
10.344,7.72,-19.39,0.600,0
10.345,7.72,-19.39,0.600,0
10.345,7.72,-19.39,0.600,0
10.345,7.72,-19.39,0.600,0
10.345,7.72,-19.39,0.600,0
10.346,7.72,-19.42,0.600,0
10.346,7.72,-19.42,0.600,0
10.346,7.72,-19.42,0.600,0
10.346,7.72,-19.42,0.600,0
10.347,7.72,-19.46,0.600,0
10.347,7.72,-19.46,0.600,0
10.347,7.72,-19.46,0.600,0
10.347,7.72,-19.46,0.600,0
10.348,7.72,-19.49,0.600,0
10.348,7.72,-19.49,0.600,0
10.348,7.72,-19.49,0.600,0
10.348,7.72,-19.49,0.600,0
10.349,7.72,-19.52,0.600,0
10.349,7.72,-19.52,0.600,0
10.349,7.72,-19.52,0.600,0
10.349,7.72,-19.55,0.600,0
10.350,7.72,-19.55,0.600,0
10.350,7.72,-19.55,0.600,0
10.350,7.72,-19.55,0.600,0
10.351,7.72,-19.59,0.600,0
10.351,7.72,-19.59,0.600,0
10.351,7.72,-19.59,0.600,0
10.351,7.72,-19.59,0.600,0
10.351,7.72,-19.62,0.600,0
10.352,7.72,-19.62,0.600,0
10.352,7.72,-19.62,0.600,0
10.352,7.72,-19.62,0.600,0
10.352,7.72,-19.65,0.600,0
10.353,7.72,-19.65,0.600,0
10.353,7.72,-19.65,0.600,0
10.353,7.72,-19.65,0.600,0
10.353,7.72,-19.65,0.600,0
10.354,7.72,-19.69,0.600,0
10.354,7.72,-19.69,0.600,0
10.354,7.72,-19.69,0.600,0
10.355,7.72,-19.72,0.600,0
10.355,7.72,-19.72,0.600,0
10.355,7.72,-19.72,0.600,0
10.355,7.72,-19.72,0.600,0
10.356,7.72,-19.75,0.600,0
10.356,7.72,-19.75,0.600,0
10.356,7.72,-19.75,0.600,0
10.356,7.72,-19.75,0.600,0
10.357,7.72,-19.78,0.600,0
10.357,7.72,-19.78,0.600,0
10.357,7.72,-19.78,0.600,0
10.357,7.72,-19.78,0.600,0
10.358,7.72,-19.82,0.600,0
10.358,7.72,-19.82,0.600,0
10.358,7.72,-19.82,0.600,0
10.358,7.72,-19.82,0.600,0
10.358,7.72,-19.85,0.600,0
10.359,7.72,-19.85,0.600,0
10.359,7.72,-19.85,0.600,0
10.359,7.72,-19.85,0.600,0
10.359,7.72,-19.85,0.600,0
10.360,7.72,-19.88,0.600,0
10.360,7.72,-19.88,0.600,0
10.360,7.72,-19.88,0.600,0
10.360,7.72,-19.88,0.600,0
10.361,7.72,-19.91,0.600,0
10.361,7.72,-19.91,0.600,0
10.361,7.72,-19.91,0.600,0
10.361,7.72,-19.91,0.600,0
10.362,7.72,-19.95,0.600,0
10.362,7.72,-19.95,0.600,0
10.362,7.72,-19.95,0.600,0
10.362,7.72,-19.98,0.600,0
10.363,7.72,-19.98,0.600,0
10.363,7.72,-19.98,0.600,0
10.363,7.72,-19.98,0.600,0
10.363,7.72,-20.01,0.600,0
10.364,7.72,-20.01,0.600,0
10.364,7.72,-20.01,0.600,0
10.364,7.72,-20.01,0.600,0
10.364,7.72,-20.04,0.600,0
10.365,7.72,-20.04,0.600,0
10.365,7.72,-20.04,0.600,0
10.365,7.72,-20.04,0.600,0
10.365,7.72,-20.08,0.600,0
10.366,7.72,-20.08,0.600,0
10.366,7.72,-20.08,0.600,0
10.366,7.72,-20.08,0.600,0
10.366,7.72,-20.11,0.600,0
10.367,7.72,-20.11,0.600,0
10.367,7.72,-20.11,0.600,0
10.367,7.72,-20.11,0.600,0
10.367,7.72,-20.14,0.600,0
10.368,7.72,-20.14,0.600,0
10.368,7.72,-20.14,0.600,0
10.368,7.72,-20.14,0.600,0
10.368,7.72,-20.18,0.600,0
10.369,7.72,-20.18,0.600,0
10.369,7.72,-20.18,0.600,0
10.369,7.72,-20.18,0.600,0
10.369,7.72,-20.21,0.600,0
10.370,7.72,-20.21,0.600,0
10.370,7.72,-20.21,0.600,0
10.370,7.72,-20.21,0.600,0
10.370,7.72,-20.21,0.600,0
10.371,7.72,-20.24,0.600,0
10.371,7.72,-20.24,0.600,0
10.371,7.72,-20.24,0.600,0
10.371,7.72,-20.24,0.600,0
10.372,7.72,-20.27,0.600,0
10.372,7.72,-20.27,0.600,0
10.372,7.72,-20.27,0.600,0
10.372,7.72,-20.27,0.600,0
10.372,7.72,-20.31,0.600,0
10.373,7.72,-20.31,0.600,0
10.373,7.72,-20.31,0.600,0
10.373,7.72,-20.31,0.600,0
10.374,7.72,-20.34,0.600,0
10.374,7.72,-20.34,0.600,0
10.374,7.72,-20.34,0.600,0
10.374,7.72,-20.34,0.600,0
10.374,7.72,-20.37,0.600,0
10.375,7.72,-20.37,0.600,0
10.375,7.72,-20.37,0.600,0
10.375,7.72,-20.37,0.600,0
10.375,7.72,-20.40,0.600,0
10.376,7.72,-20.40,0.600,0
10.376,7.72,-20.40,0.600,0
10.376,7.72,-20.40,0.600,0
10.376,7.72,-20.40,0.600,0
10.377,7.72,-20.44,0.600,0
10.377,7.72,-20.44,0.600,0
10.377,7.72,-20.44,0.600,0
10.377,7.72,-20.47,0.600,0
10.378,7.72,-20.47,0.600,0
10.378,7.72,-20.47,0.600,0
10.378,7.72,-20.47,0.600,0
10.378,7.72,-20.50,0.600,0
10.379,7.72,-20.50,0.600,0
10.379,7.72,-20.50,0.600,0
10.379,7.72,-20.50,0.600,0
10.379,7.72,-20.53,0.600,0
10.380,7.72,-20.53,0.600,0
10.380,7.72,-20.53,0.600,0
10.380,7.72,-20.53,0.600,0
10.380,7.72,-20.57,0.600,0
10.381,7.72,-20.57,0.600,0
10.381,7.72,-20.57,0.600,0
10.381,7.72,-20.57,0.600,0
10.381,7.72,-20.57,0.600,0
10.382,7.72,-20.60,0.600,0
10.382,7.72,-20.60,0.600,0
10.382,7.72,-20.60,0.600,0
10.382,7.72,-20.60,0.600,0
10.383,7.72,-20.63,0.600,0
10.383,7.72,-20.63,0.600,0
10.383,7.72,-20.63,0.600,0
10.383,7.72,-20.63,0.600,0
10.384,7.72,-20.67,0.600,0
10.384,7.72,-20.67,0.600,0
10.384,7.72,-20.67,0.600,0
10.384,7.72,-20.67,0.600,0
10.384,7.72,-20.70,0.600,0
10.385,7.72,-20.70,0.600,0
10.385,7.72,-20.70,0.600,0
10.385,7.72,-20.70,0.600,0
10.386,7.72,-20.73,0.600,0
10.386,7.72,-20.73,0.600,0
10.386,7.72,-20.73,0.600,0
10.386,7.72,-20.73,0.600,0
10.386,7.72,-20.76,0.600,0
10.387,7.72,-20.76,0.600,0
10.387,7.72,-20.76,0.600,0
10.387,7.72,-20.76,0.600,0
10.387,7.72,-20.80,0.600,0
10.388,7.72,-20.80,0.600,0
10.388,7.72,-20.80,0.600,0
10.388,7.72,-20.80,0.600,0
10.388,7.72,-20.83,0.600,0
10.389,7.72,-20.83,0.600,0
10.389,7.72,-20.83,0.600,0
10.389,7.72,-20.83,0.600,0
10.389,7.72,-20.86,0.600,0
10.390,7.72,-20.86,0.600,0
10.390,7.72,-20.86,0.600,0
10.390,7.72,-20.86,0.600,0
10.390,7.72,-20.86,0.600,0
10.391,7.72,-20.89,0.600,0
10.391,7.72,-20.89,0.600,0
10.391,7.72,-20.89,0.600,0
10.391,7.72,-20.93,0.600,0
10.392,7.72,-20.93,0.600,0
10.392,7.72,-20.93,0.600,0
10.392,7.72,-20.93,0.600,0
10.392,7.72,-20.93,0.600,0
10.392,7.72,-20.96,0.600,0
10.393,7.72,-20.96,0.600,0
10.393,7.72,-20.96,0.600,0
10.393,7.72,-20.96,0.600,0
10.393,7.72,-20.99,0.600,0
10.394,7.72,-20.99,0.600,0
10.394,7.72,-20.99,0.600,0
10.394,7.72,-20.99,0.600,0
10.395,7.72,-21.03,0.600,0
10.395,7.72,-21.03,0.600,0
10.395,7.72,-21.03,0.600,0
10.395,7.72,-21.03,0.600,0
10.396,7.72,-21.06,0.600,0
10.396,7.72,-21.06,0.600,0
10.396,7.72,-21.06,0.600,0
10.396,7.72,-21.09,0.600,0
10.397,7.72,-21.09,0.600,0
10.397,7.72,-21.09,0.600,0
10.397,7.72,-21.09,0.600,0
10.397,7.72,-21.12,0.600,0
10.398,7.72,-21.12,0.600,0
10.398,7.72,-21.12,0.600,0
10.398,7.72,-21.12,0.600,0
10.398,7.72,-21.16,0.600,0
10.399,7.72,-21.16,0.600,0
10.399,7.72,-21.16,0.600,0
10.399,7.72,-21.16,0.600,0
10.399,7.72,-21.19,0.600,0
10.400,7.72,-21.19,0.600,0
10.400,7.72,-21.19,0.600,0
10.400,7.72,-21.19,0.600,0
10.401,7.72,-21.22,0.600,0
10.401,7.72,-21.22,0.600,0
10.401,7.72,-21.22,0.600,0
10.401,7.72,-21.22,0.600,0
10.402,7.72,-21.25,0.600,0
10.402,7.72,-21.25,0.600,0
10.402,7.72,-21.25,0.600,0
10.402,7.72,-21.29,0.600,0
10.403,7.72,-21.29,0.600,0
10.403,7.72,-21.29,0.600,0
10.403,7.72,-21.29,0.600,0
10.403,7.72,-21.32,0.600,0
10.404,7.72,-21.32,0.600,0
10.404,7.72,-21.32,0.600,0
10.404,7.72,-21.32,0.600,0
10.404,7.72,-21.35,0.600,0
10.405,7.72,-21.35,0.600,0
10.405,7.72,-21.35,0.600,0
10.405,7.72,-21.35,0.600,0
10.405,7.72,-21.38,0.600,0
10.406,7.72,-21.38,0.600,0
10.406,7.72,-21.38,0.600,0
10.406,7.72,-21.38,0.600,0
10.406,7.72,-21.42,0.600,0
10.407,7.72,-21.42,0.600,0
10.407,7.72,-21.42,0.600,0
10.407,7.72,-21.42,0.600,0
10.407,7.72,-21.45,0.600,0
10.408,7.72,-21.45,0.600,0
10.408,7.72,-21.45,0.600,0
10.408,7.72,-21.45,0.600,0
10.409,7.72,-21.48,0.600,0
10.409,7.72,-21.48,0.600,0
10.409,7.72,-21.48,0.600,0
10.409,7.72,-21.48,0.600,0
10.410,7.72,-21.52,0.600,0
10.410,7.72,-21.52,0.600,0
10.410,7.72,-21.52,0.600,0
10.410,7.72,-21.52,0.600,0
10.410,7.72,-21.55,0.600,0
10.411,7.72,-21.55,0.600,0
10.411,7.72,-21.55,0.600,0
10.412,7.72,-21.58,0.600,0
10.412,7.72,-21.58,0.600,0
10.412,7.72,-21.58,0.600,0
10.412,7.72,-21.61,0.600,0
10.413,7.72,-21.61,0.600,0
10.413,7.72,-21.61,0.600,0
10.413,7.72,-21.61,0.600,0
10.413,7.72,-21.65,0.600,0
10.414,7.72,-21.65,0.600,0
10.414,7.72,-21.65,0.600,0
10.414,7.72,-21.65,0.600,0
10.414,7.72,-21.65,0.600,0
10.415,7.72,-21.68,0.600,0
10.415,7.72,-21.68,0.600,0
10.415,7.72,-21.68,0.600,0
10.415,7.72,-21.68,0.600,0
10.416,7.72,-21.71,0.600,0
10.416,7.72,-21.71,0.600,0
10.416,7.72,-21.71,0.600,0
10.416,7.72,-21.71,0.600,0
10.416,7.72,-21.74,0.600,0
10.417,7.72,-21.74,0.600,0
10.417,7.72,-21.74,0.600,0
10.417,7.72,-21.74,0.600,0
10.417,7.72,-21.78,0.600,0
10.418,7.72,-21.78,0.600,0
10.418,7.72,-21.78,0.600,0
10.418,7.72,-21.78,0.600,0
10.418,7.72,-21.81,0.600,0
10.419,7.72,-21.81,0.600,0
10.419,7.72,-21.81,0.600,0
10.419,7.72,-21.81,0.600,0
10.420,7.72,-21.84,0.600,0
10.420,7.72,-21.84,0.600,0
10.420,7.72,-21.84,0.600,0
10.420,7.72,-21.84,0.600,0
10.420,7.72,-21.84,0.600,0
10.421,7.72,-21.87,0.600,0
10.421,7.72,-21.87,0.600,0
10.421,7.72,-21.87,0.600,0
10.421,7.72,-21.87,0.600,0
10.422,7.72,-21.91,0.600,0
10.422,7.72,-21.91,0.600,0
10.422,7.72,-21.91,0.600,0
10.422,7.72,-21.91,0.600,0
10.422,7.72,-21.94,0.600,0
10.423,7.72,-21.94,0.600,0
10.423,7.72,-21.94,0.600,0
10.423,7.72,-21.94,0.600,0
10.424,7.72,-21.97,0.600,0
10.424,7.72,-21.97,0.600,0
10.424,7.72,-21.97,0.600,0
10.424,7.72,-21.97,0.600,0
10.425,7.72,-22.01,0.600,0
10.425,7.72,-22.01,0.600,0
10.425,7.72,-22.01,0.600,0
10.425,7.72,-22.01,0.600,0
10.426,7.72,-22.04,0.600,0
10.426,7.72,-22.04,0.600,0
10.426,7.72,-22.04,0.600,0
10.426,7.72,-22.07,0.600,0
10.427,7.72,-22.07,0.600,0
10.427,7.72,-22.07,0.600,0
10.427,7.72,-22.07,0.600,0
10.428,7.72,-22.10,0.600,0
10.428,7.72,-22.10,0.600,0
10.428,7.72,-22.10,0.600,0
10.428,7.72,-22.10,0.600,0
10.429,7.72,-22.14,0.600,0
10.429,7.72,-22.14,0.600,0
10.429,7.72,-22.14,0.600,0
10.429,7.72,-22.14,0.600,0
10.430,7.72,-22.17,0.600,0
10.430,7.72,-22.17,0.600,0
10.430,7.72,-22.17,0.600,0
10.430,7.72,-22.17,0.600,0
10.431,7.72,-22.20,0.600,0
10.431,7.72,-22.20,0.600,0
10.431,7.72,-22.20,0.600,0
10.432,7.72,-22.23,0.600,0
10.432,7.72,-22.23,0.600,0
10.432,7.72,-22.23,0.600,0
10.433,7.72,-22.27,0.600,0
10.433,7.72,-22.27,0.600,1
10.433,-4.75,-22.27,-0.600,0
10.434,-4.75,-22.30,-0.600,0
10.434,-4.75,-22.30,-0.600,0
10.434,-4.75,-22.30,-0.600,0
10.434,-4.75,-22.30,-0.600,0
10.435,-4.75,-22.33,-0.600,0
10.435,-4.75,-22.33,-0.600,0
10.435,-4.75,-22.33,-0.600,0
10.435,-4.75,-22.36,-0.600,0
10.436,-4.75,-22.36,-0.600,0
10.436,-4.75,-22.36,-0.600,0
10.436,-4.75,-22.36,-0.600,0
10.436,-4.75,-22.36,-0.600,0
10.437,-4.75,-22.40,-0.600,0
10.437,-4.75,-22.40,-0.600,0
10.437,-4.75,-22.40,-0.600,0
10.437,-4.75,-22.40,-0.600,0
10.438,-4.75,-22.43,-0.600,0
10.438,-4.75,-22.43,-0.600,0
10.438,-4.75,-22.43,-0.600,0
10.438,-4.75,-22.43,-0.600,0
10.439,-4.75,-22.46,-0.600,0
10.439,-4.75,-22.46,-0.600,0
10.439,-4.75,-22.46,-0.600,0
10.440,-4.75,-22.50,-0.600,0
10.440,-4.75,-22.50,-0.600,0
10.440,-4.75,-22.50,-0.600,0
10.440,-4.75,-22.50,-0.600,0
10.440,-4.75,-22.50,-0.600,0
10.441,-4.75,-22.53,-0.600,0
10.441,-4.75,-22.53,-0.600,0
10.441,-4.75,-22.53,-0.600,0
10.441,-4.75,-22.53,-0.600,0
10.442,-4.75,-22.56,-0.600,0
10.442,-4.75,-22.56,-0.600,0
10.442,-4.75,-22.56,-0.600,0
10.442,-4.75,-22.56,-0.600,0
10.443,-4.75,-22.59,-0.600,0
10.443,-4.75,-22.59,-0.600,0
10.443,-4.75,-22.59,-0.600,0
10.443,-4.75,-22.59,-0.600,0
10.444,-4.75,-22.62,-0.600,0
10.444,-4.75,-22.62,-0.600,0
10.444,-4.75,-22.62,-0.600,0
10.444,-4.75,-22.62,-0.600,0
10.445,-4.75,-22.65,-0.600,0
10.445,-4.75,-22.65,-0.600,0
10.445,-4.75,-22.65,-0.600,0
10.445,-4.75,-22.65,-0.600,0
10.446,-4.75,-22.67,-0.600,0
10.446,-4.75,-22.67,-0.600,0
10.446,-4.75,-22.67,-0.600,0
10.447,-4.75,-22.70,-0.600,0
10.447,-4.75,-22.70,-0.600,0
10.447,-4.75,-22.70,-0.600,0
10.447,-4.75,-22.70,-0.600,0
10.448,-4.75,-22.73,-0.600,0
10.448,-4.75,-22.73,-0.600,0
10.448,-4.75,-22.73,-0.600,0
10.448,-4.75,-22.73,-0.600,0
10.449,-4.75,-22.76,-0.600,0
10.449,-4.75,-22.76,-0.600,0
10.449,-4.75,-22.76,-0.600,0
10.449,-4.75,-22.76,-0.600,0
10.450,-4.75,-22.79,-0.600,0
10.450,-4.75,-22.79,-0.600,0
10.450,-4.75,-22.79,-0.600,0
10.450,-4.75,-22.79,-0.600,0
10.451,-4.75,-22.81,-0.600,0
10.451,-4.75,-22.81,-0.600,0
10.451,-4.75,-22.81,-0.600,0
10.451,-4.75,-22.81,-0.600,0
10.452,-4.75,-22.84,-0.600,0
10.452,-4.75,-22.84,-0.600,0
10.452,-4.75,-22.84,-0.600,0
10.452,-4.75,-22.84,-0.600,0
10.453,-4.75,-22.86,-0.600,0
10.453,-4.75,-22.86,-0.600,0
10.453,-4.75,-22.86,-0.600,0
10.454,-4.75,-22.89,-0.600,0
10.454,-4.75,-22.89,-0.600,0
10.454,-4.75,-22.89,-0.600,0
10.454,-4.75,-22.89,-0.600,0
10.455,-4.75,-22.91,-0.600,0
10.455,-4.75,-22.91,-0.600,0
10.455,-4.75,-22.91,-0.600,0
10.455,-4.75,-22.91,-0.600,0
10.456,-4.75,-22.94,-0.600,0
10.456,-4.75,-22.94,-0.600,0
10.456,-4.75,-22.94,-0.600,0
10.456,-4.75,-22.94,-0.600,0
10.456,-4.75,-22.94,-0.600,0
10.457,-4.75,-22.96,-0.600,0
10.457,-4.75,-22.96,-0.600,0
10.457,-4.75,-22.96,-0.600,0
10.457,-4.75,-22.96,-0.600,0
10.458,-4.75,-22.98,-0.600,0
10.458,-4.75,-22.98,-0.600,0
10.458,-4.75,-22.98,-0.600,0
10.458,-4.75,-22.98,-0.600,0
10.459,-4.75,-23.01,-0.600,0
10.459,-4.75,-23.01,-0.600,0
10.459,-4.75,-23.01,-0.600,0
10.459,-4.75,-23.01,-0.600,0
10.460,-4.75,-23.03,-0.600,0
10.460,-4.75,-23.03,-0.600,0
10.460,-4.75,-23.03,-0.600,0
10.461,-4.75,-23.05,-0.600,0
10.461,-4.75,-23.05,-0.600,0
10.461,-4.75,-23.05,-0.600,0
10.462,-4.75,-23.08,-0.600,0
10.462,-4.75,-23.08,-0.600,0
10.462,-4.75,-23.08,-0.600,0
10.462,-4.75,-23.08,-0.600,0
10.463,-4.75,-23.10,-0.600,0
10.463,-4.75,-23.10,-0.600,0
10.463,-4.75,-23.10,-0.600,0
10.463,-4.75,-23.10,-0.600,0
10.464,-4.75,-23.12,-0.600,0
10.464,-4.75,-23.12,-0.600,0
10.464,-4.75,-23.12,-0.600,0
10.464,-4.75,-23.12,-0.600,0
10.465,-4.75,-23.14,-0.600,0
10.465,-4.75,-23.14,-0.600,0
10.465,-4.75,-23.14,-0.600,0
10.465,-4.75,-23.14,-0.600,0
10.466,-4.75,-23.16,-0.600,0
10.466,-4.75,-23.16,-0.600,0
10.466,-4.75,-23.16,-0.600,0
10.467,-4.75,-23.16,-0.600,0
10.467,-4.75,-23.18,-0.600,0
10.467,-4.75,-23.18,-0.600,0
10.468,-4.75,-23.18,-0.600,0
10.468,-4.75,-23.20,-0.600,0
10.468,-4.75,-23.20,-0.600,0
10.468,-4.75,-23.20,-0.600,0
10.469,-4.75,-23.22,-0.600,0
10.469,-4.75,-23.22,-0.600,0
10.469,-4.75,-23.22,-0.600,0
10.469,-4.75,-23.22,-0.600,0
10.470,-4.75,-23.24,-0.600,0
10.470,-4.75,-23.24,-0.600,0
10.470,-4.75,-23.24,-0.600,0
10.471,-4.75,-23.26,-0.600,0
10.471,-4.75,-23.26,-0.600,0
10.471,-4.75,-23.26,-0.600,0
10.471,-4.75,-23.26,-0.600,0
10.472,-4.75,-23.28,-0.600,0
10.472,-4.75,-23.28,-0.600,0
10.472,-4.75,-23.28,-0.600,0
10.472,-4.75,-23.28,-0.600,0
10.473,-4.75,-23.28,-0.600,0
10.473,-4.75,-23.29,-0.600,0
10.473,-4.75,-23.29,-0.600,0
10.474,-4.75,-23.29,-0.600,0
10.474,-4.75,-23.31,-0.600,0
10.474,-4.75,-23.31,-0.600,0
10.474,-4.75,-23.31,-0.600,0
10.475,-4.75,-23.33,-0.600,0
10.475,-4.75,-23.33,-0.600,0
10.475,-4.75,-23.33,-0.600,0
10.475,-4.75,-23.33,-0.600,0
10.476,-4.75,-23.34,-0.600,0
10.476,-4.75,-23.34,-0.600,0
10.476,-4.75,-23.34,-0.600,0
10.476,-4.75,-23.34,-0.600,0
10.477,-4.75,-23.36,-0.600,0
10.477,-4.75,-23.36,-0.600,0
10.477,-4.75,-23.36,-0.600,0
10.478,-4.75,-23.36,-0.600,0
10.478,-4.75,-23.37,-0.600,0
10.478,-4.75,-23.37,-0.600,0
10.478,-4.75,-23.37,-0.600,0
10.479,-4.75,-23.37,-0.600,0
10.479,-4.75,-23.39,-0.600,0
10.479,-4.75,-23.39,-0.600,0
10.479,-4.75,-23.39,-0.600,0
10.480,-4.75,-23.39,-0.600,0
10.480,-4.75,-23.41,-0.600,0
10.480,-4.75,-23.41,-0.600,0
10.480,-4.75,-23.41,-0.600,0
10.481,-4.75,-23.41,-0.600,0
10.481,-4.75,-23.42,-0.600,0
10.481,-4.75,-23.42,-0.600,0
10.482,-4.75,-23.42,-0.600,0
10.482,-4.75,-23.43,-0.600,0
10.482,-4.75,-23.43,-0.600,0
10.482,-4.75,-23.43,-0.600,0
10.482,-4.75,-23.43,-0.600,0
10.483,-4.75,-23.45,-0.600,0
10.483,-4.75,-23.45,-0.600,0
10.483,-4.75,-23.45,-0.600,0
10.484,-4.75,-23.45,-0.600,0
10.484,-4.75,-23.46,-0.600,0
10.484,-4.75,-23.46,-0.600,0
10.484,-4.75,-23.46,-0.600,0
10.484,-4.75,-23.46,-0.600,0
10.485,-4.75,-23.47,-0.600,0
10.485,-4.75,-23.47,-0.600,0
10.485,-4.75,-23.47,-0.600,0
10.485,-4.75,-23.47,-0.600,0
10.486,-4.75,-23.48,-0.600,0
10.486,-4.75,-23.48,-0.600,0
10.486,-4.75,-23.48,-0.600,0
10.487,-4.75,-23.48,-0.600,0
10.487,-4.75,-23.50,-0.600,0
10.487,-4.75,-23.50,-0.600,0
10.487,-4.75,-23.50,-0.600,0
10.488,-4.75,-23.50,-0.600,0
10.488,-4.75,-23.51,-0.600,0
10.488,-4.75,-23.51,-0.600,0
10.488,-4.75,-23.51,-0.600,0
10.489,-4.75,-23.51,-0.600,0
10.489,-4.75,-23.52,-0.600,0
10.489,-4.75,-23.52,-0.600,0
10.489,-4.75,-23.52,-0.600,0
10.490,-4.75,-23.52,-0.600,0
10.490,-4.75,-23.53,-0.600,0
10.490,-4.75,-23.53,-0.600,0
10.490,-4.75,-23.53,-0.600,0
10.491,-4.75,-23.53,-0.600,0
10.491,-4.75,-23.54,-0.600,0
10.491,-4.75,-23.54,-0.600,0
10.491,-4.75,-23.54,-0.600,0
10.492,-4.75,-23.54,-0.600,0
10.492,-4.75,-23.55,-0.600,0
10.492,-4.75,-23.55,-0.600,0
10.492,-4.75,-23.55,-0.600,0
10.493,-4.75,-23.55,-0.600,0
10.493,-4.75,-23.56,-0.600,0
10.493,-4.75,-23.56,-0.600,0
10.493,-4.75,-23.56,-0.600,0
10.494,-4.75,-23.56,-0.600,0
10.494,-4.75,-23.57,-0.600,0
10.494,-4.75,-23.57,-0.600,0
10.495,-4.75,-23.57,-0.600,0
10.495,-4.75,-23.58,-0.600,0
10.495,-4.75,-23.58,-0.600,0
10.495,-4.75,-23.58,-0.600,0
10.496,-4.75,-23.58,-0.600,0
10.496,-4.75,-23.59,-0.600,0
10.496,-4.75,-23.59,-0.600,0
10.496,-4.75,-23.59,-0.600,0
10.497,-4.75,-23.59,-0.600,0
10.497,-4.75,-23.59,-0.600,0
10.497,-4.75,-23.59,-0.600,0
10.497,-4.75,-23.59,-0.600,0
10.498,-4.75,-23.59,-0.600,0
10.498,-4.75,-23.60,-0.600,0
10.498,-4.75,-23.60,-0.600,0
10.498,-4.75,-23.60,-0.600,0
10.499,-4.75,-23.60,-0.600,0
10.499,-4.75,-23.61,-0.600,0
10.499,-4.75,-23.61,-0.600,0
10.499,-4.75,-23.61,-0.600,0
10.500,-4.75,-23.61,-0.600,0
10.500,-4.75,-23.62,-0.600,0
10.500,-4.75,-23.62,-0.600,0
10.500,-4.75,-23.62,-0.600,0
10.501,-4.75,-23.62,-0.600,0
10.501,-4.75,-23.62,-0.600,0
10.501,-4.75,-23.62,-0.600,0
10.501,-4.75,-23.62,-0.600,0
10.502,-4.75,-23.62,-0.600,0
10.502,-4.75,-23.63,-0.600,0
10.502,-4.75,-23.63,-0.600,0
10.502,-4.75,-23.63,-0.600,0
10.502,-4.75,-23.63,-0.600,0
10.503,-4.75,-23.63,-0.600,0
10.503,-4.75,-23.63,-0.600,0
10.503,-4.75,-23.63,-0.600,0
10.503,-4.75,-23.63,-0.600,0
10.504,-4.75,-23.63,-0.600,0
10.504,-4.75,-23.64,-0.600,0
10.504,-4.75,-23.64,-0.600,0
10.504,-4.75,-23.64,-0.600,0
10.505,-4.75,-23.64,-0.600,0
10.505,-4.75,-23.64,-0.600,0
10.505,-4.75,-23.64,-0.600,0
10.505,-4.75,-23.64,-0.600,0
10.506,-4.75,-23.64,-0.600,0
10.506,-4.75,-23.65,-0.600,0
10.506,-4.75,-23.65,-0.600,0
10.506,-4.75,-23.65,-0.600,0
10.507,-4.75,-23.65,-0.600,0
10.507,-4.75,-23.65,-0.600,0
10.507,-4.75,-23.65,-0.600,0
10.507,-4.75,-23.65,-0.600,0
10.508,-4.75,-23.65,-0.600,0
10.508,-4.75,-23.66,-0.600,0
10.508,-4.75,-23.66,-0.600,0
10.509,-4.75,-23.66,-0.600,0
10.509,-4.75,-23.66,-0.600,0
10.509,-4.75,-23.66,-0.600,0
10.509,-4.75,-23.66,-0.600,0
10.510,-4.75,-23.66,-0.600,0
10.510,-4.75,-23.66,-0.600,0
10.510,-4.75,-23.66,-0.600,0
10.510,-4.75,-23.66,-0.600,0
10.510,-4.75,-23.66,-0.600,0
10.511,-4.75,-23.66,-0.600,0
10.511,-4.75,-23.67,-0.600,0
10.511,-4.75,-23.67,-0.600,0
10.511,-4.75,-23.67,-0.600,0
10.512,-4.75,-23.67,-0.600,0
10.512,-4.75,-23.67,-0.600,0
10.512,-4.75,-23.67,-0.600,0
10.512,-4.75,-23.67,-0.600,0
10.513,-4.75,-23.67,-0.600,0
10.513,-4.75,-23.67,-0.600,0
10.513,-4.75,-23.67,-0.600,0
10.513,-4.75,-23.67,-0.600,0
10.514,-4.75,-23.67,-0.600,0
10.514,-4.75,-23.67,-0.600,0
10.514,-4.75,-23.67,-0.600,0
10.514,-4.75,-23.67,-0.600,0
10.515,-4.75,-23.67,-0.600,0
10.515,-4.75,-23.67,-0.600,0
10.515,-4.75,-23.67,-0.600,0
10.515,-4.75,-23.67,-0.600,0
10.516,-4.75,-23.67,-0.600,0
10.516,-4.75,-23.67,-0.600,0
10.516,-4.75,-23.67,-0.600,0
10.517,-4.75,-23.67,-0.600,0
10.517,-4.75,-23.67,-0.600,0
10.517,-4.75,-23.67,-0.600,0
10.517,-4.75,-23.67,-0.600,0
10.518,-4.75,-23.67,-0.600,0
10.518,-4.75,-23.67,-0.600,0
10.518,-4.75,-23.67,-0.600,0
10.518,-4.75,-23.67,-0.600,0
10.519,-4.75,-23.67,-0.600,0
10.519,-4.75,-23.67,-0.600,0
10.519,-4.75,-23.67,-0.600,0
10.519,-4.75,-23.67,-0.600,0
10.519,-4.75,-23.67,-0.600,0
10.520,-4.75,-23.67,-0.600,0
10.520,-4.75,-23.67,-0.600,0
10.520,-4.75,-23.67,-0.600,0
10.520,-4.75,-23.67,-0.600,0
10.521,-4.75,-23.67,-0.600,0
10.521,-4.75,-23.67,-0.600,0
10.521,-4.75,-23.67,-0.600,0
10.522,-4.75,-23.67,-0.600,0
10.522,-4.75,-23.66,-0.600,0
10.522,-4.75,-23.66,-0.600,0
10.522,-4.75,-23.66,-0.600,0
10.523,-4.75,-23.66,-0.600,0
10.523,-4.75,-23.66,-0.600,0
10.523,-4.75,-23.66,-0.600,0
10.523,-4.75,-23.66,-0.600,0
10.524,-4.75,-23.66,-0.600,0
10.524,-4.75,-23.66,-0.600,0
10.524,-4.75,-23.66,-0.600,0
10.524,-4.75,-23.66,-0.600,0
10.524,-4.75,-23.66,-0.600,0
10.525,-4.75,-23.66,-0.600,0
10.525,-4.75,-23.66,-0.600,0
10.525,-4.75,-23.66,-0.600,0
10.525,-4.75,-23.66,-0.600,0
10.526,-4.75,-23.66,-0.600,0
10.526,-4.75,-23.65,-0.600,0
10.526,-4.75,-23.65,-0.600,0
10.526,-4.75,-23.65,-0.600,0
10.527,-4.75,-23.65,-0.600,0
10.527,-4.75,-23.65,-0.600,0
10.527,-4.75,-23.65,-0.600,0
10.527,-4.75,-23.65,-0.600,0
10.528,-4.75,-23.65,-0.600,0
10.528,-4.75,-23.65,-0.600,0
10.528,-4.75,-23.65,-0.600,0
10.528,-4.75,-23.65,-0.600,0
10.529,-4.75,-23.65,-0.600,0
10.529,-4.75,-23.64,-0.600,0
10.529,-4.75,-23.64,-0.600,0
10.529,-4.75,-23.64,-0.600,0
10.530,-4.75,-23.64,-0.600,0
10.530,-4.75,-23.64,-0.600,0
10.530,-4.75,-23.64,-0.600,0
10.530,-4.75,-23.64,-0.600,0
10.531,-4.75,-23.64,-0.600,0
10.531,-4.75,-23.63,-0.600,0
10.531,-4.75,-23.63,-0.600,0
10.531,-4.75,-23.63,-0.600,0
10.532,-4.75,-23.63,-0.600,0
10.532,-4.75,-23.63,-0.600,0
10.532,-4.75,-23.63,-0.600,0
10.532,-4.75,-23.63,-0.600,0
10.533,-4.75,-23.63,-0.600,0
10.533,-4.75,-23.62,-0.600,0
10.533,-4.75,-23.62,-0.600,0
10.533,-4.75,-23.62,-0.600,0
10.534,-4.75,-23.62,-0.600,0
10.534,-4.75,-23.62,-0.600,0
10.534,-4.75,-23.62,-0.600,0
10.535,-4.75,-23.62,-0.600,0
10.535,-4.75,-23.62,-0.600,0
10.535,-4.75,-23.61,-0.600,0
10.535,-4.75,-23.61,-0.600,0
10.536,-4.75,-23.61,-0.600,0
10.536,-4.75,-23.60,-0.600,0
10.536,-4.75,-23.60,-0.600,0
10.536,-4.75,-23.60,-0.600,0
10.537,-4.75,-23.60,-0.600,0
10.537,-4.75,-23.60,-0.600,0
10.537,-4.75,-23.59,-0.600,0
10.537,-4.75,-23.59,-0.600,0
10.538,-4.75,-23.59,-0.600,0
10.538,-4.75,-23.59,-0.600,0
10.538,-4.75,-23.58,-0.600,0
10.538,-4.75,-23.58,-0.600,0
10.539,-4.75,-23.58,-0.600,0
10.539,-4.75,-23.58,-0.600,0
10.539,-4.75,-23.58,-0.600,0
10.539,-4.75,-23.58,-0.600,0
10.539,-4.75,-23.58,-0.600,0
10.540,-4.75,-23.58,-0.600,0
10.540,-4.75,-23.57,-0.600,0
10.540,-4.75,-23.57,-0.600,0
10.540,-4.75,-23.57,-0.600,0
10.541,-4.75,-23.57,-0.600,0
10.541,-4.75,-23.56,-0.600,0
10.541,-4.75,-23.56,-0.600,0
10.542,-4.75,-23.56,-0.600,0
10.542,-4.75,-23.55,-0.600,0
10.542,-4.75,-23.55,-0.600,0
10.542,-4.75,-23.55,-0.600,0
10.543,-4.75,-23.55,-0.600,0
10.543,-4.75,-23.55,-0.600,0
10.543,-4.75,-23.54,-0.600,0
10.543,-4.75,-23.54,-0.600,0
10.544,-4.75,-23.54,-0.600,0
10.544,-4.75,-23.53,-0.600,0
10.544,-4.75,-23.53,-0.600,0
10.544,-4.75,-23.53,-0.600,0
10.545,-4.75,-23.53,-0.600,0
10.545,-4.75,-23.52,-0.600,0
10.545,-4.75,-23.52,-0.600,0
10.545,-4.75,-23.52,-0.600,0
10.546,-4.75,-23.52,-0.600,0
10.546,-4.75,-23.52,-0.600,0
10.546,-4.75,-23.51,-0.600,0
10.546,-4.75,-23.51,-0.600,0
10.547,-4.75,-23.51,-0.600,0
10.547,-4.75,-23.49,-0.600,0
10.547,-4.75,-23.49,-0.600,0
10.547,-4.75,-23.49,-0.600,0
10.548,-4.75,-23.49,-0.600,0
10.548,-4.75,-23.49,-0.600,0
10.548,-4.75,-23.48,-0.600,0
10.548,-4.75,-23.48,-0.600,0
10.549,-4.75,-23.48,-0.600,0
10.549,-4.75,-23.47,-0.600,0
10.549,-4.75,-23.47,-0.600,0
10.549,-4.75,-23.47,-0.600,0
10.550,-4.75,-23.47,-0.600,0
10.550,-4.75,-23.46,-0.600,0
10.550,-4.75,-23.46,-0.600,0
10.551,-4.75,-23.46,-0.600,0
10.551,-4.75,-23.44,-0.600,0
10.551,-4.75,-23.44,-0.600,0
10.551,-4.75,-23.44,-0.600,0
10.552,-4.75,-23.44,-0.600,0
10.552,-4.75,-23.43,-0.600,0
10.552,-4.75,-23.43,-0.600,0
10.552,-4.75,-23.43,-0.600,0
10.553,-4.75,-23.43,-0.600,0
10.553,-4.75,-23.43,-0.600,0
10.553,-4.75,-23.42,-0.600,0
10.553,-4.75,-23.42,-0.600,0
10.554,-4.75,-23.42,-0.600,0
10.554,-4.75,-23.42,-0.600,0
10.554,-4.75,-23.40,-0.600,0
10.554,-4.75,-23.40,-0.600,0
10.555,-4.75,-23.40,-0.600,0
10.555,-4.75,-23.39,-0.600,0
10.555,-4.75,-23.39,-0.600,0
10.555,-4.75,-23.39,-0.600,0
10.556,-4.75,-23.39,-0.600,0
10.556,-4.75,-23.39,-0.600,0
10.556,-4.75,-23.37,-0.600,0
10.556,-4.75,-23.37,-0.600,0
10.557,-4.75,-23.37,-0.600,0
10.557,-4.75,-23.36,-0.600,0
10.557,-4.75,-23.36,-0.600,0
10.558,-4.75,-23.36,-0.600,0
10.558,-4.75,-23.36,-0.600,0
10.558,-4.75,-23.34,-0.600,0
10.558,-4.75,-23.34,-0.600,0
10.559,-4.75,-23.34,-0.600,0
10.559,-4.75,-23.32,-0.600,0
10.559,-4.75,-23.32,-0.600,0
10.559,-4.75,-23.32,-0.600,0
10.560,-4.75,-23.32,-0.600,0
10.560,-4.75,-23.32,-0.600,0
10.560,-4.75,-23.31,-0.600,0
10.560,-4.75,-23.31,-0.600,0
10.561,-4.75,-23.31,-0.600,0
10.561,-4.75,-23.31,-0.600,0
10.561,-4.75,-23.29,-0.600,0
10.561,-4.75,-23.29,-0.600,0
10.562,-4.75,-23.29,-0.600,0
10.562,-4.75,-23.29,-0.600,0
10.562,-4.75,-23.27,-0.600,0
10.562,-4.75,-23.27,-0.600,0
10.563,-4.75,-23.27,-0.600,0
10.563,-4.75,-23.27,-0.600,0
10.563,-4.75,-23.25,-0.600,0
10.563,-4.75,-23.25,-0.600,0
10.563,-4.75,-23.25,-0.600,0
10.564,-4.75,-23.25,-0.600,0
10.564,-4.75,-23.24,-0.600,0
10.564,-4.75,-23.24,-0.600,0
10.565,-4.75,-23.24,-0.600,0
10.565,-4.75,-23.24,-0.600,0
10.565,-4.75,-23.22,-0.600,0
10.565,-4.75,-23.22,-0.600,0
10.565,-4.75,-23.22,-0.600,0
10.566,-4.75,-23.22,-0.600,0
10.566,-4.75,-23.20,-0.600,0
10.566,-4.75,-23.20,-0.600,0
10.566,-4.75,-23.20,-0.600,0
10.567,-4.75,-23.20,-0.600,0
10.567,-4.75,-23.20,-0.600,0
10.567,-4.75,-23.18,-0.600,0
10.567,-4.75,-23.18,-0.600,0
10.568,-4.75,-23.18,-0.600,0
10.568,-4.75,-23.16,-0.600,0
10.568,-4.75,-23.16,-0.600,0
10.569,-4.75,-23.16,-0.600,0
10.569,-4.75,-23.14,-0.600,1
10.570,-8.47,-23.14,-0.600,0
10.570,-8.47,-23.14,-0.600,0
10.570,-8.47,-23.12,-0.600,0
10.570,-8.47,-23.12,-0.600,0
10.571,-8.47,-23.12,-0.600,0
10.571,-8.47,-23.12,-0.600,0
10.571,-8.47,-23.10,-0.600,0
10.571,-8.47,-23.10,-0.600,0
10.572,-8.47,-23.10,-0.600,0
10.572,-8.47,-23.10,-0.600,0
10.572,-8.47,-23.07,-0.600,0
10.572,-8.47,-23.07,-0.600,0
10.573,-8.47,-23.07,-0.600,0
10.573,-8.47,-23.07,-0.600,0
10.573,-8.47,-23.05,-0.600,0
10.573,-8.47,-23.05,-0.600,0
10.574,-8.47,-23.05,-0.600,0
10.574,-8.47,-23.05,-0.600,0
10.574,-8.47,-23.03,-0.600,0
10.574,-8.47,-23.03,-0.600,0
10.575,-8.47,-23.03,-0.600,0
10.575,-8.47,-23.03,-0.600,0
10.575,-8.47,-23.01,-0.600,0
10.575,-8.47,-23.01,-0.600,0
10.576,-8.47,-23.01,-0.600,0
10.576,-8.47,-23.01,-0.600,0
10.576,-8.47,-22.98,-0.600,0
10.576,-8.47,-22.98,-0.600,0
10.577,-8.47,-22.98,-0.600,0
10.577,-8.47,-22.98,-0.600,0
10.577,-8.47,-22.96,-0.600,0
10.577,-8.47,-22.96,-0.600,0
10.578,-8.47,-22.96,-0.600,0
10.578,-8.47,-22.96,-0.600,0
10.578,-8.47,-22.93,-0.600,0
10.578,-8.47,-22.93,-0.600,0
10.579,-8.47,-22.93,-0.600,0
10.579,-8.47,-22.93,-0.600,0
10.579,-8.47,-22.91,-0.600,0
10.579,-8.47,-22.91,-0.600,0
10.579,-8.47,-22.91,-0.600,0
10.580,-8.47,-22.91,-0.600,0
10.580,-8.47,-22.89,-0.600,0
10.580,-8.47,-22.89,-0.600,0
10.580,-8.47,-22.89,-0.600,0
10.581,-8.47,-22.89,-0.600,0
10.581,-8.47,-22.86,-0.600,0
10.581,-8.47,-22.86,-0.600,0
10.581,-8.47,-22.86,-0.600,0
10.582,-8.47,-22.86,-0.600,0
10.582,-8.47,-22.84,-0.600,0
10.582,-8.47,-22.84,-0.600,0
10.582,-8.47,-22.84,-0.600,0
10.583,-8.47,-22.84,-0.600,0
10.583,-8.47,-22.84,-0.600,0
10.583,-8.47,-22.81,-0.600,0
10.584,-8.47,-22.81,-0.600,0
10.584,-8.47,-22.81,-0.600,0
10.584,-8.47,-22.78,-0.600,0
10.584,-8.47,-22.78,-0.600,0
10.585,-8.47,-22.78,-0.600,0
10.585,-8.47,-22.78,-0.600,0
10.585,-8.47,-22.76,-0.600,0
10.585,-8.47,-22.76,-0.600,0
10.586,-8.47,-22.76,-0.600,0
10.586,-8.47,-22.76,-0.600,0
10.586,-8.47,-22.73,-0.600,0
10.586,-8.47,-22.73,-0.600,0
10.587,-8.47,-22.73,-0.600,0
10.587,-8.47,-22.73,-0.600,0
10.587,-8.47,-22.70,-0.600,0
10.587,-8.47,-22.70,-0.600,0
10.588,-8.47,-22.70,-0.600,0
10.588,-8.47,-22.70,-0.600,0
10.588,-8.47,-22.67,-0.600,0
10.588,-8.47,-22.67,-0.600,0
10.589,-8.47,-22.67,-0.600,0
10.589,-8.47,-22.67,-0.600,0
10.589,-8.47,-22.64,-0.600,0
10.589,-8.47,-22.64,-0.600,0
10.589,-8.47,-22.64,-0.600,0
10.590,-8.47,-22.64,-0.600,0
10.590,-8.47,-22.64,-0.600,0
10.590,-8.47,-22.62,-0.600,0
10.590,-8.47,-22.62,-0.600,0
10.591,-8.47,-22.62,-0.600,0
10.591,-8.47,-22.62,-0.600,0
10.591,-8.47,-22.59,-0.600,0
10.591,-8.47,-22.59,-0.600,0
10.592,-8.47,-22.59,-0.600,0
10.592,-8.47,-22.59,-0.600,0
10.592,-8.47,-22.56,-0.600,0
10.592,-8.47,-22.56,-0.600,0
10.593,-8.47,-22.56,-0.600,0
10.593,-8.47,-22.56,-0.600,0
10.593,-8.47,-22.53,-0.600,0
10.593,-8.47,-22.53,-0.600,0
10.594,-8.47,-22.53,-0.600,0
10.594,-8.47,-22.53,-0.600,0
10.594,-8.47,-22.50,-0.600,0
10.594,-8.47,-22.50,-0.600,0
10.595,-8.47,-22.50,-0.600,0
10.595,-8.47,-22.50,-0.600,0
10.595,-8.47,-22.47,-0.600,0
10.595,-8.47,-22.47,-0.600,0
10.596,-8.47,-22.47,-0.600,0
10.596,-8.47,-22.47,-0.600,0
10.596,-8.47,-22.43,-0.600,0
10.596,-8.47,-22.43,-0.600,0
10.597,-8.47,-22.43,-0.600,0
10.597,-8.47,-22.43,-0.600,0
10.597,-8.47,-22.40,-0.600,0
10.597,-8.47,-22.40,-0.600,0
10.598,-8.47,-22.40,-0.600,0
10.598,-8.47,-22.40,-0.600,0
10.598,-8.47,-22.37,-0.600,0
10.598,-8.47,-22.37,-0.600,0
10.599,-8.47,-22.37,-0.600,0
10.599,-8.47,-22.37,-0.600,0
10.599,-8.47,-22.34,-0.600,0
10.599,-8.47,-22.34,-0.600,0
10.600,-8.47,-22.34,-0.600,0
10.600,-8.47,-22.30,-0.600,0
10.600,-8.47,-22.30,-0.600,0
10.601,-8.47,-22.30,-0.600,0
10.601,-8.47,-22.30,-0.600,0
10.601,-8.47,-22.27,-0.600,0
10.601,-8.47,-22.27,-0.600,0
10.602,-8.47,-22.27,-0.600,0
10.602,-8.47,-22.27,-0.600,0
10.602,-8.47,-22.24,-0.600,0
10.602,-8.47,-22.24,-0.600,0
10.603,-8.47,-22.24,-0.600,0
10.603,-8.47,-22.24,-0.600,0
10.603,-8.47,-22.21,-0.600,0
10.603,-8.47,-22.21,-0.600,0
10.604,-8.47,-22.21,-0.600,0
10.604,-8.47,-22.21,-0.600,0
10.604,-8.47,-22.17,-0.600,0
10.604,-8.47,-22.17,-0.600,0
10.605,-8.47,-22.17,-0.600,0
10.605,-8.47,-22.17,-0.600,0
10.605,-8.47,-22.14,-0.600,0
10.605,-8.47,-22.14,-0.600,0
10.606,-8.47,-22.14,-0.600,0
10.606,-8.47,-22.11,-0.600,0
10.606,-8.47,-22.11,-0.600,0
10.606,-8.47,-22.11,-0.600,0
10.607,-8.47,-22.11,-0.600,0
10.607,-8.47,-22.08,-0.600,0
10.607,-8.47,-22.08,-0.600,0
10.607,-8.47,-22.08,-0.600,0
10.608,-8.47,-22.08,-0.600,0
10.608,-8.47,-22.04,-0.600,0
10.608,-8.47,-22.04,-0.600,0
10.608,-8.47,-22.04,-0.600,0
10.609,-8.47,-22.04,-0.600,0
10.609,-8.47,-22.01,-0.600,0
10.609,-8.47,-22.01,-0.600,0
10.610,-8.47,-22.01,-0.600,0
10.610,-8.47,-22.01,-0.600,0
10.610,-8.47,-21.98,-0.600,0
10.610,-8.47,-21.98,-0.600,0
10.611,-8.47,-21.98,-0.600,0
10.611,-8.47,-21.98,-0.600,0
10.611,-8.47,-21.95,-0.600,0
10.611,-8.47,-21.95,-0.600,0
10.612,-8.47,-21.95,-0.600,0
10.612,-8.47,-21.95,-0.600,0
10.612,-8.47,-21.91,-0.600,0
10.612,-8.47,-21.91,-0.600,0
10.613,-8.47,-21.91,-0.600,0
10.613,-8.47,-21.88,-0.600,0
10.613,-8.47,-21.88,-0.600,0
10.614,-8.47,-21.88,-0.600,0
10.614,-8.47,-21.88,-0.600,0
10.614,-8.47,-21.85,-0.600,0
10.614,-8.47,-21.85,-0.600,0
10.614,-8.47,-21.85,-0.600,0
10.615,-8.47,-21.85,-0.600,0
10.615,-8.47,-21.85,-0.600,0
10.615,-8.47,-21.81,-0.600,0
10.615,-8.47,-21.81,-0.600,0
10.616,-8.47,-21.81,-0.600,0
10.616,-8.47,-21.81,-0.600,0
10.616,-8.47,-21.78,-0.600,0
10.616,-8.47,-21.78,-0.600,0
10.617,-8.47,-21.78,-0.600,0
10.617,-8.47,-21.78,-0.600,0
10.617,-8.47,-21.75,-0.600,0
10.617,-8.47,-21.75,-0.600,0
10.618,-8.47,-21.75,-0.600,0
10.618,-8.47,-21.72,-0.600,0
10.618,-8.47,-21.72,-0.600,0
10.619,-8.47,-21.72,-0.600,0
10.619,-8.47,-21.72,-0.600,0
10.619,-8.47,-21.68,-0.600,0
10.619,-8.47,-21.68,-0.600,0
10.620,-8.47,-21.68,-0.600,0
10.620,-8.47,-21.68,-0.600,0
10.620,-8.47,-21.65,-0.600,0
10.620,-8.47,-21.65,-0.600,0
10.621,-8.47,-21.65,-0.600,0
10.621,-8.47,-21.65,-0.600,0
10.621,-8.47,-21.62,-0.600,0
10.621,-8.47,-21.62,-0.600,0
10.622,-8.47,-21.62,-0.600,0
10.622,-8.47,-21.62,-0.600,0
10.622,-8.47,-21.59,-0.600,0
10.622,-8.47,-21.59,-0.600,0
10.623,-8.47,-21.59,-0.600,0
10.623,-8.47,-21.59,-0.600,0
10.623,-8.47,-21.55,-0.600,0
10.623,-8.47,-21.55,-0.600,0
10.624,-8.47,-21.55,-0.600,0
10.624,-8.47,-21.55,-0.600,0
10.624,-8.47,-21.52,-0.600,0
10.624,-8.47,-21.52,-0.600,0
10.625,-8.47,-21.52,-0.600,0
10.625,-8.47,-21.52,-0.600,0
10.625,-8.47,-21.49,-0.600,0
10.625,-8.47,-21.49,-0.600,0
10.626,-8.47,-21.49,-0.600,0
10.626,-8.47,-21.49,-0.600,0
10.626,-8.47,-21.46,-0.600,0
10.627,-8.47,-21.46,-0.600,0
10.627,-8.47,-21.46,-0.600,0
10.627,-8.47,-21.46,-0.600,0
10.627,-8.47,-21.42,-0.600,0
10.628,-8.47,-21.42,-0.600,0
10.628,-8.47,-21.42,-0.600,0
10.628,-8.47,-21.39,-0.600,0
10.628,-8.47,-21.39,-0.600,0
10.629,-8.47,-21.39,-0.600,0
10.629,-8.47,-21.39,-0.600,0
10.629,-8.47,-21.36,-0.600,0
10.629,-8.47,-21.36,-0.600,0
10.630,-8.47,-21.36,-0.600,0
10.630,-8.47,-21.36,-0.600,0
10.630,-8.47,-21.33,-0.600,0
10.630,-8.47,-21.33,-0.600,0
10.631,-8.47,-21.33,-0.600,0
10.631,-8.47,-21.33,-0.600,0
10.631,-8.47,-21.29,-0.600,0
10.631,-8.47,-21.29,-0.600,0
10.632,-8.47,-21.29,-0.600,0
10.632,-8.47,-21.26,-0.600,0
10.632,-8.47,-21.26,-0.600,0
10.633,-8.47,-21.26,-0.600,0
10.633,-8.47,-21.26,-0.600,0
10.633,-8.47,-21.23,-0.600,0
10.634,-8.47,-21.23,-0.600,0
10.634,-8.47,-21.20,-0.600,0
10.634,-8.47,-21.20,-0.600,0
10.635,-8.47,-21.20,-0.600,0
10.635,-8.47,-21.20,-0.600,0
10.635,-8.47,-21.16,-0.600,0
10.635,-8.47,-21.16,-0.600,0
10.635,-8.47,-21.16,-0.600,0
10.636,-8.47,-21.16,-0.600,0
10.636,-8.47,-21.13,-0.600,0
10.636,-8.47,-21.13,-0.600,0
10.637,-8.47,-21.13,-0.600,0
10.637,-8.47,-21.13,-0.600,0
10.637,-8.47,-21.10,-0.600,0
10.637,-8.47,-21.10,-0.600,0
10.638,-8.47,-21.10,-0.600,0
10.638,-8.47,-21.10,-0.600,0
10.638,-8.47,-21.06,-0.600,0
10.638,-8.47,-21.06,-0.600,0
10.639,-8.47,-21.06,-0.600,0
10.639,-8.47,-21.06,-0.600,0
10.639,-8.47,-21.03,-0.600,0
10.639,-8.47,-21.03,-0.600,0
10.640,-8.47,-21.03,-0.600,0
10.640,-8.47,-21.03,-0.600,0
10.640,-8.47,-21.00,-0.600,0
10.640,-8.47,-21.00,-0.600,0
10.641,-8.47,-21.00,-0.600,0
10.641,-8.47,-21.00,-0.600,0
10.641,-8.47,-20.97,-0.600,0
10.641,-8.47,-20.97,-0.600,0
10.642,-8.47,-20.97,-0.600,0
10.642,-8.47,-20.97,-0.600,0
10.642,-8.47,-20.93,-0.600,0
10.642,-8.47,-20.93,-0.600,0
10.643,-8.47,-20.93,-0.600,0
10.643,-8.47,-20.93,-0.600,0
10.643,-8.47,-20.90,-0.600,0
10.644,-8.47,-20.90,-0.600,0
10.644,-8.47,-20.90,-0.600,0
10.644,-8.47,-20.87,-0.600,0
10.644,-8.47,-20.87,-0.600,0
10.645,-8.47,-20.87,-0.600,0
10.645,-8.47,-20.87,-0.600,0
10.645,-8.47,-20.84,-0.600,0
10.645,-8.47,-20.84,-0.600,0
10.646,-8.47,-20.84,-0.600,0
10.646,-8.47,-20.84,-0.600,0
10.646,-8.47,-20.80,-0.600,0
10.646,-8.47,-20.80,-0.600,0
10.647,-8.47,-20.80,-0.600,0
10.647,-8.47,-20.80,-0.600,0
10.647,-8.47,-20.77,-0.600,0
10.648,-8.47,-20.77,-0.600,0
10.648,-8.47,-20.77,-0.600,0
10.648,-8.47,-20.74,-0.600,0
10.648,-8.47,-20.74,-0.600,0
10.649,-8.47,-20.74,-0.600,0
10.649,-8.47,-20.74,-0.600,0
10.649,-8.47,-20.71,-0.600,0
10.649,-8.47,-20.71,-0.600,0
10.650,-8.47,-20.71,-0.600,0
10.650,-8.47,-20.71,-0.600,0
10.650,-8.47,-20.67,-0.600,0
10.650,-8.47,-20.67,-0.600,0
10.651,-8.47,-20.67,-0.600,0
10.651,-8.47,-20.67,-0.600,0
10.651,-8.47,-20.64,-0.600,0
10.651,-8.47,-20.64,-0.600,0
10.652,-8.47,-20.64,-0.600,0
10.652,-8.47,-20.64,-0.600,0
10.652,-8.47,-20.64,-0.600,0
10.652,-8.47,-20.61,-0.600,0
10.653,-8.47,-20.61,-0.600,0
10.653,-8.47,-20.61,-0.600,0
10.653,-8.47,-20.61,-0.600,0
10.653,-8.47,-20.58,-0.600,0
10.654,-8.47,-20.58,-0.600,0
10.654,-8.47,-20.58,-0.600,0
10.654,-8.47,-20.54,-0.600,0
10.654,-8.47,-20.54,-0.600,0
10.655,-8.47,-20.54,-0.600,0
10.655,-8.47,-20.54,-0.600,0
10.655,-8.47,-20.51,-0.600,0
10.655,-8.47,-20.51,-0.600,0
10.656,-8.47,-20.51,-0.600,0
10.656,-8.47,-20.51,-0.600,0
10.656,-8.47,-20.48,-0.600,0
10.656,-8.47,-20.48,-0.600,0
10.657,-8.47,-20.48,-0.600,0
10.657,-8.47,-20.48,-0.600,0
10.657,-8.47,-20.44,-0.600,0
10.657,-8.47,-20.44,-0.600,0
10.657,-8.47,-20.44,-0.600,0
10.658,-8.47,-20.44,-0.600,0
10.658,-8.47,-20.44,-0.600,0
10.658,-8.47,-20.41,-0.600,0
10.658,-8.47,-20.41,-0.600,0
10.659,-8.47,-20.41,-0.600,0
10.659,-8.47,-20.41,-0.600,0
10.659,-8.47,-20.38,-0.600,0
10.659,-8.47,-20.38,-0.600,0
10.660,-8.47,-20.38,-0.600,0
10.660,-8.47,-20.38,-0.600,0
10.660,-8.47,-20.35,-0.600,0
10.660,-8.47,-20.35,-0.600,0
10.661,-8.47,-20.35,-0.600,0
10.661,-8.47,-20.35,-0.600,0
10.661,-8.47,-20.31,-0.600,0
10.661,-8.47,-20.31,-0.600,0
10.662,-8.47,-20.31,-0.600,0
10.662,-8.47,-20.31,-0.600,0
10.662,-8.47,-20.28,-0.600,0
10.662,-8.47,-20.28,-0.600,0
10.663,-8.47,-20.28,-0.600,0
10.663,-8.47,-20.28,-0.600,0
10.663,-8.47,-20.25,-0.600,0
10.663,-8.47,-20.25,-0.600,0
10.664,-8.47,-20.25,-0.600,0
10.664,-8.47,-20.25,-0.600,0
10.664,-8.47,-20.22,-0.600,0
10.664,-8.47,-20.22,-0.600,0
10.665,-8.47,-20.22,-0.600,0
10.665,-8.47,-20.22,-0.600,0
10.665,-8.47,-20.18,-0.600,0
10.665,-8.47,-20.18,-0.600,0
10.666,-8.47,-20.18,-0.600,0
10.666,-8.47,-20.18,-0.600,0
10.666,-8.47,-20.18,-0.600,0
10.666,-8.47,-20.15,-0.600,0
10.667,-8.47,-20.15,-0.600,0
10.667,-8.47,-20.15,-0.600,0
10.667,-8.47,-20.15,-0.600,0
10.667,-8.47,-20.12,-0.600,0
10.667,-8.47,-20.12,-0.600,0
10.668,-8.47,-20.12,-0.600,0
10.668,-8.47,-20.12,-0.600,0
10.668,-8.47,-20.09,-0.600,0
10.668,-8.47,-20.09,-0.600,0
10.669,-8.47,-20.09,-0.600,0
10.669,-8.47,-20.09,-0.600,0
10.669,-8.47,-20.05,-0.600,0
10.669,-8.47,-20.05,-0.600,0
10.670,-8.47,-20.05,-0.600,0
10.670,-8.47,-20.05,-0.600,0
10.670,-8.47,-20.02,-0.600,0
10.670,-8.47,-20.02,-0.600,0
10.671,-8.47,-20.02,-0.600,0
10.671,-8.47,-20.02,-0.600,0
10.671,-8.47,-20.02,-0.600,0
10.671,-8.47,-19.99,-0.600,0
10.671,-8.47,-19.99,-0.600,0
10.672,-8.47,-19.99,-0.600,0
10.672,-8.47,-19.99,-0.600,0
10.672,-8.47,-19.96,-0.600,0
10.672,-8.47,-19.96,-0.600,0
10.673,-8.47,-19.96,-0.600,0
10.673,-8.47,-19.96,-0.600,0
10.673,-8.47,-19.92,-0.600,0
10.673,-8.47,-19.92,-0.600,0
10.674,-8.47,-19.92,-0.600,0
10.674,-8.47,-19.92,-0.600,0
10.674,-8.47,-19.89,-0.600,0
10.675,-8.47,-19.89,-0.600,0
10.675,-8.47,-19.89,-0.600,0
10.675,-8.47,-19.86,-0.600,0
10.676,-8.47,-19.86,-0.600,0
10.676,-8.47,-19.86,-0.600,0
10.676,-8.47,-19.82,-0.600,0
10.676,-8.47,-19.82,-0.600,0
10.677,-8.47,-19.82,-0.600,0
10.677,-8.47,-19.82,-0.600,0
10.677,-8.47,-19.79,-0.600,0
10.677,-8.47,-19.79,-0.600,0
10.678,-8.47,-19.79,-0.600,0
10.678,-8.47,-19.79,-0.600,0
10.678,-8.47,-19.76,-0.600,0
10.678,-8.47,-19.76,-0.600,0
10.678,-8.47,-19.76,-0.600,0
10.679,-8.47,-19.76,-0.600,0
10.679,-8.47,-19.76,-0.600,0
10.679,-8.47,-19.73,-0.600,0
10.679,-8.47,-19.73,-0.600,0
10.680,-8.47,-19.73,-0.600,0
10.680,-8.47,-19.73,-0.600,0
10.680,-8.47,-19.69,-0.600,0
10.680,-8.47,-19.69,-0.600,0
10.681,-8.47,-19.69,-0.600,0
10.681,-8.47,-19.69,-0.600,0
10.681,-8.47,-19.66,-0.600,0
10.681,-8.47,-19.66,-0.600,0
10.682,-8.47,-19.66,-0.600,0
10.682,-8.47,-19.63,-0.600,0
10.683,-8.47,-19.63,-0.600,0
10.683,-8.47,-19.63,-0.600,0
10.683,-8.47,-19.63,-0.600,0
10.683,-8.47,-19.60,-0.600,0
10.684,-8.47,-19.60,-0.600,0
10.684,-8.47,-19.60,-0.600,0
10.684,-8.47,-19.56,-0.600,0
10.684,-8.47,-19.56,-0.600,0
10.685,-8.47,-19.56,-0.600,0
10.685,-8.47,-19.56,-0.600,0
10.685,-8.47,-19.53,-0.600,0
10.685,-8.47,-19.53,-0.600,0
10.686,-8.47,-19.53,-0.600,0
10.686,-8.47,-19.53,-0.600,0
10.686,-8.47,-19.50,-0.600,0
10.686,-8.47,-19.50,-0.600,0
10.687,-8.47,-19.50,-0.600,0
10.687,-8.47,-19.50,-0.600,0
10.687,-8.47,-19.47,-0.600,0
10.687,-8.47,-19.47,-0.600,0
10.688,-8.47,-19.47,-0.600,0
10.688,-8.47,-19.47,-0.600,0
10.688,-8.47,-19.43,-0.600,0
10.688,-8.47,-19.43,-0.600,0
10.689,-8.47,-19.43,-0.600,0
10.689,-8.47,-19.43,-0.600,0
10.689,-8.47,-19.40,-0.600,0
10.690,-8.47,-19.40,-0.600,0
10.690,-8.47,-19.40,-0.600,0
10.690,-8.47,-19.37,-0.600,0
10.690,-8.47,-19.37,-0.600,0
10.691,-8.47,-19.37,-0.600,0
10.691,-8.47,-19.37,-0.600,0
10.691,-8.47,-19.34,-0.600,0
10.691,-8.47,-19.34,-0.600,0
10.692,-8.47,-19.34,-0.600,0
10.692,-8.47,-19.34,-0.600,0
10.692,-8.47,-19.34,-0.600,0
10.692,-8.47,-19.30,-0.600,0
10.693,-8.47,-19.30,-0.600,0
10.693,-8.47,-19.30,-0.600,0
10.693,-8.47,-19.30,-0.600,0
10.693,-8.47,-19.27,-0.600,0
10.694,-8.47,-19.27,-0.600,0
10.694,-8.47,-19.27,-0.600,0
10.694,-8.47,-19.24,-0.600,0
10.695,-8.47,-19.24,-0.600,0
10.695,-8.47,-19.20,-0.600,0
10.696,-8.47,-19.20,-0.600,0
10.696,-8.47,-19.20,-0.600,0
10.696,-8.47,-19.17,-0.600,0
10.697,-8.47,-19.17,-0.600,0
10.697,-8.47,-19.17,-0.600,0
10.697,-8.47,-19.14,-0.600,0
10.698,-8.47,-19.14,-0.600,0
10.698,-8.47,-19.14,-0.600,0
10.698,-8.47,-19.14,-0.600,0
10.698,-8.47,-19.11,-0.600,0
10.699,-8.47,-19.11,-0.600,0
10.699,-8.47,-19.11,-0.600,0
10.699,-8.47,-19.07,-0.600,0
10.699,-8.47,-19.07,-0.600,0
10.700,-8.47,-19.07,-0.600,0
10.700,-8.47,-19.07,-0.600,0
10.700,-8.47,-19.04,-0.600,0
10.701,-8.47,-19.04,-0.600,0
10.701,-8.47,-19.04,-0.600,1
10.701,-12.24,-19.01,-0.600,0
10.702,-12.24,-19.01,-0.600,0
10.702,-12.24,-19.01,-0.600,0
10.702,-12.24,-18.98,-0.600,0
10.703,-12.24,-18.98,-0.600,0
10.703,-12.24,-18.98,-0.600,0
10.703,-12.24,-18.94,-0.600,0
10.703,-12.24,-18.94,-0.600,0
10.704,-12.24,-18.94,-0.600,0
10.704,-12.24,-18.94,-0.600,0
10.704,-12.24,-18.91,-0.600,0
10.704,-12.24,-18.91,-0.600,0
10.705,-12.24,-18.91,-0.600,0
10.705,-12.24,-18.91,-0.600,0
10.705,-12.24,-18.88,-0.600,0
10.705,-12.24,-18.88,-0.600,0
10.706,-12.24,-18.88,-0.600,0
10.706,-12.24,-18.88,-0.600,0
10.706,-12.24,-18.85,-0.600,0
10.706,-12.24,-18.85,-0.600,0
10.707,-12.24,-18.85,-0.600,0
10.707,-12.24,-18.85,-0.600,0
10.707,-12.24,-18.81,-0.600,0
10.707,-12.24,-18.81,-0.600,0
10.708,-12.24,-18.81,-0.600,0
10.708,-12.24,-18.81,-0.600,0
10.708,-12.24,-18.78,-0.600,0
10.709,-12.24,-18.78,-0.600,0
10.709,-12.24,-18.78,-0.600,0
10.709,-12.24,-18.78,-0.600,0
10.709,-12.24,-18.75,-0.600,0
10.710,-12.24,-18.75,-0.600,0
10.710,-12.24,-18.75,-0.600,0
10.710,-12.24,-18.72,-0.600,0
10.710,-12.24,-18.72,-0.600,0
10.711,-12.24,-18.72,-0.600,0
10.711,-12.24,-18.72,-0.600,0
10.711,-12.24,-18.72,-0.600,0
10.711,-12.24,-18.68,-0.600,0
10.712,-12.24,-18.68,-0.600,0
10.712,-12.24,-18.68,-0.600,0
10.712,-12.24,-18.68,-0.600,0
10.712,-12.24,-18.65,-0.600,0
10.713,-12.24,-18.65,-0.600,0
10.713,-12.24,-18.65,-0.600,0
10.713,-12.24,-18.65,-0.600,0
10.713,-12.24,-18.62,-0.600,0
10.714,-12.24,-18.62,-0.600,0
10.714,-12.24,-18.62,-0.600,0
10.714,-12.24,-18.62,-0.600,0
10.714,-12.24,-18.59,-0.600,0
10.715,-12.24,-18.59,-0.600,0
10.715,-12.24,-18.59,-0.600,0
10.715,-12.24,-18.55,-0.600,0
10.715,-12.24,-18.55,-0.600,0
10.716,-12.24,-18.55,-0.600,0
10.716,-12.24,-18.55,-0.600,0
10.716,-12.24,-18.52,-0.600,0
10.717,-12.24,-18.52,-0.600,0
10.717,-12.24,-18.52,-0.600,0
10.717,-12.24,-18.49,-0.600,0
10.717,-12.24,-18.49,-0.600,0
10.718,-12.24,-18.49,-0.600,0
10.718,-12.24,-18.49,-0.600,0
10.718,-12.24,-18.49,-0.600,0
10.718,-12.24,-18.45,-0.600,0
10.719,-12.24,-18.45,-0.600,0
10.719,-12.24,-18.45,-0.600,0
10.719,-12.24,-18.45,-0.600,0
10.719,-12.24,-18.42,-0.600,0
10.719,-12.24,-18.42,-0.600,0
10.720,-12.24,-18.42,-0.600,0
10.720,-12.24,-18.42,-0.600,0
10.720,-12.24,-18.39,-0.600,0
10.721,-12.24,-18.39,-0.600,0
10.721,-12.24,-18.39,-0.600,0
10.721,-12.24,-18.36,-0.600,0
10.721,-12.24,-18.36,-0.600,0
10.722,-12.24,-18.36,-0.600,0
10.722,-12.24,-18.36,-0.600,0
10.722,-12.24,-18.32,-0.600,0
10.723,-12.24,-18.32,-0.600,0
10.723,-12.24,-18.29,-0.600,0
10.724,-12.24,-18.29,-0.600,0
10.724,-12.24,-18.29,-0.600,0
10.724,-12.24,-18.29,-0.600,0
10.724,-12.24,-18.26,-0.600,0
10.725,-12.24,-18.26,-0.600,0
10.725,-12.24,-18.26,-0.600,0
10.725,-12.24,-18.26,-0.600,0
10.725,-12.24,-18.23,-0.600,0
10.725,-12.24,-18.23,-0.600,0
10.726,-12.24,-18.23,-0.600,0
10.726,-12.24,-18.23,-0.600,0
10.726,-12.24,-18.19,-0.600,0
10.726,-12.24,-18.19,-0.600,0
10.727,-12.24,-18.19,-0.600,0
10.727,-12.24,-18.19,-0.600,0
10.727,-12.24,-18.16,-0.600,0
10.727,-12.24,-18.16,-0.600,0
10.728,-12.24,-18.16,-0.600,0
10.728,-12.24,-18.16,-0.600,0
10.728,-12.24,-18.16,-0.600,0
10.728,-12.24,-18.13,-0.600,0
10.729,-12.24,-18.13,-0.600,0
10.729,-12.24,-18.13,-0.600,0
10.729,-12.24,-18.13,-0.600,0
10.729,-12.24,-18.10,-0.600,0
10.730,-12.24,-18.10,-0.600,0
10.730,-12.24,-18.10,-0.600,0
10.730,-12.24,-18.06,-0.600,0
10.731,-12.24,-18.06,-0.600,0
10.731,-12.24,-18.06,-0.600,0
10.731,-12.24,-18.03,-0.600,0
10.732,-12.24,-18.03,-0.600,0
10.732,-12.24,-18.03,-0.600,0
10.732,-12.24,-18.00,-0.600,0
10.732,-12.24,-18.00,-0.600,0
10.733,-12.24,-18.00,-0.600,0
10.733,-12.24,-18.00,-0.600,0
10.733,-12.24,-17.97,-0.600,0
10.734,-12.24,-17.97,-0.600,0
10.734,-12.24,-17.97,-0.600,0
10.734,-12.24,-17.97,-0.600,0
10.734,-12.24,-17.93,-0.600,0
10.735,-12.24,-17.93,-0.600,0
10.735,-12.24,-17.93,-0.600,0
10.735,-12.24,-17.90,-0.600,0
10.735,-12.24,-17.90,-0.600,0
10.736,-12.24,-17.90,-0.600,0
10.736,-12.24,-17.90,-0.600,0
10.736,-12.24,-17.87,-0.600,0
10.736,-12.24,-17.87,-0.600,0
10.737,-12.24,-17.87,-0.600,0
10.737,-12.24,-17.87,-0.600,0
10.737,-12.24,-17.83,-0.600,0
10.737,-12.24,-17.83,-0.600,0
10.738,-12.24,-17.83,-0.600,0
10.738,-12.24,-17.83,-0.600,0
10.738,-12.24,-17.80,-0.600,0
10.738,-12.24,-17.80,-0.600,0
10.739,-12.24,-17.80,-0.600,0
10.739,-12.24,-17.80,-0.600,0
10.739,-12.24,-17.80,-0.600,0
10.739,-12.24,-17.77,-0.600,0
10.740,-12.24,-17.77,-0.600,0
10.740,-12.24,-17.77,-0.600,0
10.740,-12.24,-17.74,-0.600,0
10.740,-12.24,-17.74,-0.600,0
10.741,-12.24,-17.74,-0.600,0
10.741,-12.24,-17.74,-0.600,0
10.741,-12.24,-17.70,-0.600,0
10.741,-12.24,-17.70,-0.600,0
10.742,-12.24,-17.70,-0.600,0
10.742,-12.24,-17.70,-0.600,0
10.742,-12.24,-17.67,-0.600,0
10.742,-12.24,-17.67,-0.600,0
10.743,-12.24,-17.67,-0.600,0
10.743,-12.24,-17.67,-0.600,0
10.743,-12.24,-17.64,-0.600,0
10.744,-12.24,-17.64,-0.600,0
10.744,-12.24,-17.64,-0.600,0
10.744,-12.24,-17.61,-0.600,0
10.745,-12.24,-17.61,-0.600,0
10.745,-12.24,-17.61,-0.600,0
10.745,-12.24,-17.57,-0.600,0
10.746,-12.24,-17.57,-0.600,0
10.746,-12.24,-17.57,-0.600,0
10.746,-12.24,-17.57,-0.600,0
10.746,-12.24,-17.54,-0.600,0
10.746,-12.24,-17.54,-0.600,0
10.747,-12.24,-17.54,-0.600,0
10.747,-12.24,-17.54,-0.600,0
10.747,-12.24,-17.51,-0.600,0
10.747,-12.24,-17.51,-0.600,0
10.748,-12.24,-17.51,-0.600,0
10.748,-12.24,-17.51,-0.600,0
10.748,-12.24,-17.48,-0.600,0
10.748,-12.24,-17.48,-0.600,0
10.749,-12.24,-17.48,-0.600,0
10.749,-12.24,-17.48,-0.600,0
10.749,-12.24,-17.44,-0.600,0
10.749,-12.24,-17.44,-0.600,0
10.750,-12.24,-17.44,-0.600,0
10.750,-12.24,-17.44,-0.600,0
10.750,-12.24,-17.41,-0.600,0
10.750,-12.24,-17.41,-0.600,0
10.750,-12.24,-17.41,-0.600,0
10.751,-12.24,-17.41,-0.600,0
10.751,-12.24,-17.41,-0.600,0
10.751,-12.24,-17.38,-0.600,0
10.751,-12.24,-17.38,-0.600,0
10.752,-12.24,-17.38,-0.600,0
10.752,-12.24,-17.38,-0.600,0
10.752,-12.24,-17.35,-0.600,0
10.752,-12.24,-17.35,-0.600,0
10.753,-12.24,-17.35,-0.600,0
10.753,-12.24,-17.35,-0.600,0
10.753,-12.24,-17.31,-0.600,0
10.753,-12.24,-17.31,-0.600,0
10.754,-12.24,-17.31,-0.600,0
10.754,-12.24,-17.31,-0.600,0
10.754,-12.24,-17.31,-0.600,0
10.754,-12.24,-17.28,-0.600,0
10.754,-12.24,-17.28,-0.600,0
10.755,-12.24,-17.28,-0.600,0
10.755,-12.24,-17.28,-0.600,0
10.755,-12.24,-17.25,-0.600,0
10.755,-12.24,-17.25,-0.600,0
10.756,-12.24,-17.25,-0.600,0
10.756,-12.24,-17.25,-0.600,0
10.756,-12.24,-17.22,-0.600,0
10.756,-12.24,-17.22,-0.600,0
10.757,-12.24,-17.22,-0.600,0
10.757,-12.24,-17.22,-0.600,0
10.757,-12.24,-17.18,-0.600,0
10.757,-12.24,-17.18,-0.600,0
10.758,-12.24,-17.18,-0.600,0
10.758,-12.24,-17.18,-0.600,0
10.758,-12.24,-17.18,-0.600,0
10.758,-12.24,-17.15,-0.600,0
10.759,-12.24,-17.15,-0.600,0
10.759,-12.24,-17.15,-0.600,0
10.759,-12.24,-17.15,-0.600,0
10.759,-12.24,-17.12,-0.600,0
10.760,-12.24,-17.12,-0.600,0
10.760,-12.24,-17.12,-0.600,0
10.760,-12.24,-17.12,-0.600,0
10.760,-12.24,-17.08,-0.600,0
10.760,-12.24,-17.08,-0.600,0
10.761,-12.24,-17.08,-0.600,0
10.761,-12.24,-17.08,-0.600,0
10.761,-12.24,-17.05,-0.600,0
10.761,-12.24,-17.05,-0.600,0
10.762,-12.24,-17.05,-0.600,0
10.762,-12.24,-17.05,-0.600,0
10.762,-12.24,-17.02,-0.600,0
10.762,-12.24,-17.02,-0.600,0
10.763,-12.24,-17.02,-0.600,0
10.763,-12.24,-17.02,-0.600,0
10.763,-12.24,-17.02,-0.600,0
10.763,-12.24,-16.99,-0.600,0
10.764,-12.24,-16.99,-0.600,0
10.764,-12.24,-16.99,-0.600,0
10.764,-12.24,-16.99,-0.600,0
10.764,-12.24,-16.95,-0.600,0
10.765,-12.24,-16.95,-0.600,0
10.765,-12.24,-16.95,-0.600,0
10.765,-12.24,-16.92,-0.600,0
10.766,-12.24,-16.92,-0.600,0
10.766,-12.24,-16.92,-0.600,0
10.766,-12.24,-16.89,-0.600,0
10.766,-12.24,-16.89,-0.600,0
10.767,-12.24,-16.89,-0.600,0
10.767,-12.24,-16.89,-0.600,0
10.767,-12.24,-16.86,-0.600,0
10.767,-12.24,-16.86,-0.600,0
10.768,-12.24,-16.86,-0.600,0
10.768,-12.24,-16.86,-0.600,0
10.768,-12.24,-16.82,-0.600,0
10.768,-12.24,-16.82,-0.600,0
10.769,-12.24,-16.82,-0.600,0
10.769,-12.24,-16.82,-0.600,0
10.769,-12.24,-16.79,-0.600,0
10.769,-12.24,-16.79,-0.600,0
10.770,-12.24,-16.79,-0.600,0
10.770,-12.24,-16.79,-0.600,0
10.770,-12.24,-16.79,-0.600,0
10.770,-12.24,-16.76,-0.600,0
10.771,-12.24,-16.76,-0.600,0
10.771,-12.24,-16.76,-0.600,0
10.771,-12.24,-16.76,-0.600,0
10.771,-12.24,-16.73,-0.600,0
10.772,-12.24,-16.73,-0.600,0
10.772,-12.24,-16.73,-0.600,0
10.772,-12.24,-16.69,-0.600,0
10.772,-12.24,-16.69,-0.600,0
10.773,-12.24,-16.69,-0.600,0
10.773,-12.24,-16.69,-0.600,0
10.773,-12.24,-16.69,-0.600,0
10.773,-12.24,-16.66,-0.600,0
10.774,-12.24,-16.66,-0.600,0
10.774,-12.24,-16.66,-0.600,0
10.774,-12.24,-16.66,-0.600,0
10.774,-12.24,-16.63,-0.600,0
10.774,-12.24,-16.63,-0.600,0
10.775,-12.24,-16.63,-0.600,0
10.775,-12.24,-16.63,-0.600,0
10.775,-12.24,-16.60,-0.600,0
10.775,-12.24,-16.60,-0.600,0
10.776,-12.24,-16.60,-0.600,0
10.776,-12.24,-16.60,-0.600,0
10.776,-12.24,-16.56,-0.600,0
10.776,-12.24,-16.56,-0.600,0
10.777,-12.24,-16.56,-0.600,0
10.777,-12.24,-16.56,-0.600,0
10.777,-12.24,-16.53,-0.600,0
10.778,-12.24,-16.53,-0.600,0
10.778,-12.24,-16.53,-0.600,0
10.778,-12.24,-16.50,-0.600,0
10.778,-12.24,-16.50,-0.600,0
10.779,-12.24,-16.50,-0.600,0
10.779,-12.24,-16.50,-0.600,0
10.779,-12.24,-16.47,-0.600,0
10.780,-12.24,-16.47,-0.600,0
10.780,-12.24,-16.47,-0.600,0
10.780,-12.24,-16.47,-0.600,0
10.780,-12.24,-16.43,-0.600,0
10.781,-12.24,-16.43,-0.600,0
10.781,-12.24,-16.43,-0.600,0
10.781,-12.24,-16.43,-0.600,0
10.781,-12.24,-16.40,-0.600,0
10.782,-12.24,-16.40,-0.600,0
10.782,-12.24,-16.40,-0.600,0
10.782,-12.24,-16.37,-0.600,0
10.782,-12.24,-16.37,-0.600,0
10.783,-12.24,-16.37,-0.600,0
10.783,-12.24,-16.37,-0.600,0
10.783,-12.24,-16.37,-0.600,0
10.783,-12.24,-16.33,-0.600,0
10.783,-12.24,-16.33,-0.600,0
10.784,-12.24,-16.33,-0.600,0
10.784,-12.24,-16.33,-0.600,0
10.784,-12.24,-16.30,-0.600,0
10.784,-12.24,-16.30,-0.600,0
10.785,-12.24,-16.30,-0.600,0
10.785,-12.24,-16.30,-0.600,0
10.785,-12.24,-16.27,-0.600,0
10.786,-12.24,-16.27,-0.600,0
10.786,-12.24,-16.27,-0.600,0
10.786,-12.24,-16.24,-0.600,0
10.786,-12.24,-16.24,-0.600,0
10.787,-12.24,-16.24,-0.600,0
10.787,-12.24,-16.24,-0.600,0
10.787,-12.24,-16.20,-0.600,0
10.787,-12.24,-16.20,-0.600,0
10.788,-12.24,-16.20,-0.600,0
10.788,-12.24,-16.20,-0.600,0
10.788,-12.24,-16.17,-0.600,0
10.788,-12.24,-16.17,-0.600,0
10.789,-12.24,-16.17,-0.600,0
10.789,-12.24,-16.17,-0.600,0
10.789,-12.24,-16.14,-0.600,0
10.789,-12.24,-16.14,-0.600,0
10.790,-12.24,-16.14,-0.600,0
10.790,-12.24,-16.14,-0.600,0
10.790,-12.24,-16.11,-0.600,0
10.790,-12.24,-16.11,-0.600,0
10.791,-12.24,-16.11,-0.600,0
10.791,-12.24,-16.11,-0.600,0
10.791,-12.24,-16.07,-0.600,0
10.791,-12.24,-16.07,-0.600,0
10.792,-12.24,-16.07,-0.600,0
10.792,-12.24,-16.07,-0.600,0
10.792,-12.24,-16.04,-0.600,0
10.793,-12.24,-16.04,-0.600,0
10.793,-12.24,-16.04,-0.600,0
10.793,-12.24,-16.01,-0.600,0
10.793,-12.24,-16.01,-0.600,0
10.794,-12.24,-16.01,-0.600,0
10.794,-12.24,-16.01,-0.600,0
10.794,-12.24,-15.98,-0.600,0
10.794,-12.24,-15.98,-0.600,0
10.795,-12.24,-15.98,-0.600,0
10.795,-12.24,-15.98,-0.600,0
10.795,-12.24,-15.94,-0.600,0
10.795,-12.24,-15.94,-0.600,0
10.796,-12.24,-15.94,-0.600,0
10.796,-12.24,-15.94,-0.600,0
10.796,-12.24,-15.91,-0.600,0
10.796,-12.24,-15.91,-0.600,0
10.797,-12.24,-15.91,-0.600,0
10.797,-12.24,-15.91,-0.600,0
10.797,-12.24,-15.91,-0.600,0
10.797,-12.24,-15.88,-0.600,0
10.797,-12.24,-15.88,-0.600,0
10.798,-12.24,-15.88,-0.600,0
10.798,-12.24,-15.88,-0.600,0
10.798,-12.24,-15.85,-0.600,0
10.799,-12.24,-15.85,-0.600,0
10.799,-12.24,-15.85,-0.600,0
10.799,-12.24,-15.81,-0.600,0
10.800,-12.24,-15.81,-0.600,0
10.800,-12.24,-15.81,-0.600,0
10.800,-12.24,-15.78,-0.600,0
10.801,-12.24,-15.78,-0.600,0
10.801,-12.24,-15.78,-0.600,0
10.801,-12.24,-15.75,-0.600,0
10.802,-12.24,-15.75,-0.600,0
10.802,-12.24,-15.75,-0.600,0
10.802,-12.24,-15.72,-0.600,0
10.803,-12.24,-15.72,-0.600,0
10.803,-12.24,-15.72,-0.600,0
10.803,-12.24,-15.72,-0.600,0
10.803,-12.24,-15.68,-0.600,0
10.804,-12.24,-15.68,-0.600,0
10.804,-12.24,-15.68,-0.600,0
10.804,-12.24,-15.68,-0.600,0
10.804,-12.24,-15.65,-0.600,0
10.804,-12.24,-15.65,-0.600,0
10.805,-12.24,-15.65,-0.600,0
10.805,-12.24,-15.65,-0.600,0
10.805,-12.24,-15.65,-0.600,0
10.805,-12.24,-15.62,-0.600,0
10.806,-12.24,-15.62,-0.600,0
10.806,-12.24,-15.62,-0.600,0
10.806,-12.24,-15.58,-0.600,0
10.806,-12.24,-15.58,-0.600,0
10.807,-12.24,-15.58,-0.600,0
10.807,-12.24,-15.58,-0.600,0
10.807,-12.24,-15.55,-0.600,0
10.808,-12.24,-15.55,-0.600,0
10.808,-12.24,-15.55,-0.600,0
10.808,-12.24,-15.52,-0.600,0
10.808,-12.24,-15.52,-0.600,0
10.809,-12.24,-15.52,-0.600,0
10.809,-12.24,-15.52,-0.600,0
10.809,-12.24,-15.49,-0.600,0
10.809,-12.24,-15.49,-0.600,0
10.810,-12.24,-15.49,-0.600,0
10.810,-12.24,-15.49,-0.600,0
10.810,-12.24,-15.45,-0.600,0
10.810,-12.24,-15.45,-0.600,0
10.811,-12.24,-15.45,-0.600,0
10.811,-12.24,-15.45,-0.600,0
10.811,-12.24,-15.45,-0.600,0
10.811,-12.24,-15.42,-0.600,0
10.811,-12.24,-15.42,-0.600,0
10.812,-12.24,-15.42,-0.600,0
10.812,-12.24,-15.42,-0.600,0
10.812,-12.24,-15.39,-0.600,0
10.812,-12.24,-15.39,-0.600,0
10.813,-12.24,-15.39,-0.600,0
10.813,-12.24,-15.39,-0.600,0
10.813,-12.24,-15.36,-0.600,0
10.814,-12.24,-15.36,-0.600,0
10.814,-12.24,-15.36,-0.600,0
10.814,-12.24,-15.32,-0.600,0
10.814,-12.24,-15.32,-0.600,0
10.815,-12.24,-15.32,-0.600,0
10.815,-12.24,-15.32,-0.600,0
10.815,-12.24,-15.29,-0.600,0
10.815,-12.24,-15.29,-0.600,0
10.816,-12.24,-15.29,-0.600,0
10.816,-12.24,-15.29,-0.600,0
10.816,-12.24,-15.29,-0.600,0
10.816,-12.24,-15.26,-0.600,0
10.816,-12.24,-15.26,-0.600,0
10.817,-12.24,-15.26,-0.600,0
10.817,-12.24,-15.26,-0.600,0
10.817,-12.24,-15.23,-0.600,0
10.817,-12.24,-15.23,-0.600,0
10.818,-12.24,-15.23,-0.600,0
10.818,-12.24,-15.23,-0.600,0
10.818,-12.24,-15.19,-0.600,0
10.818,-12.24,-15.19,-0.600,0
10.819,-12.24,-15.19,-0.600,0
10.819,-12.24,-15.19,-0.600,0
10.819,-12.24,-15.19,-0.600,0
10.819,-12.24,-15.16,-0.600,0
10.820,-12.24,-15.16,-0.600,0
10.820,-12.24,-15.16,-0.600,0
10.820,-12.24,-15.13,-0.600,0
10.821,-12.24,-15.13,-0.600,0
10.821,-12.24,-15.13,-0.600,0
10.821,-12.24,-15.13,-0.600,0
10.821,-12.24,-15.09,-0.600,0
10.822,-12.24,-15.09,-0.600,0
10.822,-12.24,-15.09,-0.600,0
10.822,-12.24,-15.09,-0.600,0
10.822,-12.24,-15.06,-0.600,0
10.822,-12.24,-15.06,-0.600,0
10.823,-12.24,-15.06,-0.600,0
10.823,-12.24,-15.06,-0.600,0
10.823,-12.24,-15.03,-0.600,0
10.823,-12.24,-15.03,-0.600,0
10.824,-12.24,-15.03,-0.600,0
10.824,-12.24,-15.03,-0.600,0
10.824,-12.24,-15.00,-0.600,0
10.824,-12.24,-15.00,-0.600,0
10.825,-12.24,-15.00,-0.600,0
10.825,-12.24,-15.00,-0.600,0
10.825,-12.24,-15.00,-0.600,0
10.825,-12.24,-14.96,-0.600,0
10.826,-12.24,-14.96,-0.600,0
10.826,-12.24,-14.96,-0.600,0
10.826,-12.24,-14.93,-0.600,0
10.826,-12.24,-14.93,-0.600,0
10.827,-12.24,-14.93,-0.600,0
10.827,-12.24,-14.93,-0.600,0
10.827,-12.24,-14.90,-0.600,0
10.828,-12.24,-14.90,-0.600,0
10.828,-12.24,-14.90,-0.600,0
10.828,-12.24,-14.87,-0.600,0
10.828,-12.24,-14.87,-0.600,0
10.829,-12.24,-14.87,-0.600,0
10.829,-12.24,-14.87,-0.600,0
10.829,-12.24,-14.83,-0.600,0
10.829,-12.24,-14.83,-0.600,0
10.830,-12.24,-14.83,-0.600,0
10.830,-12.24,-14.83,-0.600,0
10.830,-12.24,-14.80,-0.600,0
10.830,-12.24,-14.80,-0.600,0
10.831,-12.24,-14.80,-0.600,0
10.831,-12.24,-14.80,-0.600,0
10.831,-12.24,-14.80,-0.600,0
10.831,-12.24,-14.77,-0.600,0
10.832,-12.24,-14.77,-0.600,0
10.832,-12.24,-14.77,-0.600,0
10.832,-12.24,-14.74,-0.600,0
10.832,-12.24,-14.74,-0.600,0
10.833,-12.24,-14.74,-0.600,0
10.833,-12.24,-14.74,-0.600,0
10.833,-12.24,-14.70,-0.600,0
10.834,-12.24,-14.70,-0.600,0
10.834,-12.24,-14.70,-0.600,0
10.834,-12.24,-14.67,-0.600,0
10.834,-12.24,-14.67,-0.600,0
10.835,-12.24,-14.67,-0.600,0
10.835,-12.24,-14.67,-0.600,0
10.835,-12.24,-14.64,-0.600,0
10.835,-12.24,-14.64,-0.600,0
10.836,-12.24,-14.64,-0.600,0
10.836,-12.24,-14.64,-0.600,0
10.836,-12.24,-14.61,-0.600,0
10.836,-12.24,-14.61,-0.600,0
10.837,-12.24,-14.61,-0.600,0
10.837,-12.24,-14.61,-0.600,0
10.837,-12.24,-14.57,-0.600,0
10.837,-12.24,-14.57,-0.600,0
10.838,-12.24,-14.57,-0.600,0
10.838,-12.24,-14.57,-0.600,0
10.838,-12.24,-14.57,-0.600,0
10.838,-12.24,-14.54,-0.600,0
10.839,-12.24,-14.54,-0.600,0
10.839,-12.24,-14.54,-0.600,0
10.839,-12.24,-14.54,-0.600,0
10.839,-12.24,-14.51,-0.600,0
10.840,-12.24,-14.51,-0.600,0
10.840,-12.24,-14.51,-0.600,0
10.840,-12.24,-14.51,-0.600,0
10.840,-12.24,-14.48,-0.600,0
10.840,-12.24,-14.48,-0.600,0
10.841,-12.24,-14.48,-0.600,0
10.841,-12.24,-14.48,-0.600,0
10.841,-12.24,-14.44,-0.600,0
10.842,-12.24,-14.44,-0.600,0
10.842,-12.24,-14.44,-0.600,0
10.842,-12.24,-14.41,-0.600,0
10.842,-12.24,-14.41,-0.600,0
10.843,-12.24,-14.41,-0.600,0
10.843,-12.24,-14.41,-0.600,0
10.843,-12.24,-14.41,-0.600,0
10.843,-12.24,-14.38,-0.600,0
10.843,-12.24,-14.38,-0.600,0
10.844,-12.24,-14.38,-0.600,0
10.844,-12.24,-14.38,-0.600,0
10.844,-12.24,-14.34,-0.600,0
10.844,-12.24,-14.34,-0.600,0
10.845,-12.24,-14.34,-0.600,0
10.845,-12.24,-14.34,-0.600,0
10.845,-12.24,-14.31,-0.600,0
10.845,-12.24,-14.31,-0.600,0
10.846,-12.24,-14.31,-0.600,0
10.846,-12.24,-14.31,-0.600,0
10.846,-12.24,-14.28,-0.600,0
10.846,-12.24,-14.28,-0.600,0
10.847,-12.24,-14.28,-0.600,0
10.847,-12.24,-14.28,-0.600,0
10.847,-12.24,-14.25,-0.600,0
10.847,-12.24,-14.25,-0.600,0
10.848,-12.24,-14.25,-0.600,0
10.848,-12.24,-14.25,-0.600,0
10.848,-12.24,-14.21,-0.600,0
10.848,-12.24,-14.21,-0.600,0
10.849,-12.24,-14.21,-0.600,0
10.849,-12.24,-14.21,-0.600,0
10.849,-12.24,-14.18,-0.600,0
10.849,-12.24,-14.18,-0.600,0
10.850,-12.24,-14.18,-0.600,0
10.850,-12.24,-14.18,-0.600,0
10.850,-12.24,-14.15,-0.600,0
10.850,-12.24,-14.15,-0.600,0
10.851,-12.24,-14.15,-0.600,0
10.851,-12.24,-14.15,-0.600,0
10.851,-12.24,-14.12,-0.600,0
10.851,-12.24,-14.12,-0.600,0
10.852,-12.24,-14.12,-0.600,0
10.852,-12.24,-14.12,-0.600,0
10.852,-12.24,-14.08,-0.600,0
10.852,-12.24,-14.08,-0.600,0
10.853,-12.24,-14.08,-0.600,0
10.853,-12.24,-14.08,-0.600,0
10.853,-12.24,-14.05,-0.600,0
10.853,-12.24,-14.05,-0.600,0
10.854,-12.24,-14.05,-0.600,0
10.854,-12.24,-14.05,-0.600,0
10.854,-12.24,-14.02,-0.600,0
10.854,-12.24,-14.02,-0.600,0
10.855,-12.24,-14.02,-0.600,0
10.855,-12.24,-14.02,-0.600,0
10.855,-12.24,-13.99,-0.600,0
10.855,-12.24,-13.99,-0.600,0
10.856,-12.24,-13.99,-0.600,0
10.856,-12.24,-13.99,-0.600,0
10.856,-12.24,-13.95,-0.600,0
10.856,-12.24,-13.95,-0.600,0
10.857,-12.24,-13.95,-0.600,0
10.857,-12.24,-13.95,-0.600,0
10.857,-12.24,-13.92,-0.600,0
10.857,-12.24,-13.92,-0.600,0
10.858,-12.24,-13.92,-0.600,0
10.858,-12.24,-13.92,-0.600,0
10.858,-12.24,-13.89,-0.600,0
10.858,-12.24,-13.89,-0.600,0
10.859,-12.24,-13.89,-0.600,0
10.859,-12.24,-13.89,-0.600,0
10.859,-12.24,-13.86,-0.600,0
10.859,-12.24,-13.86,-0.600,0
10.859,-12.24,-13.86,-0.600,0
10.860,-12.24,-13.86,-0.600,0
10.860,-12.24,-13.86,-0.600,0
10.860,-12.24,-13.82,-0.600,0
10.860,-12.24,-13.82,-0.600,0
10.861,-12.24,-13.82,-0.600,0
10.861,-12.24,-13.79,-0.600,0
10.861,-12.24,-13.79,-0.600,0
10.862,-12.24,-13.79,-0.600,0
10.862,-12.24,-13.79,-0.600,0
10.862,-12.24,-13.76,-0.600,0
10.863,-12.24,-13.76,-0.600,0
10.863,-12.24,-13.76,-0.600,0
10.863,-12.24,-13.72,-0.600,0
10.864,-12.24,-13.72,-0.600,0
10.864,-12.24,-13.72,-0.600,0
10.864,-12.24,-13.69,-0.600,0
10.864,-12.24,-13.69,-0.600,0
10.865,-12.24,-13.69,-0.600,0
10.865,-12.24,-13.69,-0.600,0
10.865,-12.24,-13.66,-0.600,0
10.865,-12.24,-13.66,-0.600,0
10.866,-12.24,-13.66,-0.600,0
10.866,-12.24,-13.66,-0.600,0
10.866,-12.24,-13.63,-0.600,0
10.866,-12.24,-13.63,-0.600,0
10.867,-12.24,-13.63,-0.600,0
10.867,-12.24,-13.63,-0.600,0
10.867,-12.24,-13.59,-0.600,0
10.868,-12.24,-13.59,-0.600,0
10.868,-12.24,-13.59,-0.600,0
10.868,-12.24,-13.56,-0.600,0
10.868,-12.24,-13.56,-0.600,0
10.869,-12.24,-13.56,-0.600,0
10.869,-12.24,-13.56,-0.600,0
10.869,-12.24,-13.53,-0.600,0
10.870,-12.24,-13.53,-0.600,0
10.870,-12.24,-13.53,-0.600,0
10.870,-12.24,-13.50,-0.600,0
10.870,-12.24,-13.50,-0.600,0
10.871,-12.24,-13.50,-0.600,0
10.871,-12.24,-13.50,-0.600,0
10.871,-12.24,-13.47,-0.600,0
10.871,-12.24,-13.47,-0.600,0
10.872,-12.24,-13.47,-0.600,0
10.872,-12.24,-13.47,-0.600,0
10.872,-12.24,-13.43,-0.600,0
10.872,-12.24,-13.43,-0.600,0
10.873,-12.24,-13.43,-0.600,0
10.873,-12.24,-13.43,-0.600,0
10.873,-12.24,-13.43,-0.600,0
10.873,-12.24,-13.40,-0.600,0
10.874,-12.24,-13.40,-0.600,0
10.874,-12.24,-13.40,-0.600,0
10.874,-12.24,-13.37,-0.600,0
10.874,-12.24,-13.37,-0.600,0
10.874,-12.24,-13.37,-0.600,0
10.875,-12.24,-13.37,-0.600,0
10.875,-12.24,-13.33,-0.600,0
10.875,-12.24,-13.33,-0.600,0
10.876,-12.24,-13.33,-0.600,0
10.876,-12.24,-13.33,-0.600,0
10.876,-12.24,-13.30,-0.600,0
10.877,-12.24,-13.30,-0.600,0
10.877,-12.24,-13.30,-0.600,0
10.877,-12.24,-13.30,-0.600,0
10.877,-12.24,-13.27,-0.600,0
10.877,-12.24,-13.27,-0.600,0
10.878,-12.24,-13.27,-0.600,0
10.878,-12.24,-13.27,-0.600,0
10.878,-12.24,-13.24,-0.600,0
10.878,-12.24,-13.24,-0.600,0
10.879,-12.24,-13.24,-0.600,0
10.879,-12.24,-13.24,-0.600,0
10.879,-12.24,-13.20,-0.600,0
10.879,-12.24,-13.20,-0.600,0
10.880,-12.24,-13.20,-0.600,0
10.880,-12.24,-13.20,-0.600,0
10.880,-12.24,-13.20,-0.600,0
10.880,-12.24,-13.17,-0.600,0
10.880,-12.24,-13.17,-0.600,0
10.881,-12.24,-13.17,-0.600,0
10.881,-12.24,-13.17,-0.600,0
10.881,-12.24,-13.14,-0.600,0
10.881,-12.24,-13.14,-0.600,0
10.882,-12.24,-13.14,-0.600,0
10.882,-12.24,-13.14,-0.600,0
10.882,-12.24,-13.11,-0.600,0
10.883,-12.24,-13.11,-0.600,0
10.883,-12.24,-13.11,-0.600,0
10.883,-12.24,-13.07,-0.600,0
10.884,-12.24,-13.07,-0.600,0
10.884,-12.24,-13.07,-0.600,0
10.884,-12.24,-13.04,-0.600,0
10.884,-12.24,-13.04,-0.600,0
10.885,-12.24,-13.04,-0.600,0
10.885,-12.24,-13.04,-0.600,0
10.885,-12.24,-13.04,-0.600,0
10.885,-12.24,-13.01,-0.600,0
10.885,-12.24,-13.01,-0.600,0
10.886,-12.24,-13.01,-0.600,0
10.886,-12.24,-13.01,-0.600,0
10.886,-12.24,-12.98,-0.600,0
10.886,-12.24,-12.98,-0.600,0
10.887,-12.24,-12.98,-0.600,0
10.887,-12.24,-12.98,-0.600,0
10.887,-12.24,-12.94,-0.600,0
10.887,-12.24,-12.94,-0.600,0
10.888,-12.24,-12.94,-0.600,0
10.888,-12.24,-12.94,-0.600,0
10.888,-12.24,-12.91,-0.600,0
10.888,-12.24,-12.91,-0.600,0
10.889,-12.24,-12.91,-0.600,0
10.889,-12.24,-12.91,-0.600,0
10.889,-12.24,-12.88,-0.600,0
10.889,-12.24,-12.88,-0.600,0
10.890,-12.24,-12.88,-0.600,0
10.890,-12.24,-12.88,-0.600,0
10.890,-12.24,-12.85,-0.600,0
10.891,-12.24,-12.85,-0.600,0
10.891,-12.24,-12.85,-0.600,0
10.891,-12.24,-12.85,-0.600,0
10.891,-12.24,-12.81,-0.600,0
10.891,-12.24,-12.81,-0.600,0
10.892,-12.24,-12.81,-0.600,0
10.892,-12.24,-12.81,-0.600,0
10.892,-12.24,-12.78,-0.600,0
10.892,-12.24,-12.78,-0.600,0
10.893,-12.24,-12.78,-0.600,0
10.893,-12.24,-12.78,-0.600,0
10.893,-12.24,-12.78,-0.600,0
10.893,-12.24,-12.75,-0.600,0
10.893,-12.24,-12.75,-0.600,0
10.894,-12.24,-12.75,-0.600,0
10.894,-12.24,-12.75,-0.600,0
10.894,-12.24,-12.72,-0.600,0
10.894,-12.24,-12.72,-0.600,0
10.895,-12.24,-12.72,-0.600,0
10.895,-12.24,-12.72,-0.600,0
10.895,-12.24,-12.68,-0.600,0
10.895,-12.24,-12.68,-0.600,0
10.896,-12.24,-12.68,-0.600,0
10.896,-12.24,-12.68,-0.600,0
10.896,-12.24,-12.68,-0.600,0
10.896,-12.24,-12.65,-0.600,0
10.897,-12.24,-12.65,-0.600,0
10.897,-12.24,-12.65,-0.600,0
10.897,-12.24,-12.62,-0.600,0
10.898,-12.24,-12.62,-0.600,0
10.898,-12.24,-12.62,-0.600,0
10.898,-12.24,-12.62,-0.600,0
10.898,-12.24,-12.58,-0.600,0
10.899,-12.24,-12.58,-0.600,0
10.899,-12.24,-12.58,-0.600,0
10.899,-12.24,-12.58,-0.600,0
10.899,-12.24,-12.55,-0.600,0
10.899,-12.24,-12.55,-0.600,0
10.900,-12.24,-12.55,-0.600,0
10.900,-12.24,-12.55,-0.600,0
10.900,-12.24,-12.52,-0.600,0
10.900,-12.24,-12.52,-0.600,0
10.901,-12.24,-12.52,-0.600,0
10.901,-12.24,-12.52,-0.600,0
10.901,-12.24,-12.49,-0.600,0
10.901,-12.24,-12.49,-0.600,0
10.902,-12.24,-12.49,-0.600,0
10.902,-12.24,-12.49,-0.600,0
10.902,-12.24,-12.45,-0.600,0
10.902,-12.24,-12.45,-0.600,0
10.903,-12.24,-12.45,-0.600,0
10.903,-12.24,-12.45,-0.600,0
10.903,-12.24,-12.42,-0.600,0
10.903,-12.24,-12.42,-0.600,0
10.904,-12.24,-12.42,-0.600,0
10.904,-12.24,-12.42,-0.600,0
10.904,-12.24,-12.39,-0.600,0
10.905,-12.24,-12.39,-0.600,0
10.905,-12.24,-12.39,-0.600,0
10.905,-12.24,-12.36,-0.600,0
10.905,-12.24,-12.36,-0.600,0
10.906,-12.24,-12.36,-0.600,0
10.906,-12.24,-12.36,-0.600,0
10.906,-12.24,-12.32,-0.600,0
10.906,-12.24,-12.32,-0.600,0
10.907,-12.24,-12.32,-0.600,0
10.907,-12.24,-12.32,-0.600,0
10.907,-12.24,-12.32,-0.600,0
10.907,-12.24,-12.29,-0.600,0
10.907,-12.24,-12.29,-0.600,0
10.908,-12.24,-12.29,-0.600,0
10.908,-12.24,-12.29,-0.600,0
10.908,-12.24,-12.26,-0.600,0
10.908,-12.24,-12.26,-0.600,0
10.909,-12.24,-12.26,-0.600,0
10.909,-12.24,-12.26,-0.600,0
10.909,-12.24,-12.23,-0.600,0
10.909,-12.24,-12.23,-0.600,0
10.910,-12.24,-12.23,-0.600,0
10.910,-12.24,-12.23,-0.600,0
10.910,-12.24,-12.19,-0.600,0
10.910,-12.24,-12.19,-0.600,0
10.911,-12.24,-12.19,-0.600,0
10.911,-12.24,-12.19,-0.600,0
10.911,-12.24,-12.16,-0.600,0
10.912,-12.24,-12.16,-0.600,0
10.912,-12.24,-12.16,-0.600,0
10.912,-12.24,-12.16,-0.600,0
10.912,-12.24,-12.13,-0.600,0
10.913,-12.24,-12.13,-0.600,0
10.913,-12.24,-12.13,-0.600,0
10.913,-12.24,-12.13,-0.600,0
10.913,-12.24,-12.10,-0.600,0
10.913,-12.24,-12.10,-0.600,0
10.914,-12.24,-12.10,-0.600,0
10.914,-12.24,-12.10,-0.600,0
10.914,-12.24,-12.06,-0.600,0
10.914,-12.24,-12.06,-0.600,0
10.915,-12.24,-12.06,-0.600,0
10.915,-12.24,-12.06,-0.600,0
10.915,-12.24,-12.03,-0.600,0
10.915,-12.24,-12.03,-0.600,0
10.916,-12.24,-12.03,-0.600,0
10.916,-12.24,-12.03,-0.600,0
10.916,-12.24,-12.00,-0.600,0
10.916,-12.24,-12.00,-0.600,0
10.917,-12.24,-12.00,-0.600,0
10.917,-12.24,-12.00,-0.600,0
10.917,-12.24,-12.00,-0.600,0
10.917,-12.24,-11.97,-0.600,0
10.918,-12.24,-11.97,-0.600,0
10.918,-12.24,-11.97,-0.600,0
10.918,-12.24,-11.93,-0.600,0
10.919,-12.24,-11.93,-0.600,0
10.919,-12.24,-11.93,-0.600,0
10.919,-12.24,-11.93,-0.600,0
10.919,-12.24,-11.90,-0.600,0
10.920,-12.24,-11.90,-0.600,0
10.920,-12.24,-11.90,-0.600,0
10.920,-12.24,-11.90,-0.600,0
10.920,-12.24,-11.87,-0.600,0
10.920,-12.24,-11.87,-0.600,0
10.921,-12.24,-11.87,-0.600,0
10.921,-12.24,-11.87,-0.600,0
10.921,-12.24,-11.87,-0.600,0
10.921,-12.24,-11.84,-0.600,0
10.922,-12.24,-11.84,-0.600,0
10.922,-12.24,-11.84,-0.600,0
10.922,-12.24,-11.80,-0.600,0
10.922,-12.24,-11.80,-0.600,0
10.923,-12.24,-11.80,-0.600,0
10.923,-12.24,-11.80,-0.600,0
10.923,-12.24,-11.77,-0.600,0
10.923,-12.24,-11.77,-0.600,0
10.924,-12.24,-11.77,-0.600,0
10.924,-12.24,-11.77,-0.600,0
10.924,-12.24,-11.74,-0.600,0
10.925,-12.24,-11.74,-0.600,0
10.925,-12.24,-11.74,-0.600,0
10.925,-12.24,-11.74,-0.600,0
10.925,-12.24,-11.70,-0.600,0
10.926,-12.24,-11.70,-0.600,0
10.926,-12.24,-11.70,-0.600,0
10.926,-12.24,-11.67,-0.600,0
10.926,-12.24,-11.67,-0.600,0
10.927,-12.24,-11.67,-0.600,0
10.927,-12.24,-11.67,-0.600,0
10.927,-12.24,-11.67,-0.600,0
10.927,-12.24,-11.64,-0.600,0
10.927,-12.24,-11.64,-0.600,0
10.928,-12.24,-11.64,-0.600,0
10.928,-12.24,-11.64,-0.600,0
10.928,-12.24,-11.61,-0.600,0
10.928,-12.24,-11.61,-0.600,0
10.929,-12.24,-11.61,-0.600,0
10.929,-12.24,-11.61,-0.600,0
10.929,-12.24,-11.57,-0.600,0
10.929,-12.24,-11.57,-0.600,0
10.930,-12.24,-11.57,-0.600,0
10.930,-12.24,-11.57,-0.600,0
10.930,-12.24,-11.57,-0.600,0
10.930,-12.24,-11.54,-0.600,0
10.931,-12.24,-11.54,-0.600,0
10.931,-12.24,-11.54,-0.600,0
10.931,-12.24,-11.51,-0.600,0
10.931,-12.24,-11.51,-0.600,0
10.932,-12.24,-11.51,-0.600,0
10.932,-12.24,-11.51,-0.600,0
10.932,-12.24,-11.48,-0.600,0
10.932,-12.24,-11.48,-0.600,0
10.933,-12.24,-11.48,-0.600,0
10.933,-12.24,-11.48,-0.600,0
10.933,-12.24,-11.44,-0.600,0
10.934,-12.24,-11.44,-0.600,0
10.934,-12.24,-11.44,-0.600,0
10.934,-12.24,-11.44,-0.600,0
10.934,-12.24,-11.41,-0.600,0
10.935,-12.24,-11.41,-0.600,0
10.935,-12.24,-11.41,-0.600,0
10.935,-12.24,-11.41,-0.600,0
10.935,-12.24,-11.38,-0.600,0
10.936,-12.24,-11.38,-0.600,0
10.936,-12.24,-11.38,-0.600,0
10.936,-12.24,-11.38,-0.600,0
10.936,-12.24,-11.35,-0.600,0
10.936,-12.24,-11.35,-0.600,0
10.937,-12.24,-11.35,-0.600,0
10.937,-12.24,-11.35,-0.600,0
10.937,-12.24,-11.31,-0.600,0
10.938,-12.24,-11.31,-0.600,0
10.938,-12.24,-11.31,-0.600,0
10.938,-12.24,-11.31,-0.600,0
10.938,-12.24,-11.28,-0.600,0
10.939,-12.24,-11.28,-0.600,0
10.939,-12.24,-11.28,-0.600,0
10.939,-12.24,-11.25,-0.600,0
10.940,-12.24,-11.25,-0.600,0
10.940,-12.24,-11.25,-0.600,0
10.940,-12.24,-11.22,-0.600,0
10.940,-12.24,-11.22,-0.600,0
10.941,-12.24,-11.22,-0.600,0
10.941,-12.24,-11.22,-0.600,0
10.941,-12.24,-11.22,-0.600,0
10.941,-12.24,-11.18,-0.600,0
10.942,-12.24,-11.18,-0.600,0
10.942,-12.24,-11.18,-0.600,0
10.942,-12.24,-11.18,-0.600,0
10.942,-12.24,-11.15,-0.600,0
10.943,-12.24,-11.15,-0.600,0
10.943,-12.24,-11.15,-0.600,0
10.943,-12.24,-11.15,-0.600,0
10.943,-12.24,-11.12,-0.600,0
10.943,-12.24,-11.12,-0.600,0
10.944,-12.24,-11.12,-0.600,0
10.944,-12.24,-11.12,-0.600,0
10.944,-12.24,-11.09,-0.600,0
10.945,-12.24,-11.09,-0.600,0
10.945,-12.24,-11.09,-0.600,0
10.945,-12.24,-11.05,-0.600,0
10.946,-12.24,-11.05,-0.600,0
10.946,-12.24,-11.05,-0.600,0
10.946,-12.24,-11.05,-0.600,0
10.946,-12.24,-11.02,-0.600,0
10.947,-12.24,-11.02,-0.600,0
10.947,-12.24,-11.02,-0.600,0
10.947,-12.24,-11.02,-0.600,0
10.947,-12.24,-10.99,-0.600,0
10.947,-12.24,-10.99,-0.600,0
10.948,-12.24,-10.99,-0.600,0
10.948,-12.24,-10.99,-0.600,0
10.948,-12.24,-10.95,-0.600,0
10.948,-12.24,-10.95,-0.600,0
10.949,-12.24,-10.95,-0.600,0
10.949,-12.24,-10.95,-0.600,0
10.949,-12.24,-10.95,-0.600,0
10.949,-12.24,-10.92,-0.600,0
10.950,-12.24,-10.92,-0.600,0
10.950,-12.24,-10.92,-0.600,0
10.950,-12.24,-10.92,-0.600,0
10.950,-12.24,-10.89,-0.600,0
10.950,-12.24,-10.89,-0.600,0
10.951,-12.24,-10.89,-0.600,0
10.951,-12.24,-10.89,-0.600,0
10.951,-12.24,-10.86,-0.600,0
10.952,-12.24,-10.86,-0.600,0
10.952,-12.24,-10.86,-0.600,0
10.952,-12.24,-10.86,-0.600,0
10.952,-12.24,-10.82,-0.600,0
10.953,-12.24,-10.82,-0.600,0
10.953,-12.24,-10.82,-0.600,0
10.953,-12.24,-10.79,-0.600,0
10.953,-12.24,-10.79,-0.600,0
10.954,-12.24,-10.79,-0.600,0
10.954,-12.24,-10.79,-0.600,0
10.954,-12.24,-10.76,-0.600,0
10.954,-12.24,-10.76,-0.600,0
10.955,-12.24,-10.76,-0.600,0
10.955,-12.24,-10.76,-0.600,0
10.955,-12.24,-10.76,-0.600,0
10.955,-12.24,-10.73,-0.600,0
10.956,-12.24,-10.73,-0.600,0
10.956,-12.24,-10.73,-0.600,0
10.956,-12.24,-10.73,-0.600,0
10.956,-12.24,-10.69,-0.600,0
10.956,-12.24,-10.69,-0.600,0
10.957,-12.24,-10.69,-0.600,0
10.957,-12.24,-10.69,-0.600,0
10.957,-12.24,-10.66,-0.600,0
10.957,-12.24,-10.66,-0.600,0
10.958,-12.24,-10.66,-0.600,0
10.958,-12.24,-10.66,-0.600,0
10.958,-12.24,-10.63,-0.600,0
10.958,-12.24,-10.63,-0.600,0
10.959,-12.24,-10.63,-0.600,0
10.959,-12.24,-10.63,-0.600,0
10.959,-12.24,-10.60,-0.600,0
10.960,-12.24,-10.60,-0.600,0
10.960,-12.24,-10.60,-0.600,0
10.960,-12.24,-10.60,-0.600,0
10.960,-12.24,-10.56,-0.600,0
10.961,-12.24,-10.56,-0.600,0
10.961,-12.24,-10.56,-0.600,0
10.961,-12.24,-10.56,-0.600,0
10.961,-12.24,-10.53,-0.600,0
10.962,-12.24,-10.53,-0.600,0
10.962,-12.24,-10.53,-0.600,0
10.962,-12.24,-10.53,-0.600,0
10.962,-12.24,-10.50,-0.600,0
10.963,-12.24,-10.50,-0.600,0
10.963,-12.24,-10.50,-0.600,0
10.963,-12.24,-10.50,-0.600,0
10.963,-12.24,-10.47,-0.600,0
10.963,-12.24,-10.47,-0.600,0
10.964,-12.24,-10.47,-0.600,0
10.964,-12.24,-10.47,-0.600,0
10.964,-12.24,-10.43,-0.600,0
10.964,-12.24,-10.43,-0.600,0
10.965,-12.24,-10.43,-0.600,0
10.965,-12.24,-10.43,-0.600,0
10.965,-12.24,-10.43,-0.600,0
10.965,-12.24,-10.40,-0.600,0
10.966,-12.24,-10.40,-0.600,0
10.966,-12.24,-10.40,-0.600,0
10.966,-12.24,-10.40,-0.600,0
10.966,-12.24,-10.37,-0.600,0
10.967,-12.24,-10.37,-0.600,0
10.967,-12.24,-10.37,-0.600,0
10.967,-12.24,-10.37,-0.600,0
10.967,-12.24,-10.34,-0.600,0
10.968,-12.24,-10.34,-0.600,0
10.968,-12.24,-10.34,-0.600,0
10.968,-12.24,-10.30,-0.600,0
10.968,-12.24,-10.30,-0.600,0
10.969,-12.24,-10.30,-0.600,0
10.969,-12.24,-10.30,-0.600,0
10.969,-12.24,-10.27,-0.600,0
10.969,-12.24,-10.27,-0.600,0
10.970,-12.24,-10.27,-0.600,0
10.970,-12.24,-10.27,-0.600,0
10.970,-12.24,-10.27,-0.600,0
10.970,-12.24,-10.24,-0.600,0
10.971,-12.24,-10.24,-0.600,0
10.971,-12.24,-10.24,-0.600,0
10.971,-12.24,-10.24,-0.600,0
10.971,-12.24,-10.21,-0.600,0
10.972,-12.24,-10.21,-0.600,0
10.972,-12.24,-10.21,-0.600,0
10.972,-12.24,-10.21,-0.600,0
10.972,-12.24,-10.17,-0.600,0
10.973,-12.24,-10.17,-0.600,0
10.973,-12.24,-10.17,-0.600,0
10.973,-12.24,-10.17,-0.600,0
10.973,-12.24,-10.14,-0.600,0
10.974,-12.24,-10.14,-0.600,0
10.974,-12.24,-10.14,-0.600,0
10.974,-12.24,-10.11,-0.600,0
10.974,-12.24,-10.11,-0.600,0
10.975,-12.24,-10.11,-0.600,0
10.975,-12.24,-10.11,-0.600,0
10.975,-12.24,-10.11,-0.600,0
10.975,-12.24,-10.07,-0.600,0
10.976,-12.24,-10.07,-0.600,0
10.976,-12.24,-10.07,-0.600,0
10.976,-12.24,-10.07,-0.600,0
10.976,-12.24,-10.04,-0.600,0
10.976,-12.24,-10.04,-0.600,0
10.977,-12.24,-10.04,-0.600,0
10.977,-12.24,-10.04,-0.600,0
10.977,-12.24,-10.01,-0.600,0
10.977,-12.24,-10.01,-0.600,0
10.978,-12.24,-10.01,-0.600,0
10.978,-12.24,-10.01,-0.600,0
10.978,-12.24,-10.01,-0.600,0
10.978,-12.24,-9.98,-0.600,0
10.979,-12.24,-9.98,-0.600,0
10.979,-12.24,-9.98,-0.600,0
10.979,-12.24,-9.94,-0.600,0
10.979,-12.24,-9.94,-0.600,0
10.980,-12.24,-9.94,-0.600,0
10.980,-12.24,-9.94,-0.600,0
10.980,-12.24,-9.91,-0.600,0
10.981,-12.24,-9.91,-0.600,0
10.981,-12.24,-9.91,-0.600,0
10.981,-12.24,-9.91,-0.600,0
10.981,-12.24,-9.88,-0.600,0
10.982,-12.24,-9.88,-0.600,0
10.982,-12.24,-9.88,-0.600,0
10.982,-12.24,-9.88,-0.600,0
10.982,-12.24,-9.85,-0.600,0
10.982,-12.24,-9.85,-0.600,0
10.983,-12.24,-9.85,-0.600,0
10.983,-12.24,-9.85,-0.600,0
10.983,-12.24,-9.81,-0.600,0
10.983,-12.24,-9.81,-0.600,0
10.984,-12.24,-9.81,-0.600,0
10.984,-12.24,-9.81,-0.600,0
10.984,-12.24,-9.81,-0.600,0
10.984,-12.24,-9.78,-0.600,0
10.985,-12.24,-9.78,-0.600,0
10.985,-12.24,-9.78,-0.600,0
10.985,-12.24,-9.78,-0.600,0
10.985,-12.24,-9.75,-0.600,0
10.986,-12.24,-9.75,-0.600,0
10.986,-12.24,-9.75,-0.600,0
10.986,-12.24,-9.75,-0.600,0
10.986,-12.24,-9.72,-0.600,0
10.987,-12.24,-9.72,-0.600,0
10.987,-12.24,-9.72,-0.600,0
10.987,-12.24,-9.72,-0.600,0
10.987,-12.24,-9.68,-0.600,0
10.988,-12.24,-9.68,-0.600,0
10.988,-12.24,-9.68,-0.600,0
10.988,-12.24,-9.65,-0.600,0
10.989,-12.24,-9.65,-0.600,0
10.989,-12.24,-9.65,-0.600,0
10.989,-12.24,-9.65,-0.600,0
10.989,-12.24,-9.62,-0.600,0
10.989,-12.24,-9.62,-0.600,0
10.990,-12.24,-9.62,-0.600,0
10.990,-12.24,-9.62,-0.600,0
10.990,-12.24,-9.62,-0.600,0
10.990,-12.24,-9.59,-0.600,0
10.991,-12.24,-9.59,-0.600,0
10.991,-12.24,-9.59,-0.600,0
10.991,-12.24,-9.59,-0.600,0
10.991,-12.24,-9.55,-0.600,0
10.991,-12.24,-9.55,-0.600,0
10.992,-12.24,-9.55,-0.600,0
10.992,-12.24,-9.55,-0.600,0
10.992,-12.24,-9.55,-0.600,0
10.992,-12.24,-9.52,-0.600,0
10.993,-12.24,-9.52,-0.600,0
10.993,-12.24,-9.52,-0.600,0
10.993,-12.24,-9.49,-0.600,0
10.993,-12.24,-9.49,-0.600,0
10.994,-12.24,-9.49,-0.600,0
10.994,-12.24,-9.49,-0.600,0
10.994,-12.24,-9.46,-0.600,0
10.995,-12.24,-9.46,-0.600,0
10.995,-12.24,-9.46,-0.600,0
10.995,-12.24,-9.46,-0.600,0
10.995,-12.24,-9.42,-0.600,0
10.996,-12.24,-9.42,-0.600,0
10.996,-12.24,-9.42,-0.600,0
10.996,-12.24,-9.42,-0.600,0
10.996,-12.24,-9.39,-0.600,0
10.996,-12.24,-9.39,-0.600,0
10.997,-12.24,-9.39,-0.600,0
10.997,-12.24,-9.39,-0.600,0
10.997,-12.24,-9.39,-0.600,0
10.997,-12.24,-9.36,-0.600,0
10.998,-12.24,-9.36,-0.600,0
10.998,-12.24,-9.36,-0.600,0
10.998,-12.24,-9.36,-0.600,0
10.998,-12.24,-9.33,-0.600,0
10.999,-12.24,-9.33,-0.600,0
10.999,-12.24,-9.33,-0.600,0
10.999,-12.24,-9.33,-0.600,0
10.999,-12.24,-9.29,-0.600,0
11.000,-12.24,-9.29,-0.600,0
11.000,-12.24,-9.29,-0.600,0
11.000,-12.24,-9.26,-0.600,0
11.001,-12.24,-9.26,-0.600,0
11.001,-12.24,-9.26,-0.600,0
11.001,-12.24,-9.26,-0.600,0
11.001,-12.24,-9.23,-0.600,0
11.002,-12.24,-9.23,-0.600,0
11.002,-12.24,-9.23,-0.600,0
11.002,-12.24,-9.23,-0.600,0
11.002,-12.24,-9.20,-0.600,0
11.003,-12.24,-9.20,-0.600,0
11.003,-12.24,-9.20,-0.600,0
11.003,-12.24,-9.20,-0.600,0
11.003,-12.24,-9.16,-0.600,0
11.004,-12.24,-9.16,-0.600,0
11.004,-12.24,-9.16,-0.600,0
11.004,-12.24,-9.13,-0.600,0
11.004,-12.24,-9.13,-0.600,0
11.005,-12.24,-9.13,-0.600,0
11.005,-12.24,-9.13,-0.600,0
11.005,-12.24,-9.13,-0.600,0
11.005,-12.24,-9.10,-0.600,0
11.006,-12.24,-9.10,-0.600,0
11.006,-12.24,-9.10,-0.600,0
11.006,-12.24,-9.10,-0.600,0
11.006,-12.24,-9.06,-0.600,0
11.007,-12.24,-9.06,-0.600,0
11.007,-12.24,-9.06,-0.600,0
11.007,-12.24,-9.06,-0.600,0
11.007,-12.24,-9.03,-0.600,0
11.008,-12.24,-9.03,-0.600,0
11.008,-12.24,-9.03,-0.600,0
11.008,-12.24,-9.00,-0.600,0
11.009,-12.24,-9.00,-0.600,0
11.009,-12.24,-9.00,-0.600,0
11.009,-12.24,-9.00,-0.600,0
11.009,-12.24,-8.97,-0.600,0
11.010,-12.24,-8.97,-0.600,0
11.010,-12.24,-8.97,-0.600,0
11.010,-12.24,-8.97,-0.600,0
11.010,-12.24,-8.93,-0.600,0
11.011,-12.24,-8.93,-0.600,0
11.011,-12.24,-8.93,-0.600,0
11.011,-12.24,-8.93,-0.600,0
11.011,-12.24,-8.93,-0.600,0
11.011,-12.24,-8.90,-0.600,0
11.012,-12.24,-8.90,-0.600,0
11.012,-12.24,-8.90,-0.600,0
11.012,-12.24,-8.90,-0.600,0
11.012,-12.24,-8.87,-0.600,0
11.013,-12.24,-8.87,-0.600,0
11.013,-12.24,-8.87,-0.600,0
11.013,-12.24,-8.87,-0.600,0
11.013,-12.24,-8.84,-0.600,0
11.014,-12.24,-8.84,-0.600,0
11.014,-12.24,-8.84,-0.600,0
11.014,-12.24,-8.84,-0.600,0
11.014,-12.24,-8.80,-0.600,0
11.015,-12.24,-8.80,-0.600,0
11.015,-12.24,-8.80,-0.600,0
11.015,-12.24,-8.80,-0.600,0
11.015,-12.24,-8.77,-0.600,0
11.016,-12.24,-8.77,-0.600,0
11.016,-12.24,-8.77,-0.600,0
11.016,-12.24,-8.74,-0.600,0
11.016,-12.24,-8.74,-0.600,0
11.017,-12.24,-8.74,-0.600,0
11.017,-12.24,-8.74,-0.600,0
11.017,-12.24,-8.74,-0.600,0
11.017,-12.24,-8.71,-0.600,0
11.018,-12.24,-8.71,-0.600,0
11.018,-12.24,-8.71,-0.600,0
11.018,-12.24,-8.71,-0.600,0
11.018,-12.24,-8.67,-0.600,0
11.019,-12.24,-8.67,-0.600,0
11.019,-12.24,-8.67,-0.600,0
11.019,-12.24,-8.67,-0.600,0
11.019,-12.24,-8.64,-0.600,0
11.020,-12.24,-8.64,-0.600,0
11.020,-12.24,-8.64,-0.600,0
11.020,-12.24,-8.64,-0.600,0
11.020,-12.24,-8.61,-0.600,0
11.021,-12.24,-8.61,-0.600,0
11.021,-12.24,-8.61,-0.600,0
11.021,-12.24,-8.61,-0.600,0
11.021,-12.24,-8.57,-0.600,0
11.022,-12.24,-8.57,-0.600,0
11.022,-12.24,-8.57,-0.600,0
11.022,-12.24,-8.54,-0.600,0
11.023,-12.24,-8.54,-0.600,0
11.023,-12.24,-8.54,-0.600,0
11.023,-12.24,-8.51,-0.600,0
11.024,-12.24,-8.51,-0.600,0
11.024,-12.24,-8.51,-0.600,0
11.024,-12.24,-8.51,-0.600,0
11.024,-12.24,-8.48,-0.600,0
11.025,-12.24,-8.48,-0.600,0
11.025,-12.24,-8.48,-0.600,0
11.025,-12.24,-8.48,-0.600,0
11.025,-12.24,-8.44,-0.600,0
11.026,-12.24,-8.44,-0.600,0
11.026,-12.24,-8.44,-0.600,0
11.026,-12.24,-8.41,-0.600,0
11.027,-12.24,-8.41,-0.600,0
11.027,-12.24,-8.41,-0.600,0
11.027,-12.24,-8.41,-0.600,0
11.027,-12.24,-8.38,-0.600,0
11.028,-12.24,-8.38,-0.600,0
11.028,-12.24,-8.38,-0.600,0
11.028,-12.24,-8.38,-0.600,0
11.028,-12.24,-8.35,-0.600,0
11.029,-12.24,-8.35,-0.600,0
11.029,-12.24,-8.35,-0.600,0
11.029,-12.24,-8.31,-0.600,0
11.030,-12.24,-8.31,-0.600,0
11.030,-12.24,-8.31,-0.600,0
11.030,-12.24,-8.31,-0.600,0
11.030,-12.24,-8.28,-0.600,0
11.031,-12.24,-8.28,-0.600,0
11.031,-12.24,-8.28,-0.600,0
11.031,-12.24,-8.28,-0.600,0
11.031,-12.24,-8.25,-0.600,0
11.032,-12.24,-8.25,-0.600,0
11.032,-12.24,-8.25,-0.600,0
11.032,-12.24,-8.25,-0.600,0
11.032,-12.24,-8.22,-0.600,0
11.033,-12.24,-8.22,-0.600,0
11.033,-12.24,-8.22,-0.600,0
11.033,-12.24,-8.22,-0.600,0
11.033,-12.24,-8.18,-0.600,0
11.033,-12.24,-8.18,-0.600,0
11.034,-12.24,-8.18,-0.600,0
11.034,-12.24,-8.18,-0.600,0
11.034,-12.24,-8.18,-0.600,0
11.035,-12.24,-8.15,-0.600,0
11.035,-12.24,-8.15,-0.600,0
11.035,-12.24,-8.12,-0.600,0
11.036,-12.24,-8.12,-0.600,0
11.036,-12.24,-8.12,-0.600,0
11.036,-12.24,-8.12,-0.600,0
11.037,-12.24,-8.09,-0.600,0
11.037,-12.24,-8.09,-0.600,0
11.037,-12.24,-8.09,-0.600,0
11.037,-12.24,-8.09,-0.600,0
11.037,-12.24,-8.05,-0.600,0
11.038,-12.24,-8.05,-0.600,0
11.038,-12.24,-8.05,-0.600,0
11.038,-12.24,-8.02,-0.600,0
11.039,-12.24,-8.02,-0.600,0
11.039,-12.24,-8.02,-0.600,0
11.039,-12.24,-8.02,-0.600,0
11.039,-12.24,-7.99,-0.600,0
11.040,-12.24,-7.99,-0.600,0
11.040,-12.24,-7.99,-0.600,0
11.040,-12.24,-7.99,-0.600,0
11.040,-12.24,-7.96,-0.600,0
11.041,-12.24,-7.96,-0.600,0
11.041,-12.24,-7.96,-0.600,0
11.041,-12.24,-7.92,-0.600,0
11.042,-12.24,-7.92,-0.600,0
11.042,-12.24,-7.92,-0.600,0
11.042,-12.24,-7.92,-0.600,0
11.042,-12.24,-7.89,-0.600,0
11.043,-12.24,-7.89,-0.600,0
11.043,-12.24,-7.89,-0.600,0
11.043,-12.24,-7.89,-0.600,0
11.043,-12.24,-7.86,-0.600,0
11.044,-12.24,-7.86,-0.600,0
11.044,-12.24,-7.86,-0.600,0
11.044,-12.24,-7.86,-0.600,0
11.044,-12.24,-7.83,-0.600,0
11.045,-12.24,-7.83,-0.600,0
11.045,-12.24,-7.83,-0.600,0
11.045,-12.24,-7.83,-0.600,0
11.045,-12.24,-7.79,-0.600,0
11.046,-12.24,-7.79,-0.600,0
11.046,-12.24,-7.79,-0.600,0
11.046,-12.24,-7.79,-0.600,0
11.046,-12.24,-7.76,-0.600,0
11.047,-12.24,-7.76,-0.600,0
11.047,-12.24,-7.76,-0.600,0
11.047,-12.24,-7.76,-0.600,0
11.047,-12.24,-7.73,-0.600,0
11.048,-12.24,-7.73,-0.600,0
11.048,-12.24,-7.73,-0.600,0
11.048,-12.24,-7.73,-0.600,0
11.048,-12.24,-7.69,-0.600,0
11.049,-12.24,-7.69,-0.600,0
11.049,-12.24,-7.69,-0.600,0
11.049,-12.24,-7.69,-0.600,0
11.050,-12.24,-7.66,-0.600,0
11.050,-12.24,-7.66,-0.600,0
11.050,-12.24,-7.66,-0.600,0
11.050,-12.24,-7.63,-0.600,0
11.051,-12.24,-7.63,-0.600,0
11.051,-12.24,-7.63,-0.600,0
11.051,-12.24,-7.63,-0.600,0
11.051,-12.24,-7.60,-0.600,0
11.052,-12.24,-7.60,-0.600,0
11.052,-12.24,-7.60,-0.600,0
11.052,-12.24,-7.60,-0.600,0
11.052,-12.24,-7.56,-0.600,0
11.053,-12.24,-7.56,-0.600,0
11.053,-12.24,-7.56,-0.600,0
11.053,-12.24,-7.56,-0.600,0
11.053,-12.24,-7.53,-0.600,0
11.054,-12.24,-7.53,-0.600,0
11.054,-12.24,-7.53,-0.600,0
11.054,-12.24,-7.53,-0.600,0
11.054,-12.24,-7.50,-0.600,0
11.055,-12.24,-7.50,-0.600,0
11.055,-12.24,-7.50,-0.600,0
11.055,-12.24,-7.50,-0.600,0
11.055,-12.24,-7.47,-0.600,0
11.056,-12.24,-7.47,-0.600,0
11.056,-12.24,-7.47,-0.600,0
11.056,-12.24,-7.47,-0.600,0
11.056,-12.24,-7.43,-0.600,0
11.057,-12.24,-7.43,-0.600,0
11.057,-12.24,-7.43,-0.600,0
11.057,-12.24,-7.40,-0.600,0
11.058,-12.24,-7.40,-0.600,0
11.058,-12.24,-7.40,-0.600,0
11.058,-12.24,-7.40,-0.600,0
11.059,-12.24,-7.37,-0.600,0
11.059,-12.24,-7.37,-0.600,0
11.059,-12.24,-7.37,-0.600,0
11.059,-12.24,-7.34,-0.600,0
11.060,-12.24,-7.34,-0.600,0
11.060,-12.24,-7.34,-0.600,0
11.060,-12.24,-7.34,-0.600,0
11.060,-12.24,-7.30,-0.600,0
11.060,-12.24,-7.30,-0.600,0
11.061,-12.24,-7.30,-0.600,0
11.061,-12.24,-7.30,-0.600,0
11.061,-12.24,-7.30,-0.600,0
11.061,-12.24,-7.30,-0.600,0
11.062,-12.24,-7.27,-0.600,0
11.062,-12.24,-7.27,-0.600,0
11.062,-12.24,-7.27,-0.600,0
11.062,-12.24,-7.24,-0.600,0
11.063,-12.24,-7.24,-0.600,0
11.063,-12.24,-7.24,-0.600,0
11.063,-12.24,-7.24,-0.600,0
11.064,-12.24,-7.21,-0.600,0
11.064,-12.24,-7.21,-0.600,0
11.064,-12.24,-7.21,-0.600,0
11.064,-12.24,-7.17,-0.600,0
11.065,-12.24,-7.17,-0.600,0
11.065,-12.24,-7.17,-0.600,0
11.065,-12.24,-7.14,-0.600,0
11.066,-12.24,-7.14,-0.600,0
11.066,-12.24,-7.14,-0.600,0
11.066,-12.24,-7.14,-0.600,0
11.067,-12.24,-7.11,-0.600,0
11.067,-12.24,-7.11,-0.600,0
11.067,-12.24,-7.11,-0.600,0
11.067,-12.24,-7.08,-0.600,0
11.068,-12.24,-7.08,-0.600,0
11.068,-12.24,-7.08,-0.600,0
11.068,-12.24,-7.08,-0.600,0
11.068,-12.24,-7.04,-0.600,0
11.069,-12.24,-7.04,-0.600,0
11.069,-12.24,-7.04,-0.600,0
11.069,-12.24,-7.04,-0.600,0
11.070,-12.24,-7.01,-0.600,0
11.070,-12.24,-7.01,-0.600,0
11.070,-12.24,-7.01,-0.600,0
11.070,-12.24,-6.98,-0.600,0
11.071,-12.24,-6.98,-0.600,0
11.071,-12.24,-6.98,-0.600,0
11.071,-12.24,-6.98,-0.600,0
11.071,-12.24,-6.95,-0.600,0
11.072,-12.24,-6.95,-0.600,0
11.072,-12.24,-6.95,-0.600,0
11.072,-12.24,-6.95,-0.600,0
11.072,-12.24,-6.91,-0.600,0
11.073,-12.24,-6.91,-0.600,0
11.073,-12.24,-6.91,-0.600,0
11.073,-12.24,-6.91,-0.600,0
11.073,-12.24,-6.91,-0.600,0
11.074,-12.24,-6.88,-0.600,0
11.074,-12.24,-6.88,-0.600,0
11.074,-12.24,-6.88,-0.600,0
11.074,-12.24,-6.85,-0.600,0
11.075,-12.24,-6.85,-0.600,0
11.075,-12.24,-6.85,-0.600,0
11.075,-12.24,-6.85,-0.600,0
11.075,-12.24,-6.85,-0.600,0
11.075,-12.24,-6.81,-0.600,0
11.076,-12.24,-6.81,-0.600,0
11.076,-12.24,-6.81,-0.600,0
11.076,-12.24,-6.81,-0.600,0
11.076,-12.24,-6.78,-0.600,0
11.077,-12.24,-6.78,-0.600,0
11.077,-12.24,-6.78,-0.600,0
11.077,-12.24,-6.78,-0.600,0
11.077,-12.24,-6.75,-0.600,0
11.078,-12.24,-6.75,-0.600,0
11.078,-12.24,-6.75,-0.600,0
11.078,-12.24,-6.75,-0.600,0
11.078,-12.24,-6.72,-0.600,0
11.079,-12.24,-6.72,-0.600,0
11.079,-12.24,-6.72,-0.600,0
11.079,-12.24,-6.72,-0.600,0
11.079,-12.24,-6.69,-0.600,0
11.080,-12.24,-6.69,-0.600,0
11.080,-12.24,-6.69,-0.600,0
11.080,-12.24,-6.69,-0.600,0
11.080,-12.24,-6.69,-0.600,0
11.080,-12.24,-6.65,-0.600,0
11.081,-12.24,-6.65,-0.600,0
11.081,-12.24,-6.65,-0.600,0
11.081,-12.24,-6.65,-0.600,0
11.081,-12.24,-6.62,-0.600,0
11.082,-12.24,-6.62,-0.600,0
11.082,-12.24,-6.62,-0.600,0
11.082,-12.24,-6.62,-0.600,0
11.082,-12.24,-6.59,-0.600,0
11.083,-12.24,-6.59,-0.600,0
11.083,-12.24,-6.59,-0.600,0
11.083,-12.24,-6.59,-0.600,0
11.083,-12.24,-6.56,-0.600,0
11.084,-12.24,-6.56,-0.600,0
11.084,-12.24,-6.56,-0.600,0
11.084,-12.24,-6.56,-0.600,0
11.084,-12.24,-6.52,-0.600,0
11.085,-12.24,-6.52,-0.600,0
11.085,-12.24,-6.52,-0.600,0
11.085,-12.24,-6.52,-0.600,0
11.085,-12.24,-6.49,-0.600,0
11.086,-12.24,-6.49,-0.600,0
11.086,-12.24,-6.49,-0.600,0
11.086,-12.24,-6.46,-0.600,0
11.087,-12.24,-6.46,-0.600,0
11.087,-12.24,-6.46,-0.600,0
11.087,-12.24,-6.46,-0.600,0
11.087,-12.24,-6.42,-0.600,0
11.087,-12.24,-6.42,-0.600,0
11.088,-12.24,-6.42,-0.600,0
11.088,-12.24,-6.42,-0.600,0
11.088,-12.24,-6.42,-0.600,0
11.088,-12.24,-6.39,-0.600,0
11.089,-12.24,-6.39,-0.600,0
11.089,-12.24,-6.39,-0.600,0
11.089,-12.24,-6.39,-0.600,0
11.089,-12.24,-6.39,-0.600,0
11.089,-12.24,-6.36,-0.600,0
11.090,-12.24,-6.36,-0.600,0
11.090,-12.24,-6.36,-0.600,0
11.090,-12.24,-6.36,-0.600,0
11.090,-12.24,-6.33,-0.600,0
11.091,-12.24,-6.33,-0.600,0
11.091,-12.24,-6.33,-0.600,0
11.091,-12.24,-6.33,-0.600,0
11.092,-12.24,-6.29,-0.600,0
11.092,-12.24,-6.29,-0.600,0
11.092,-12.24,-6.29,-0.600,0
11.092,-12.24,-6.26,-0.600,0
11.093,-12.24,-6.26,-0.600,0
11.093,-12.24,-6.26,-0.600,0
11.093,-12.24,-6.23,-0.600,0
11.094,-12.24,-6.23,-0.600,0
11.094,-12.24,-6.23,-0.600,0
11.094,-12.24,-6.23,-0.600,0
11.094,-12.24,-6.23,-0.600,0
11.094,-12.24,-6.20,-0.600,0
11.095,-12.24,-6.20,-0.600,0
11.095,-12.24,-6.20,-0.600,0
11.095,-12.24,-6.20,-0.600,0
11.095,-12.24,-6.16,-0.600,0
11.096,-12.24,-6.16,-0.600,0
11.096,-12.24,-6.16,-0.600,0
11.096,-12.24,-6.16,-0.600,0
11.096,-12.24,-6.13,-0.600,0
11.097,-12.24,-6.13,-0.600,0
11.097,-12.24,-6.13,-0.600,0
11.097,-12.24,-6.13,-0.600,0
11.097,-12.24,-6.10,-0.600,0
11.098,-12.24,-6.10,-0.600,0
11.098,-12.24,-6.10,-0.600,0
11.098,-12.24,-6.07,-0.600,0
11.099,-12.24,-6.07,-0.600,0
11.099,-12.24,-6.07,-0.600,0
11.099,-12.24,-6.07,-0.600,0
11.100,-12.24,-6.03,-0.600,0
11.100,-12.24,-6.03,-0.600,0
11.100,-12.24,-6.03,-0.600,0
11.100,-12.24,-6.00,-0.600,0
11.101,-12.24,-6.00,-0.600,0
11.101,-12.24,-6.00,-0.600,0
11.101,-12.24,-6.00,-0.600,0
11.101,-12.24,-6.00,-0.600,0
11.101,-12.24,-5.97,-0.600,0
11.102,-12.24,-5.97,-0.600,0
11.102,-12.24,-5.97,-0.600,0
11.102,-12.24,-5.94,-0.600,0
11.103,-12.24,-5.94,-0.600,0
11.103,-12.24,-5.94,-0.600,0
11.103,-12.24,-5.94,-0.600,0
11.103,-12.24,-5.90,-0.600,0
11.104,-12.24,-5.90,-0.600,0
11.105,-12.24,-5.87,-0.600,0
11.105,-12.24,-5.87,-0.600,0
11.105,-12.24,-5.84,-0.600,0
11.106,-12.24,-5.84,-0.600,0
11.106,-12.24,-5.84,-0.600,0
11.106,-12.24,-5.81,-0.600,0
11.107,-12.24,-5.81,-0.600,0
11.107,-12.24,-5.81,-0.600,0
11.107,-12.24,-5.81,-0.600,0
11.107,-12.24,-5.77,-0.600,0
11.108,-12.24,-5.77,-0.600,0
11.108,-12.24,-5.77,-0.600,0
11.108,-12.24,-5.77,-0.600,0
11.108,-12.24,-5.74,-0.600,0
11.109,-12.24,-5.74,-0.600,0
11.109,-12.24,-5.74,-0.600,0
11.109,-12.24,-5.74,-0.600,0
11.109,-12.24,-5.71,-0.600,0
11.110,-12.24,-5.71,-0.600,0
11.110,-12.24,-5.71,-0.600,0
11.110,-12.24,-5.71,-0.600,0
11.110,-12.24,-5.68,-0.600,0
11.111,-12.24,-5.68,-0.600,0
11.111,-12.24,-5.68,-0.600,0
11.111,-12.24,-5.68,-0.600,0
11.112,-12.24,-5.64,-0.600,0
11.112,-12.24,-5.64,-0.600,0
11.112,-12.24,-5.64,-0.600,0
11.112,-12.24,-5.61,-0.600,0
11.113,-12.24,-5.61,-0.600,0
11.113,-12.24,-5.61,-0.600,0
11.113,-12.24,-5.61,-0.600,0
11.113,-12.24,-5.58,-0.600,0
11.114,-12.24,-5.58,-0.600,0
11.114,-12.24,-5.58,-0.600,0
11.114,-12.24,-5.58,-0.600,0
11.114,-12.24,-5.55,-0.600,0
11.115,-12.24,-5.55,-0.600,0
11.115,-12.24,-5.55,-0.600,0
11.115,-12.24,-5.51,-0.600,0
11.116,-12.24,-5.51,-0.600,0
11.116,-12.24,-5.51,-0.600,0
11.116,-12.24,-5.51,-0.600,0
11.116,-12.24,-5.48,-0.600,0
11.116,-12.24,-5.48,-0.600,0
11.117,-12.24,-5.48,-0.600,0
11.117,-12.24,-5.48,-0.600,0
11.117,-12.24,-5.48,-0.600,0
11.118,-12.24,-5.45,-0.600,0
11.118,-12.24,-5.45,-0.600,0
11.118,-12.24,-5.45,-0.600,0
11.118,-12.24,-5.42,-0.600,0
11.119,-12.24,-5.42,-0.600,0
11.119,-12.24,-5.42,-0.600,0
11.119,-12.24,-5.38,-0.600,0
11.120,-12.24,-5.38,-0.600,0
11.120,-12.24,-5.38,-0.600,0
11.120,-12.24,-5.38,-0.600,0
11.120,-12.24,-5.35,-0.600,0
11.121,-12.24,-5.35,-0.600,0
11.121,-12.24,-5.35,-0.600,0
11.121,-12.24,-5.35,-0.600,0
11.121,-12.24,-5.32,-0.600,0
11.122,-12.24,-5.32,-0.600,0
11.122,-12.24,-5.32,-0.600,0
11.122,-12.24,-5.28,-0.600,0
11.123,-12.24,-5.28,-0.600,0
11.123,-12.24,-5.28,-0.600,0
11.123,-12.24,-5.28,-0.600,0
11.123,-12.24,-5.25,-0.600,0
11.124,-12.24,-5.25,-0.600,0
11.124,-12.24,-5.25,-0.600,0
11.124,-12.24,-5.25,-0.600,0
11.124,-12.24,-5.22,-0.600,0
11.125,-12.24,-5.22,-0.600,0
11.125,-12.24,-5.22,-0.600,0
11.125,-12.24,-5.22,-0.600,0
11.125,-12.24,-5.19,-0.600,0
11.126,-12.24,-5.19,-0.600,0
11.126,-12.24,-5.19,-0.600,0
11.126,-12.24,-5.15,-0.600,0
11.127,-12.24,-5.15,-0.600,0
11.127,-12.24,-5.15,-0.600,0
11.127,-12.24,-5.15,-0.600,0
11.127,-12.24,-5.12,-0.600,0
11.128,-12.24,-5.12,-0.600,0
11.128,-12.24,-5.12,-0.600,0
11.128,-12.24,-5.12,-0.600,0
11.128,-12.24,-5.09,-0.600,0
11.129,-12.24,-5.09,-0.600,0
11.129,-12.24,-5.09,-0.600,0
11.129,-12.24,-5.09,-0.600,0
11.129,-12.24,-5.06,-0.600,0
11.130,-12.24,-5.06,-0.600,0
11.130,-12.24,-5.06,-0.600,0
11.130,-12.24,-5.06,-0.600,0
11.130,-12.24,-5.02,-0.600,0
11.131,-12.24,-5.02,-0.600,0
11.131,-12.24,-5.02,-0.600,0
11.131,-12.24,-5.02,-0.600,0
11.131,-12.24,-4.99,-0.600,0
11.132,-12.24,-4.99,-0.600,0
11.132,-12.24,-4.99,-0.600,0
11.132,-12.24,-4.96,-0.600,0
11.133,-12.24,-4.96,-0.600,0
11.133,-12.24,-4.96,-0.600,0
11.133,-12.24,-4.93,-0.600,0
11.134,-12.24,-4.93,-0.600,0
11.134,-12.24,-4.93,-0.600,0
11.134,-12.24,-4.93,-0.600,0
11.134,-12.24,-4.89,-0.600,0
11.135,-12.24,-4.89,-0.600,0
11.135,-12.24,-4.89,-0.600,0
11.135,-12.24,-4.89,-0.600,0
11.135,-12.24,-4.86,-0.600,0
11.136,-12.24,-4.86,-0.600,0
11.136,-12.24,-4.86,-0.600,0
11.136,-12.24,-4.86,-0.600,0
11.136,-12.24,-4.83,-0.600,0
11.137,-12.24,-4.83,-0.600,0
11.137,-12.24,-4.83,-0.600,0
11.137,-12.24,-4.83,-0.600,0
11.137,-12.24,-4.83,-0.600,0
11.137,-12.24,-4.80,-0.600,0
11.138,-12.24,-4.80,-0.600,0
11.138,-12.24,-4.80,-0.600,0
11.138,-12.24,-4.76,-0.600,0
11.139,-12.24,-4.76,-0.600,0
11.139,-12.24,-4.76,-0.600,0
11.139,-12.24,-4.76,-0.600,0
11.139,-12.24,-4.73,-0.600,0
11.140,-12.24,-4.73,-0.600,0
11.140,-12.24,-4.73,-0.600,0
11.140,-12.24,-4.73,-0.600,0
11.140,-12.24,-4.70,-0.600,0
11.141,-12.24,-4.70,-0.600,0
11.141,-12.24,-4.70,-0.600,0
11.141,-12.24,-4.70,-0.600,0
11.141,-12.24,-4.67,-0.600,0
11.142,-12.24,-4.67,-0.600,0
11.142,-12.24,-4.67,-0.600,0
11.142,-12.24,-4.67,-0.600,0
11.142,-12.24,-4.63,-0.600,0
11.143,-12.24,-4.63,-0.600,0
11.143,-12.24,-4.63,-0.600,0
11.143,-12.24,-4.63,-0.600,0
11.143,-12.24,-4.60,-0.600,0
11.144,-12.24,-4.60,-0.600,0
11.144,-12.24,-4.60,-0.600,0
11.144,-12.24,-4.60,-0.600,0
11.144,-12.24,-4.57,-0.600,0
11.145,-12.24,-4.57,-0.600,0
11.145,-12.24,-4.57,-0.600,0
11.145,-12.24,-4.57,-0.600,0
11.145,-12.24,-4.53,-0.600,0
11.146,-12.24,-4.53,-0.600,0
11.146,-12.24,-4.53,-0.600,0
11.146,-12.24,-4.53,-0.600,0
11.146,-12.24,-4.50,-0.600,0
11.147,-12.24,-4.50,-0.600,0
11.147,-12.24,-4.50,-0.600,0
11.147,-12.24,-4.50,-0.600,0
11.147,-12.24,-4.47,-0.600,0
11.148,-12.24,-4.47,-0.600,0
11.148,-12.24,-4.47,-0.600,0
11.148,-12.24,-4.44,-0.600,0
11.148,-12.24,-4.44,-0.600,0
11.149,-12.24,-4.44,-0.600,0
11.149,-12.24,-4.44,-0.600,0
11.149,-12.24,-4.44,-0.600,0
11.150,-12.24,-4.41,-0.600,0
11.150,-12.24,-4.41,-0.600,0
11.150,-12.24,-4.41,-0.600,0
11.150,-12.24,-4.37,-0.600,0
11.151,-12.24,-4.37,-0.600,0
11.151,-12.24,-4.37,-0.600,0
11.151,-12.24,-4.37,-0.600,0
11.151,-12.24,-4.34,-0.600,0
11.152,-12.24,-4.34,-0.600,0
11.152,-12.24,-4.34,-0.600,0
11.152,-12.24,-4.34,-0.600,0
11.153,-12.24,-4.31,-0.600,0
11.153,-12.24,-4.31,-0.600,0
11.153,-12.24,-4.31,-0.600,0
11.153,-12.24,-4.27,-0.600,0
11.154,-12.24,-4.27,-0.600,0
11.154,-12.24,-4.27,-0.600,0
11.154,-12.24,-4.24,-0.600,0
11.154,-12.24,-4.24,-0.600,0
11.155,-12.24,-4.24,-0.600,0
11.155,-12.24,-4.24,-0.600,0
11.155,-12.24,-4.21,-0.600,0
11.156,-12.24,-4.21,-0.600,0
11.156,-12.24,-4.21,-0.600,0
11.156,-12.24,-4.21,-0.600,0
11.156,-12.24,-4.18,-0.600,0
11.157,-12.24,-4.18,-0.600,0
11.157,-12.24,-4.18,-0.600,0
11.157,-12.24,-4.18,-0.600,0
11.157,-12.24,-4.14,-0.600,0
11.158,-12.24,-4.14,-0.600,0
11.158,-12.24,-4.14,-0.600,0
11.158,-12.24,-4.14,-0.600,0
11.158,-12.24,-4.11,-0.600,0
11.159,-12.24,-4.11,-0.600,0
11.159,-12.24,-4.11,-0.600,0
11.159,-12.24,-4.11,-0.600,0
11.160,-12.24,-4.08,-0.600,0
11.160,-12.24,-4.08,-0.600,0
11.160,-12.24,-4.08,-0.600,0
11.160,-12.24,-4.05,-0.600,0
11.161,-12.24,-4.05,-0.600,0
11.161,-12.24,-4.05,-0.600,0
11.161,-12.24,-4.05,-0.600,0
11.161,-12.24,-4.01,-0.600,0
11.162,-12.24,-4.01,-0.600,0
11.162,-12.24,-4.01,-0.600,0
11.162,-12.24,-4.01,-0.600,0
11.162,-12.24,-3.98,-0.600,0
11.163,-12.24,-3.98,-0.600,0
11.163,-12.24,-3.98,-0.600,0
11.163,-12.24,-3.98,-0.600,0
11.163,-12.24,-3.95,-0.600,0
11.164,-12.24,-3.95,-0.600,0
11.164,-12.24,-3.95,-0.600,0
11.164,-12.24,-3.95,-0.600,0
11.164,-12.24,-3.92,-0.600,0
11.165,-12.24,-3.92,-0.600,0
11.165,-12.24,-3.92,-0.600,0
11.165,-12.24,-3.92,-0.600,0
11.165,-12.24,-3.88,-0.600,0
11.166,-12.24,-3.88,-0.600,0
11.166,-12.24,-3.88,-0.600,0
11.166,-12.24,-3.88,-0.600,0
11.166,-12.24,-3.85,-0.600,0
11.167,-12.24,-3.85,-0.600,0
11.167,-12.24,-3.85,-0.600,0
11.167,-12.24,-3.85,-0.600,0
11.168,-12.24,-3.82,-0.600,0
11.168,-12.24,-3.82,-0.600,0
11.168,-12.24,-3.79,-0.600,0
11.169,-12.24,-3.79,-0.600,0
11.169,-12.24,-3.79,-0.600,0
11.169,-12.24,-3.79,-0.600,0
11.169,-12.24,-3.75,-0.600,0
11.170,-12.24,-3.75,-0.600,0
11.170,-12.24,-3.75,-0.600,0
11.170,-12.24,-3.72,-0.600,0
11.171,-12.24,-3.72,-0.600,0
11.171,-12.24,-3.72,-0.600,0
11.171,-12.24,-3.72,-0.600,1
11.172,-17.61,-3.69,-0.600,0
11.172,-17.61,-3.69,-0.600,0
11.172,-17.61,-3.66,-0.600,0
11.173,-17.61,-3.66,-0.600,0
11.173,-17.61,-3.66,-0.600,0
11.173,-17.61,-3.66,-0.600,0
11.173,-17.61,-3.62,-0.600,0
11.174,-17.61,-3.62,-0.600,0
11.174,-17.61,-3.62,-0.600,0
11.174,-17.61,-3.59,-0.600,0
11.175,-17.61,-3.59,-0.600,0
11.175,-17.61,-3.59,-0.600,0
11.175,-17.61,-3.59,-0.600,0
11.175,-17.61,-3.56,-0.600,0
11.176,-17.61,-3.56,-0.600,0
11.176,-17.61,-3.56,-0.600,0
11.176,-17.61,-3.52,-0.600,0
11.177,-17.61,-3.52,-0.600,0
11.177,-17.61,-3.52,-0.600,0
11.177,-17.61,-3.52,-0.600,0
11.177,-17.61,-3.49,-0.600,0
11.178,-17.61,-3.49,-0.600,0
11.178,-17.61,-3.49,-0.600,0
11.178,-17.61,-3.46,-0.600,0
11.179,-17.61,-3.46,-0.600,0
11.179,-17.61,-3.46,-0.600,0
11.179,-17.61,-3.43,-0.600,0
11.180,-17.61,-3.43,-0.600,0
11.180,-17.61,-3.43,-0.600,0
11.180,-17.61,-3.43,-0.600,0
11.180,-17.61,-3.39,-0.600,0
11.181,-17.61,-3.39,-0.600,0
11.181,-17.61,-3.39,-0.600,0
11.181,-17.61,-3.39,-0.600,0
11.181,-17.61,-3.36,-0.600,0
11.182,-17.61,-3.36,-0.600,0
11.182,-17.61,-3.36,-0.600,0
11.182,-17.61,-3.36,-0.600,0
11.182,-17.61,-3.33,-0.600,0
11.183,-17.61,-3.33,-0.600,0
11.183,-17.61,-3.33,-0.600,0
11.183,-17.61,-3.33,-0.600,0
11.183,-17.61,-3.30,-0.600,0
11.184,-17.61,-3.30,-0.600,0
11.184,-17.61,-3.30,-0.600,0
11.184,-17.61,-3.30,-0.600,0
11.184,-17.61,-3.26,-0.600,0
11.185,-17.61,-3.26,-0.600,0
11.185,-17.61,-3.26,-0.600,0
11.185,-17.61,-3.26,-0.600,0
11.185,-17.61,-3.23,-0.600,0
11.186,-17.61,-3.23,-0.600,0
11.186,-17.61,-3.23,-0.600,0
11.186,-17.61,-3.23,-0.600,0
11.186,-17.61,-3.20,-0.600,0
11.187,-17.61,-3.20,-0.600,0
11.187,-17.61,-3.20,-0.600,0
11.187,-17.61,-3.20,-0.600,0
11.187,-17.61,-3.17,-0.600,0
11.188,-17.61,-3.17,-0.600,0
11.188,-17.61,-3.17,-0.600,0
11.188,-17.61,-3.17,-0.600,0
11.188,-17.61,-3.13,-0.600,0
11.189,-17.61,-3.13,-0.600,0
11.189,-17.61,-3.13,-0.600,0
11.189,-17.61,-3.13,-0.600,0
11.189,-17.61,-3.10,-0.600,0
11.190,-17.61,-3.10,-0.600,0
11.190,-17.61,-3.10,-0.600,0
11.190,-17.61,-3.10,-0.600,0
11.190,-17.61,-3.07,-0.600,0
11.191,-17.61,-3.07,-0.600,0
11.191,-17.61,-3.07,-0.600,0
11.191,-17.61,-3.07,-0.600,0
11.191,-17.61,-3.04,-0.600,0
11.192,-17.61,-3.04,-0.600,0
11.192,-17.61,-3.04,-0.600,0
11.192,-17.61,-3.04,-0.600,0
11.192,-17.61,-3.00,-0.600,0
11.193,-17.61,-3.00,-0.600,0
11.193,-17.61,-3.00,-0.600,0
11.193,-17.61,-3.00,-0.600,0
11.193,-17.61,-2.97,-0.600,0
11.194,-17.61,-2.97,-0.600,0
11.194,-17.61,-2.97,-0.600,0
11.194,-17.61,-2.97,-0.600,0
11.194,-17.61,-2.94,-0.600,0
11.195,-17.61,-2.94,-0.600,0
11.195,-17.61,-2.94,-0.600,0
11.195,-17.61,-2.91,-0.600,0
11.196,-17.61,-2.91,-0.600,0
11.196,-17.61,-2.91,-0.600,0
11.196,-17.61,-2.87,-0.600,0
11.197,-17.61,-2.87,-0.600,0
11.197,-17.61,-2.87,-0.600,0
11.197,-17.61,-2.87,-0.600,0
11.197,-17.61,-2.84,-0.600,0
11.198,-17.61,-2.84,-0.600,0
11.198,-17.61,-2.84,-0.600,0
11.199,-17.61,-2.81,-0.600,0
11.199,-17.61,-2.81,-0.600,0
11.199,-17.61,-2.81,-0.600,0
11.200,-17.61,-2.78,-0.600,0
11.200,-17.61,-2.78,-0.600,0
11.200,-17.61,-2.74,-0.600,0
11.201,-17.61,-2.74,-0.600,0
11.201,-17.61,-2.74,-0.600,0
11.201,-17.61,-2.71,-0.600,0
11.202,-17.61,-2.71,-0.600,0
11.202,-17.61,-2.71,-0.600,0
11.202,-17.61,-2.71,-0.600,0
11.202,-17.61,-2.68,-0.600,0
11.203,-17.61,-2.68,-0.600,0
11.203,-17.61,-2.68,-0.600,0
11.203,-17.61,-2.65,-0.600,0
11.204,-17.61,-2.65,-0.600,0
11.204,-17.61,-2.65,-0.600,0
11.204,-17.61,-2.61,-0.600,0
11.205,-17.61,-2.61,-0.600,0
11.205,-17.61,-2.61,-0.600,0
11.205,-17.61,-2.61,-0.600,0
11.205,-17.61,-2.58,-0.600,0
11.206,-17.61,-2.58,-0.600,0
11.206,-17.61,-2.58,-0.600,0
11.206,-17.61,-2.58,-0.600,0
11.206,-17.61,-2.55,-0.600,0
11.207,-17.61,-2.55,-0.600,0
11.207,-17.61,-2.55,-0.600,0
11.207,-17.61,-2.55,-0.600,0
11.207,-17.61,-2.51,-0.600,0
11.208,-17.61,-2.51,-0.600,0
11.208,-17.61,-2.51,-0.600,0
11.209,-17.61,-2.48,-0.600,0
11.209,-17.61,-2.48,-0.600,0
11.209,-17.61,-2.45,-0.600,0
11.210,-17.61,-2.45,-0.600,0
11.210,-17.61,-2.45,-0.600,0
11.210,-17.61,-2.45,-0.600,0
11.210,-17.61,-2.42,-0.600,0
11.211,-17.61,-2.42,-0.600,0
11.211,-17.61,-2.42,-0.600,0
11.211,-17.61,-2.42,-0.600,0
11.211,-17.61,-2.38,-0.600,0
11.212,-17.61,-2.38,-0.600,0
11.212,-17.61,-2.38,-0.600,0
11.212,-17.61,-2.38,-0.600,0
11.212,-17.61,-2.35,-0.600,0
11.213,-17.61,-2.35,-0.600,0
11.213,-17.61,-2.35,-0.600,0
11.213,-17.61,-2.35,-0.600,0
11.213,-17.61,-2.35,-0.600,0
11.213,-17.61,-2.32,-0.600,0
11.214,-17.61,-2.32,-0.600,0
11.214,-17.61,-2.32,-0.600,0
11.214,-17.61,-2.32,-0.600,0
11.214,-17.61,-2.29,-0.600,0
11.215,-17.61,-2.29,-0.600,0
11.215,-17.61,-2.29,-0.600,0
11.215,-17.61,-2.29,-0.600,0
11.215,-17.61,-2.25,-0.600,0
11.216,-17.61,-2.25,-0.600,0
11.216,-17.61,-2.25,-0.600,0
11.216,-17.61,-2.25,-0.600,0
11.216,-17.61,-2.22,-0.600,0
11.217,-17.61,-2.22,-0.600,0
11.217,-17.61,-2.22,-0.600,0
11.217,-17.61,-2.22,-0.600,0
11.217,-17.61,-2.19,-0.600,0
11.218,-17.61,-2.19,-0.600,0
11.218,-17.61,-2.19,-0.600,0
11.218,-17.61,-2.19,-0.600,0
11.218,-17.61,-2.16,-0.600,0
11.218,-17.61,-2.16,-0.600,0
11.219,-17.61,-2.16,-0.600,0
11.219,-17.61,-2.16,-0.600,0
11.219,-17.61,-2.16,-0.600,0
11.219,-17.61,-2.12,-0.600,0
11.220,-17.61,-2.12,-0.600,0
11.220,-17.61,-2.12,-0.600,0
11.220,-17.61,-2.12,-0.600,0
11.220,-17.61,-2.09,-0.600,0
11.221,-17.61,-2.09,-0.600,0
11.221,-17.61,-2.09,-0.600,0
11.221,-17.61,-2.09,-0.600,0
11.221,-17.61,-2.09,-0.600,0
11.221,-17.61,-2.06,-0.600,0
11.222,-17.61,-2.06,-0.600,0
11.222,-17.61,-2.06,-0.600,0
11.222,-17.61,-2.06,-0.600,0
11.222,-17.61,-2.03,-0.600,0
11.223,-17.61,-2.03,-0.600,0
11.223,-17.61,-2.03,-0.600,0
11.223,-17.61,-1.99,-0.600,0
11.224,-17.61,-1.99,-0.600,0
11.224,-17.61,-1.99,-0.600,0
11.224,-17.61,-1.99,-0.600,0
11.224,-17.61,-1.96,-0.600,0
11.225,-17.61,-1.96,-0.600,0
11.225,-17.61,-1.96,-0.600,0
11.225,-17.61,-1.96,-0.600,0
11.225,-17.61,-1.93,-0.600,0
11.225,-17.61,-1.93,-0.600,0
11.226,-17.61,-1.93,-0.600,0
11.226,-17.61,-1.93,-0.600,0
11.226,-17.61,-1.93,-0.600,0
11.226,-17.61,-1.90,-0.600,0
11.227,-17.61,-1.90,-0.600,0
11.227,-17.61,-1.90,-0.600,0
11.227,-17.61,-1.90,-0.600,0
11.227,-17.61,-1.90,-0.600,0
11.228,-17.61,-1.86,-0.600,0
11.228,-17.61,-1.86,-0.600,0
11.228,-17.61,-1.86,-0.600,0
11.228,-17.61,-1.86,-0.600,0
11.228,-17.61,-1.83,-0.600,0
11.229,-17.61,-1.83,-0.600,0
11.229,-17.61,-1.83,-0.600,0
11.229,-17.61,-1.83,-0.600,0
11.230,-17.61,-1.80,-0.600,0
11.230,-17.61,-1.80,-0.600,0
11.230,-17.61,-1.80,-0.600,0
11.231,-17.61,-1.77,-0.600,0
11.231,-17.61,-1.77,-0.600,0
11.231,-17.61,-1.77,-0.600,0
11.231,-17.61,-1.73,-0.600,0
11.232,-17.61,-1.73,-0.600,0
11.232,-17.61,-1.73,-0.600,0
11.232,-17.61,-1.73,-0.600,0
11.232,-17.61,-1.73,-0.600,0
11.232,-17.61,-1.70,-0.600,0
11.233,-17.61,-1.70,-0.600,0
11.233,-17.61,-1.70,-0.600,0
11.233,-17.61,-1.70,-0.600,0
11.233,-17.61,-1.67,-0.600,0
11.234,-17.61,-1.67,-0.600,0
11.234,-17.61,-1.67,-0.600,0
11.234,-17.61,-1.67,-0.600,0
11.234,-17.61,-1.64,-0.600,0
11.235,-17.61,-1.64,-0.600,0
11.235,-17.61,-1.64,-0.600,0
11.235,-17.61,-1.64,-0.600,0
11.235,-17.61,-1.60,-0.600,0
11.236,-17.61,-1.60,-0.600,0
11.236,-17.61,-1.60,-0.600,0
11.236,-17.61,-1.60,-0.600,0
11.237,-17.61,-1.57,-0.600,0
11.237,-17.61,-1.57,-0.600,0
11.237,-17.61,-1.57,-0.600,0
11.237,-17.61,-1.54,-0.600,0
11.238,-17.61,-1.54,-0.600,0
11.238,-17.61,-1.54,-0.600,0
11.238,-17.61,-1.54,-0.600,0
11.238,-17.61,-1.54,-0.600,0
11.239,-17.61,-1.51,-0.600,0
11.239,-17.61,-1.51,-0.600,0
11.239,-17.61,-1.51,-0.600,0
11.239,-17.61,-1.51,-0.600,0
11.239,-17.61,-1.47,-0.600,0
11.240,-17.61,-1.47,-0.600,0
11.240,-17.61,-1.47,-0.600,0
11.240,-17.61,-1.47,-0.600,0
11.240,-17.61,-1.44,-0.600,0
11.241,-17.61,-1.44,-0.600,0
11.241,-17.61,-1.44,-0.600,0
11.241,-17.61,-1.44,-0.600,0
11.241,-17.61,-1.44,-0.600,0
11.241,-17.61,-1.41,-0.600,0
11.242,-17.61,-1.41,-0.600,0
11.242,-17.61,-1.41,-0.600,0
11.242,-17.61,-1.41,-0.600,0
11.242,-17.61,-1.38,-0.600,0
11.243,-17.61,-1.38,-0.600,0
11.243,-17.61,-1.38,-0.600,0
11.243,-17.61,-1.38,-0.600,0
11.244,-17.61,-1.34,-0.600,0
11.244,-17.61,-1.34,-0.600,0
11.244,-17.61,-1.34,-0.600,0
11.244,-17.61,-1.31,-0.600,0
11.245,-17.61,-1.31,-0.600,0
11.245,-17.61,-1.31,-0.600,0
11.245,-17.61,-1.31,-0.600,0
11.245,-17.61,-1.28,-0.600,0
11.246,-17.61,-1.28,-0.600,0
11.246,-17.61,-1.28,-0.600,0
11.246,-17.61,-1.28,-0.600,0
11.246,-17.61,-1.28,-0.600,0
11.246,-17.61,-1.24,-0.600,0
11.247,-17.61,-1.24,-0.600,0
11.247,-17.61,-1.24,-0.600,0
11.247,-17.61,-1.24,-0.600,0
11.247,-17.61,-1.21,-0.600,0
11.248,-17.61,-1.21,-0.600,0
11.248,-17.61,-1.21,-0.600,0
11.248,-17.61,-1.21,-0.600,0
11.248,-17.61,-1.21,-0.600,0
11.249,-17.61,-1.18,-0.600,0
11.249,-17.61,-1.18,-0.600,0
11.249,-17.61,-1.18,-0.600,0
11.249,-17.61,-1.18,-0.600,0
11.250,-17.61,-1.15,-0.600,0
11.250,-17.61,-1.15,-0.600,0
11.250,-17.61,-1.15,-0.600,0
11.250,-17.61,-1.15,-0.600,0
11.250,-17.61,-1.12,-0.600,0
11.251,-17.61,-1.12,-0.600,0
11.251,-17.61,-1.12,-0.600,0
11.251,-17.61,-1.12,-0.600,0
11.252,-17.61,-1.08,-0.600,0
11.252,-17.61,-1.08,-0.600,0
11.252,-17.61,-1.08,-0.600,0
11.252,-17.61,-1.05,-0.600,0
11.253,-17.61,-1.05,-0.600,0
11.253,-17.61,-1.05,-0.600,0
11.253,-17.61,-1.05,-0.600,0
11.253,-17.61,-1.02,-0.600,0
11.254,-17.61,-1.02,-0.600,0
11.254,-17.61,-1.02,-0.600,0
11.254,-17.61,-1.02,-0.600,0
11.254,-17.61,-0.99,-0.600,0
11.254,-17.61,-0.99,-0.600,0
11.255,-17.61,-0.99,-0.600,0
11.255,-17.61,-0.99,-0.600,0
11.255,-17.61,-0.99,-0.600,0
11.255,-17.61,-0.95,-0.600,0
11.256,-17.61,-0.95,-0.600,0
11.256,-17.61,-0.95,-0.600,0
11.256,-17.61,-0.95,-0.600,0
11.256,-17.61,-0.92,-0.600,0
11.257,-17.61,-0.92,-0.600,0
11.257,-17.61,-0.92,-0.600,0
11.257,-17.61,-0.92,-0.600,0
11.257,-17.61,-0.92,-0.600,0
11.258,-17.61,-0.89,-0.600,0
11.258,-17.61,-0.89,-0.600,0
11.258,-17.61,-0.89,-0.600,0
11.258,-17.61,-0.85,-0.600,0
11.259,-17.61,-0.85,-0.600,0
11.259,-17.61,-0.85,-0.600,0
11.259,-17.61,-0.85,-0.600,0
11.259,-17.61,-0.82,-0.600,0
11.260,-17.61,-0.82,-0.600,0
11.260,-17.61,-0.82,-0.600,0
11.260,-17.61,-0.82,-0.600,0
11.260,-17.61,-0.79,-0.600,0
11.261,-17.61,-0.79,-0.600,0
11.261,-17.61,-0.79,-0.600,0
11.261,-17.61,-0.79,-0.600,0
11.261,-17.61,-0.76,-0.600,0
11.262,-17.61,-0.76,-0.600,0
11.262,-17.61,-0.76,-0.600,0
11.262,-17.61,-0.76,-0.600,0
11.262,-17.61,-0.76,-0.600,0
11.262,-17.61,-0.72,-0.600,0
11.263,-17.61,-0.72,-0.600,0
11.263,-17.61,-0.72,-0.600,0
11.263,-17.61,-0.72,-0.600,0
11.263,-17.61,-0.69,-0.600,0
11.264,-17.61,-0.69,-0.600,0
11.264,-17.61,-0.69,-0.600,0
11.264,-17.61,-0.69,-0.600,0
11.264,-17.61,-0.66,-0.600,0
11.265,-17.61,-0.66,-0.600,0
11.265,-17.61,-0.66,-0.600,0
11.265,-17.61,-0.66,-0.600,0
11.266,-17.61,-0.63,-0.600,0
11.266,-17.61,-0.63,-0.600,0
11.266,-17.61,-0.63,-0.600,0
11.266,-17.61,-0.59,-0.600,0
11.267,-17.61,-0.59,-0.600,0
11.267,-17.61,-0.59,-0.600,0
11.267,-17.61,-0.59,-0.600,0
11.267,-17.61,-0.59,-0.600,0
11.268,-17.61,-0.56,-0.600,0
11.268,-17.61,-0.56,-0.600,0
11.268,-17.61,-0.56,-0.600,0
11.268,-17.61,-0.56,-0.600,0
11.268,-17.61,-0.53,-0.600,0
11.269,-17.61,-0.53,-0.600,0
11.269,-17.61,-0.53,-0.600,0
11.269,-17.61,-0.53,-0.600,0
11.269,-17.61,-0.50,-0.600,0
11.270,-17.61,-0.50,-0.600,0
11.270,-17.61,-0.50,-0.600,0
11.270,-17.61,-0.50,-0.600,0
11.270,-17.61,-0.46,-0.600,0
11.271,-17.61,-0.46,-0.600,0
11.271,-17.61,-0.46,-0.600,0
11.271,-17.61,-0.46,-0.600,0
11.271,-17.61,-0.43,-0.600,0
11.272,-17.61,-0.43,-0.600,0
11.272,-17.61,-0.43,-0.600,0
11.272,-17.61,-0.40,-0.600,0
11.273,-17.61,-0.40,-0.600,0
11.273,-17.61,-0.40,-0.600,0
11.273,-17.61,-0.40,-0.600,0
11.273,-17.61,-0.40,-0.600,0
11.273,-17.61,-0.37,-0.600,0
11.274,-17.61,-0.37,-0.600,0
11.274,-17.61,-0.37,-0.600,0
11.274,-17.61,-0.37,-0.600,0
11.274,-17.61,-0.33,-0.600,0
11.275,-17.61,-0.33,-0.600,0
11.275,-17.61,-0.33,-0.600,0
11.275,-17.61,-0.33,-0.600,0
11.275,-17.61,-0.30,-0.600,0
11.276,-17.61,-0.30,-0.600,0
11.276,-17.61,-0.30,-0.600,0
11.276,-17.61,-0.30,-0.600,0
11.276,-17.61,-0.30,-0.600,0
11.276,-17.61,-0.27,-0.600,0
11.277,-17.61,-0.27,-0.600,0
11.277,-17.61,-0.27,-0.600,0
11.277,-17.61,-0.27,-0.600,0
11.277,-17.61,-0.24,-0.600,0
11.278,-17.61,-0.24,-0.600,0
11.278,-17.61,-0.24,-0.600,0
11.278,-17.61,-0.24,-0.600,0
11.278,-17.61,-0.20,-0.600,0
11.279,-17.61,-0.20,-0.600,0
11.279,-17.61,-0.20,-0.600,0
11.279,-17.61,-0.20,-0.600,0
11.279,-17.61,-0.17,-0.600,0
11.280,-17.61,-0.17,-0.600,0
11.280,-17.61,-0.17,-0.600,0
11.280,-17.61,-0.17,-0.600,0
11.280,-17.61,-0.14,-0.600,0
11.281,-17.61,-0.14,-0.600,0
11.281,-17.61,-0.14,-0.600,0
11.281,-17.61,-0.14,-0.600,0
11.281,-17.61,-0.11,-0.600,0
11.282,-17.61,-0.11,-0.600,0
11.282,-17.61,-0.11,-0.600,0
11.282,-17.61,-0.11,-0.600,0
11.282,-17.61,-0.07,-0.600,0
11.283,-17.61,-0.07,-0.600,0
11.283,-17.61,-0.07,-0.600,0
11.283,-17.61,-0.07,-0.600,0
11.283,-17.61,-0.07,-0.600,0
11.283,-17.61,-0.04,-0.600,0
11.284,-17.61,-0.04,-0.600,0
11.284,-17.61,-0.04,-0.600,0
11.284,-17.61,-0.04,-0.600,0
11.284,-17.61,-0.01,-0.600,0
11.285,-17.61,-0.01,-0.600,0
11.285,-17.61,-0.01,-0.600,0
11.285,-17.61,0.02,-0.600,0
11.286,-17.61,0.02,-0.600,0
11.286,-17.61,0.02,-0.600,0
11.286,-17.61,0.02,-0.600,0
11.286,-17.61,0.06,-0.600,0
11.287,-17.61,0.06,-0.600,0
11.287,-17.61,0.06,-0.600,0
11.287,-17.61,0.06,-0.600,0
11.287,-17.61,0.09,-0.600,0
11.288,-17.61,0.09,-0.600,0
11.288,-17.61,0.09,-0.600,0
11.288,-17.61,0.09,-0.600,0
11.288,-17.61,0.12,-0.600,0
11.289,-17.61,0.12,-0.600,0
11.289,-17.61,0.12,-0.600,0
11.289,-17.61,0.12,-0.600,0
11.289,-17.61,0.12,-0.600,0
11.290,-17.61,0.16,-0.600,0
11.290,-17.61,0.16,-0.600,0
11.290,-17.61,0.16,-0.600,0
11.290,-17.61,0.16,-0.600,0
11.290,-17.61,0.19,-0.600,0
11.291,-17.61,0.19,-0.600,0
11.291,-17.61,0.19,-0.600,0
11.291,-17.61,0.19,-0.600,0
11.292,-17.61,0.22,-0.600,0
11.292,-17.61,0.22,-0.600,0
11.292,-17.61,0.22,-0.600,0
11.292,-17.61,0.22,-0.600,0
11.293,-17.61,0.25,-0.600,0
11.293,-17.61,0.25,-0.600,0
11.293,-17.61,0.25,-0.600,0
11.293,-17.61,0.28,-0.600,0
11.294,-17.61,0.28,-0.600,0
11.294,-17.61,0.28,-0.600,0
11.294,-17.61,0.28,-0.600,0
11.294,-17.61,0.32,-0.600,0
11.295,-17.61,0.32,-0.600,0
11.295,-17.61,0.32,-0.600,0
11.295,-17.61,0.32,-0.600,0
11.295,-17.61,0.32,-0.600,0
11.295,-17.61,0.35,-0.600,0
11.296,-17.61,0.35,-0.600,0
11.296,-17.61,0.35,-0.600,0
11.296,-17.61,0.35,-0.600,0
11.296,-17.61,0.38,-0.600,0
11.297,-17.61,0.38,-0.600,0
11.297,-17.61,0.38,-0.600,0
11.297,-17.61,0.38,-0.600,0
11.297,-17.61,0.42,-0.600,0
11.298,-17.61,0.42,-0.600,0
11.298,-17.61,0.42,-0.600,0
11.298,-17.61,0.42,-0.600,0
11.298,-17.61,0.45,-0.600,0
11.299,-17.61,0.45,-0.600,0
11.299,-17.61,0.45,-0.600,0
11.299,-17.61,0.45,-0.600,0
11.300,-17.61,0.48,-0.600,0
11.300,-17.61,0.48,-0.600,0
11.300,-17.61,0.48,-0.600,0
11.300,-17.61,0.51,-0.600,0
11.301,-17.61,0.51,-0.600,0
11.301,-17.61,0.51,-0.600,0
11.301,-17.61,0.51,-0.600,0
11.301,-17.61,0.55,-0.600,0
11.302,-17.61,0.55,-0.600,0
11.302,-17.61,0.55,-0.600,0
11.302,-17.61,0.55,-0.600,0
11.302,-17.61,0.58,-0.600,0
11.303,-17.61,0.58,-0.600,0
11.303,-17.61,0.58,-0.600,0
11.303,-17.61,0.58,-0.600,0
11.303,-17.61,0.58,-0.600,0
11.303,-17.61,0.61,-0.600,0
11.304,-17.61,0.61,-0.600,0
11.304,-17.61,0.61,-0.600,0
11.304,-17.61,0.61,-0.600,0
11.305,-17.61,0.64,-0.600,0
11.305,-17.61,0.64,-0.600,1
11.305,-13.61,0.64,-0.600,0
11.306,-13.61,0.68,-0.600,0
11.306,-13.61,0.68,-0.600,0
11.306,-13.61,0.68,-0.600,0
11.307,-13.61,0.71,-0.600,0
11.307,-13.61,0.71,-0.600,0
11.307,-13.61,0.71,-0.600,0
11.307,-13.61,0.71,-0.600,0
11.308,-13.61,0.74,-0.600,0
11.308,-13.61,0.74,-0.600,0
11.308,-13.61,0.74,-0.600,0
11.308,-13.61,0.77,-0.600,0
11.309,-13.61,0.77,-0.600,0
11.309,-13.61,0.77,-0.600,0
11.309,-13.61,0.77,-0.600,0
11.309,-13.61,0.81,-0.600,0
11.310,-13.61,0.81,-0.600,0
11.310,-13.61,0.81,-0.600,0
11.310,-13.61,0.81,-0.600,0
11.310,-13.61,0.84,-0.600,0
11.311,-13.61,0.84,-0.600,0
11.311,-13.61,0.84,-0.600,0
11.311,-13.61,0.84,-0.600,0
11.311,-13.61,0.84,-0.600,0
11.311,-13.61,0.87,-0.600,0
11.312,-13.61,0.87,-0.600,0
11.312,-13.61,0.87,-0.600,0
11.312,-13.61,0.87,-0.600,0
11.312,-13.61,0.90,-0.600,0
11.313,-13.61,0.90,-0.600,0
11.313,-13.61,0.90,-0.600,0
11.313,-13.61,0.90,-0.600,0
11.314,-13.61,0.94,-0.600,0
11.314,-13.61,0.94,-0.600,0
11.314,-13.61,0.94,-0.600,0
11.314,-13.61,0.97,-0.600,0
11.315,-13.61,0.97,-0.600,0
11.315,-13.61,0.97,-0.600,0
11.315,-13.61,0.97,-0.600,0
11.315,-13.61,1.00,-0.600,0
11.316,-13.61,1.00,-0.600,0
11.316,-13.61,1.00,-0.600,0
11.316,-13.61,1.00,-0.600,0
11.316,-13.61,1.00,-0.600,0
11.317,-13.61,1.03,-0.600,0
11.317,-13.61,1.03,-0.600,0
11.317,-13.61,1.03,-0.600,0
11.317,-13.61,1.03,-0.600,0
11.317,-13.61,1.07,-0.600,0
11.318,-13.61,1.07,-0.600,0
11.318,-13.61,1.07,-0.600,0
11.318,-13.61,1.07,-0.600,0
11.318,-13.61,1.10,-0.600,0
11.319,-13.61,1.10,-0.600,0
11.319,-13.61,1.10,-0.600,0
11.319,-13.61,1.10,-0.600,0
11.319,-13.61,1.13,-0.600,0
11.320,-13.61,1.13,-0.600,0
11.320,-13.61,1.13,-0.600,0
11.320,-13.61,1.13,-0.600,0
11.321,-13.61,1.16,-0.600,0
11.321,-13.61,1.16,-0.600,0
11.321,-13.61,1.16,-0.600,0
11.321,-13.61,1.20,-0.600,0
11.322,-13.61,1.20,-0.600,0
11.322,-13.61,1.20,-0.600,0
11.322,-13.61,1.20,-0.600,0
11.322,-13.61,1.23,-0.600,0
11.323,-13.61,1.23,-0.600,0
11.323,-13.61,1.23,-0.600,0
11.323,-13.61,1.23,-0.600,0
11.323,-13.61,1.23,-0.600,0
11.323,-13.61,1.26,-0.600,0
11.324,-13.61,1.26,-0.600,0
11.324,-13.61,1.26,-0.600,0
11.324,-13.61,1.26,-0.600,0
11.324,-13.61,1.29,-0.600,0
11.325,-13.61,1.29,-0.600,0
11.325,-13.61,1.29,-0.600,0
11.325,-13.61,1.29,-0.600,0
11.326,-13.61,1.33,-0.600,0
11.326,-13.61,1.33,-0.600,0
11.326,-13.61,1.33,-0.600,0
11.326,-13.61,1.33,-0.600,0
11.327,-13.61,1.36,-0.600,0
11.327,-13.61,1.36,-0.600,0
11.327,-13.61,1.36,-0.600,0
11.327,-13.61,1.36,-0.600,0
11.328,-13.61,1.39,-0.600,0
11.328,-13.61,1.39,-0.600,0
11.328,-13.61,1.39,-0.600,0
11.328,-13.61,1.42,-0.600,0
11.329,-13.61,1.42,-0.600,0
11.329,-13.61,1.42,-0.600,0
11.329,-13.61,1.42,-0.600,0
11.329,-13.61,1.42,-0.600,0
11.329,-13.61,1.46,-0.600,0
11.330,-13.61,1.46,-0.600,0
11.330,-13.61,1.46,-0.600,0
11.330,-13.61,1.46,-0.600,0
11.330,-13.61,1.49,-0.600,0
11.331,-13.61,1.49,-0.600,0
11.331,-13.61,1.49,-0.600,0
11.331,-13.61,1.49,-0.600,0
11.331,-13.61,1.52,-0.600,0
11.332,-13.61,1.52,-0.600,0
11.332,-13.61,1.52,-0.600,0
11.332,-13.61,1.52,-0.600,0
11.332,-13.61,1.55,-0.600,0
11.333,-13.61,1.55,-0.600,0
11.333,-13.61,1.55,-0.600,0
11.333,-13.61,1.55,-0.600,0
11.333,-13.61,1.59,-0.600,0
11.334,-13.61,1.59,-0.600,0
11.334,-13.61,1.59,-0.600,0
11.334,-13.61,1.59,-0.600,0
11.335,-13.61,1.62,-0.600,0
11.335,-13.61,1.62,-0.600,0
11.335,-13.61,1.62,-0.600,0
11.335,-13.61,1.65,-0.600,0
11.336,-13.61,1.65,-0.600,0
11.336,-13.61,1.65,-0.600,0
11.336,-13.61,1.65,-0.600,0
11.336,-13.61,1.68,-0.600,0
11.337,-13.61,1.68,-0.600,0
11.337,-13.61,1.68,-0.600,0
11.337,-13.61,1.68,-0.600,0
11.337,-13.61,1.68,-0.600,0
11.337,-13.61,1.72,-0.600,0
11.338,-13.61,1.72,-0.600,0
11.338,-13.61,1.72,-0.600,0
11.338,-13.61,1.72,-0.600,0
11.338,-13.61,1.75,-0.600,0
11.339,-13.61,1.75,-0.600,0
11.339,-13.61,1.75,-0.600,0
11.339,-13.61,1.75,-0.600,0
11.339,-13.61,1.75,-0.600,0
11.340,-13.61,1.78,-0.600,0
11.340,-13.61,1.78,-0.600,0
11.340,-13.61,1.78,-0.600,0
11.340,-13.61,1.78,-0.600,0
11.341,-13.61,1.81,-0.600,0
11.341,-13.61,1.81,-0.600,0
11.341,-13.61,1.81,-0.600,0
11.341,-13.61,1.81,-0.600,0
11.341,-13.61,1.85,-0.600,0
11.342,-13.61,1.85,-0.600,0
11.342,-13.61,1.85,-0.600,0
11.342,-13.61,1.85,-0.600,0
11.342,-13.61,1.88,-0.600,0
11.343,-13.61,1.88,-0.600,0
11.343,-13.61,1.88,-0.600,0
11.343,-13.61,1.88,-0.600,0
11.343,-13.61,1.91,-0.600,0
11.344,-13.61,1.91,-0.600,0
11.344,-13.61,1.91,-0.600,0
11.344,-13.61,1.91,-0.600,0
11.344,-13.61,1.91,-0.600,0
11.344,-13.61,1.95,-0.600,0
11.345,-13.61,1.95,-0.600,0
11.345,-13.61,1.95,-0.600,0
11.345,-13.61,1.95,-0.600,0
11.345,-13.61,1.98,-0.600,0
11.346,-13.61,1.98,-0.600,0
11.346,-13.61,1.98,-0.600,0
11.346,-13.61,1.98,-0.600,0
11.346,-13.61,1.98,-0.600,0
11.347,-13.61,2.01,-0.600,0
11.347,-13.61,2.01,-0.600,0
11.347,-13.61,2.01,-0.600,0
11.347,-13.61,2.01,-0.600,0
11.348,-13.61,2.04,-0.600,0
11.348,-13.61,2.04,-0.600,0
11.348,-13.61,2.04,-0.600,0
11.348,-13.61,2.04,-0.600,0
11.349,-13.61,2.08,-0.600,0
11.349,-13.61,2.08,-0.600,0
11.349,-13.61,2.08,-0.600,0
11.349,-13.61,2.11,-0.600,0
11.350,-13.61,2.11,-0.600,0
11.350,-13.61,2.11,-0.600,0
11.350,-13.61,2.11,-0.600,0
11.350,-13.61,2.14,-0.600,0
11.351,-13.61,2.14,-0.600,0
11.351,-13.61,2.14,-0.600,0
11.351,-13.61,2.14,-0.600,0
11.351,-13.61,2.17,-0.600,0
11.352,-13.61,2.17,-0.600,0
11.352,-13.61,2.17,-0.600,0
11.352,-13.61,2.17,-0.600,0
11.352,-13.61,2.21,-0.600,0
11.353,-13.61,2.21,-0.600,0
11.353,-13.61,2.21,-0.600,0
11.353,-13.61,2.21,-0.600,0
11.353,-13.61,2.21,-0.600,0
11.353,-13.61,2.24,-0.600,0
11.354,-13.61,2.24,-0.600,0
11.354,-13.61,2.24,-0.600,0
11.354,-13.61,2.24,-0.600,0
11.354,-13.61,2.27,-0.600,0
11.355,-13.61,2.27,-0.600,0
11.355,-13.61,2.27,-0.600,0
11.355,-13.61,2.27,-0.600,0
11.356,-13.61,2.30,-0.600,0
11.356,-13.61,2.30,-0.600,0
11.356,-13.61,2.30,-0.600,0
11.356,-13.61,2.30,-0.600,0
11.357,-13.61,2.34,-0.600,0
11.357,-13.61,2.34,-0.600,0
11.357,-13.61,2.34,-0.600,0
11.357,-13.61,2.34,-0.600,0
11.358,-13.61,2.37,-0.600,0
11.358,-13.61,2.37,-0.600,0
11.358,-13.61,2.37,-0.600,0
11.358,-13.61,2.37,-0.600,0
11.358,-13.61,2.40,-0.600,0
11.359,-13.61,2.40,-0.600,0
11.359,-13.61,2.40,-0.600,0
11.359,-13.61,2.40,-0.600,0
11.359,-13.61,2.40,-0.600,0
11.360,-13.61,2.43,-0.600,0
11.360,-13.61,2.43,-0.600,0
11.360,-13.61,2.43,-0.600,0
11.360,-13.61,2.43,-0.600,0
11.361,-13.61,2.47,-0.600,0
11.361,-13.61,2.47,-0.600,0
11.361,-13.61,2.47,-0.600,0
11.361,-13.61,2.47,-0.600,0
11.362,-13.61,2.50,-0.600,0
11.362,-13.61,2.50,-0.600,0
11.362,-13.61,2.50,-0.600,0
11.362,-13.61,2.53,-0.600,0
11.363,-13.61,2.53,-0.600,0
11.363,-13.61,2.53,-0.600,0
11.363,-13.61,2.53,-0.600,0
11.363,-13.61,2.53,-0.600,0
11.364,-13.61,2.56,-0.600,0
11.364,-13.61,2.56,-0.600,0
11.364,-13.61,2.56,-0.600,0
11.364,-13.61,2.60,-0.600,0
11.365,-13.61,2.60,-0.600,0
11.365,-13.61,2.60,-0.600,0
11.365,-13.61,2.60,-0.600,0
11.365,-13.61,2.60,-0.600,0
11.365,-13.61,2.63,-0.600,0
11.366,-13.61,2.63,-0.600,0
11.366,-13.61,2.63,-0.600,0
11.366,-13.61,2.63,-0.600,0
11.366,-13.61,2.66,-0.600,0
11.367,-13.61,2.66,-0.600,0
11.367,-13.61,2.66,-0.600,0
11.367,-13.61,2.66,-0.600,0
11.367,-13.61,2.69,-0.600,0
11.368,-13.61,2.69,-0.600,0
11.368,-13.61,2.69,-0.600,0
11.368,-13.61,2.69,-0.600,0
11.369,-13.61,2.73,-0.600,0
11.369,-13.61,2.73,-0.600,0
11.369,-13.61,2.73,-0.600,0
11.369,-13.61,2.76,-0.600,0
11.370,-13.61,2.76,-0.600,0
11.370,-13.61,2.76,-0.600,0
11.370,-13.61,2.76,-0.600,0
11.370,-13.61,2.79,-0.600,0
11.371,-13.61,2.79,-0.600,0
11.371,-13.61,2.79,-0.600,0
11.371,-13.61,2.79,-0.600,0
11.372,-13.61,2.82,-0.600,0
11.372,-13.61,2.82,-0.600,0
11.372,-13.61,2.82,-0.600,0
11.372,-13.61,2.86,-0.600,0
11.373,-13.61,2.86,-0.600,0
11.373,-13.61,2.86,-0.600,0
11.373,-13.61,2.86,-0.600,0
11.373,-13.61,2.86,-0.600,0
11.374,-13.61,2.89,-0.600,0
11.374,-13.61,2.89,-0.600,0
11.374,-13.61,2.89,-0.600,0
11.374,-13.61,2.89,-0.600,0
11.374,-13.61,2.92,-0.600,0
11.375,-13.61,2.92,-0.600,0
11.375,-13.61,2.92,-0.600,0
11.375,-13.61,2.95,-0.600,0
11.376,-13.61,2.95,-0.600,0
11.376,-13.61,2.95,-0.600,0
11.376,-13.61,2.99,-0.600,0
11.377,-13.61,2.99,-0.600,0
11.377,-13.61,2.99,-0.600,0
11.377,-13.61,2.99,-0.600,0
11.377,-13.61,3.02,-0.600,0
11.378,-13.61,3.02,-0.600,0
11.378,-13.61,3.02,-0.600,0
11.378,-13.61,3.02,-0.600,0
11.378,-13.61,3.05,-0.600,0
11.379,-13.61,3.05,-0.600,0
11.379,-13.61,3.05,-0.600,0
11.379,-13.61,3.05,-0.600,0
11.379,-13.61,3.08,-0.600,0
11.380,-13.61,3.08,-0.600,0
11.380,-13.61,3.08,-0.600,0
11.380,-13.61,3.08,-0.600,0
11.381,-13.61,3.12,-0.600,0
11.381,-13.61,3.12,-0.600,0
11.381,-13.61,3.12,-0.600,0
11.381,-13.61,3.12,-0.600,0
11.382,-13.61,3.15,-0.600,0
11.382,-13.61,3.15,-0.600,0
11.382,-13.61,3.15,-0.600,0
11.382,-13.61,3.15,-0.600,0
11.383,-13.61,3.18,-0.600,0
11.383,-13.61,3.18,-0.600,0
11.383,-13.61,3.18,-0.600,0
11.384,-13.61,3.21,-0.600,0
11.384,-13.61,3.21,-0.600,0
11.384,-13.61,3.21,-0.600,0
11.384,-13.61,3.21,-0.600,0
11.385,-13.61,3.25,-0.600,0
11.385,-13.61,3.25,-0.600,0
11.385,-13.61,3.25,-0.600,0
11.385,-13.61,3.25,-0.600,0
11.386,-13.61,3.28,-0.600,0
11.386,-13.61,3.28,-0.600,0
11.386,-13.61,3.28,-0.600,0
11.386,-13.61,3.28,-0.600,0
11.386,-13.61,3.31,-0.600,0
11.387,-13.61,3.31,-0.600,0
11.387,-13.61,3.31,-0.600,0
11.387,-13.61,3.31,-0.600,0
11.387,-13.61,3.34,-0.600,0
11.388,-13.61,3.34,-0.600,0
11.388,-13.61,3.34,-0.600,0
11.388,-13.61,3.34,-0.600,0
11.389,-13.61,3.38,-0.600,0
11.389,-13.61,3.38,-0.600,0
11.389,-13.61,3.38,-0.600,0
11.389,-13.61,3.38,-0.600,0
11.390,-13.61,3.41,-0.600,0
11.390,-13.61,3.41,-0.600,0
11.390,-13.61,3.41,-0.600,0
11.391,-13.61,3.44,-0.600,0
11.391,-13.61,3.44,-0.600,0
11.391,-13.61,3.44,-0.600,0
11.391,-13.61,3.44,-0.600,0
11.392,-13.61,3.47,-0.600,0
11.392,-13.61,3.47,-0.600,0
11.392,-13.61,3.47,-0.600,0
11.392,-13.61,3.47,-0.600,0
11.392,-13.61,3.51,-0.600,0
11.393,-13.61,3.51,-0.600,0
11.393,-13.61,3.51,-0.600,0
11.393,-13.61,3.51,-0.600,0
11.393,-13.61,3.54,-0.600,0
11.394,-13.61,3.54,-0.600,0
11.394,-13.61,3.54,-0.600,0
11.394,-13.61,3.54,-0.600,0
11.395,-13.61,3.57,-0.600,0
11.395,-13.61,3.57,-0.600,0
11.395,-13.61,3.57,-0.600,0
11.395,-13.61,3.57,-0.600,0
11.395,-13.61,3.60,-0.600,0
11.396,-13.61,3.60,-0.600,0
11.396,-13.61,3.60,-0.600,0
11.397,-13.61,3.60,-0.600,0
11.397,-13.61,3.64,-0.600,0
11.398,-13.61,3.67,-0.600,0
11.398,-13.61,3.67,-0.600,0
11.398,-13.61,3.67,-0.600,0
11.398,-13.61,3.70,-0.600,0
11.399,-13.61,3.70,-0.600,0
11.399,-13.61,3.70,-0.600,0
11.399,-13.61,3.70,-0.600,0
11.399,-13.61,3.74,-0.600,0
11.400,-13.61,3.74,-0.600,0
11.400,-13.61,3.74,-0.600,0
11.400,-13.61,3.74,-0.600,0
11.400,-13.61,3.77,-0.600,0
11.401,-13.61,3.77,-0.600,0
11.401,-13.61,3.77,-0.600,0
11.401,-13.61,3.77,-0.600,0
11.402,-13.61,3.80,-0.600,0
11.402,-13.61,3.80,-0.600,0
11.402,-13.61,3.80,-0.600,0
11.403,-13.61,3.83,-0.600,0
11.403,-13.61,3.83,-0.600,0
11.403,-13.61,3.83,-0.600,0
11.403,-13.61,3.87,-0.600,0
11.404,-13.61,3.87,-0.600,0
11.404,-13.61,3.87,-0.600,0
11.404,-13.61,3.87,-0.600,0
11.405,-13.61,3.90,-0.600,0
11.405,-13.61,3.90,-0.600,0
11.405,-13.61,3.90,-0.600,0
11.405,-13.61,3.90,-0.600,0
11.406,-13.61,3.93,-0.600,0
11.406,-13.61,3.93,-0.600,0
11.406,-13.61,3.93,-0.600,0
11.406,-13.61,3.93,-0.600,0
11.407,-13.61,3.96,-0.600,0
11.407,-13.61,3.96,-0.600,0
11.407,-13.61,3.96,-0.600,0
11.407,-13.61,3.96,-0.600,0
11.408,-13.61,4.00,-0.600,0
11.408,-13.61,4.00,-0.600,0
11.408,-13.61,4.00,-0.600,0
11.408,-13.61,4.00,-0.600,0
11.409,-13.61,4.03,-0.600,0
11.409,-13.61,4.03,-0.600,0
11.409,-13.61,4.03,-0.600,0
11.409,-13.61,4.03,-0.600,0
11.410,-13.61,4.06,-0.600,0
11.410,-13.61,4.06,-0.600,0
11.410,-13.61,4.06,-0.600,0
11.410,-13.61,4.06,-0.600,0
11.411,-13.61,4.09,-0.600,0
11.411,-13.61,4.09,-0.600,0
11.411,-13.61,4.09,-0.600,0
11.411,-13.61,4.09,-0.600,0
11.412,-13.61,4.13,-0.600,0
11.412,-13.61,4.13,-0.600,0
11.412,-13.61,4.13,-0.600,0
11.412,-13.61,4.16,-0.600,0
11.413,-13.61,4.16,-0.600,0
11.413,-13.61,4.16,-0.600,0
11.413,-13.61,4.16,-0.600,0
11.413,-13.61,4.16,-0.600,0
11.414,-13.61,4.19,-0.600,0
11.414,-13.61,4.19,-0.600,0
11.414,-13.61,4.19,-0.600,0
11.414,-13.61,4.19,-0.600,0
11.415,-13.61,4.22,-0.600,0
11.415,-13.61,4.22,-0.600,0
11.415,-13.61,4.22,-0.600,0
11.415,-13.61,4.22,-0.600,0
11.415,-13.61,4.26,-0.600,0
11.416,-13.61,4.26,-0.600,0
11.416,-13.61,4.26,-0.600,0
11.416,-13.61,4.29,-0.600,0
11.417,-13.61,4.29,-0.600,0
11.417,-13.61,4.29,-0.600,0
11.417,-13.61,4.29,-0.600,0
11.418,-13.61,4.32,-0.600,0
11.418,-13.61,4.32,-0.600,0
11.418,-13.61,4.32,-0.600,0
11.419,-13.61,4.35,-0.600,0
11.419,-13.61,4.35,-0.600,0
11.419,-13.61,4.35,-0.600,0
11.419,-13.61,4.35,-0.600,0
11.420,-13.61,4.39,-0.600,0
11.420,-13.61,4.39,-0.600,0
11.420,-13.61,4.39,-0.600,0
11.420,-13.61,4.39,-0.600,0
11.421,-13.61,4.42,-0.600,0
11.421,-13.61,4.42,-0.600,0
11.421,-13.61,4.42,-0.600,0
11.421,-13.61,4.42,-0.600,0
11.422,-13.61,4.45,-0.600,0
11.422,-13.61,4.45,-0.600,0
11.422,-13.61,4.45,-0.600,0
11.422,-13.61,4.48,-0.600,0
11.423,-13.61,4.48,-0.600,0
11.423,-13.61,4.48,-0.600,0
11.423,-13.61,4.48,-0.600,0
11.423,-13.61,4.48,-0.600,0
11.424,-13.61,4.52,-0.600,0
11.424,-13.61,4.52,-0.600,0
11.424,-13.61,4.52,-0.600,0
11.424,-13.61,4.55,-0.600,0
11.425,-13.61,4.55,-0.600,0
11.425,-13.61,4.55,-0.600,0
11.425,-13.61,4.55,-0.600,0
11.425,-13.61,4.58,-0.600,0
11.426,-13.61,4.58,-0.600,0
11.426,-13.61,4.58,-0.600,0
11.426,-13.61,4.58,-0.600,0
11.426,-13.61,4.58,-0.600,0
11.427,-13.61,4.61,-0.600,0
11.427,-13.61,4.61,-0.600,0
11.427,-13.61,4.61,-0.600,0
11.427,-13.61,4.61,-0.600,0
11.427,-13.61,4.65,-0.600,0
11.428,-13.61,4.65,-0.600,0
11.428,-13.61,4.65,-0.600,0
11.428,-13.61,4.65,-0.600,0
11.428,-13.61,4.68,-0.600,0
11.429,-13.61,4.68,-0.600,0
11.429,-13.61,4.68,-0.600,0
11.429,-13.61,4.68,-0.600,0
11.429,-13.61,4.71,-0.600,0
11.430,-13.61,4.71,-0.600,0
11.430,-13.61,4.71,-0.600,0
11.430,-13.61,4.71,-0.600,0
11.430,-13.61,4.74,-0.600,0
11.431,-13.61,4.74,-0.600,0
11.431,-13.61,4.74,-0.600,0
11.431,-13.61,4.74,-0.600,0
11.432,-13.61,4.74,-0.600,0
11.432,-13.61,4.78,-0.600,0
11.432,-13.61,4.78,-0.600,0
11.432,-13.61,4.78,-0.600,0
11.433,-13.61,4.81,-0.600,0
11.433,-13.61,4.81,-0.600,0
11.433,-13.61,4.81,-0.600,0
11.433,-13.61,4.81,-0.600,0
11.434,-13.61,4.84,-0.600,0
11.434,-13.61,4.84,-0.600,0
11.434,-13.61,4.84,-0.600,0
11.434,-13.61,4.87,-0.600,0
11.435,-13.61,4.87,-0.600,0
11.435,-13.61,4.87,-0.600,0
11.435,-13.61,4.87,-0.600,0
11.435,-13.61,4.87,-0.600,0
11.436,-13.61,4.91,-0.600,0
11.436,-13.61,4.91,-0.600,0
11.436,-13.61,4.91,-0.600,0
11.436,-13.61,4.94,-0.600,0
11.437,-13.61,4.94,-0.600,0
11.437,-13.61,4.94,-0.600,0
11.438,-13.61,4.97,-0.600,0
11.438,-13.61,4.97,-0.600,0
11.438,-13.61,4.97,-0.600,0
11.439,-13.61,5.00,-0.600,1
11.439,-10.71,5.00,-0.600,0
11.439,-10.71,5.00,-0.600,0
11.440,-10.71,5.04,-0.600,0
11.440,-10.71,5.04,-0.600,0
11.440,-10.71,5.04,-0.600,0
11.440,-10.71,5.04,-0.600,0
11.441,-10.71,5.07,-0.600,0
11.441,-10.71,5.07,-0.600,0
11.441,-10.71,5.07,-0.600,0
11.441,-10.71,5.07,-0.600,0
11.442,-10.71,5.10,-0.600,0
11.442,-10.71,5.10,-0.600,0
11.442,-10.71,5.10,-0.600,0
11.442,-10.71,5.13,-0.600,0
11.443,-10.71,5.13,-0.600,0
11.443,-10.71,5.13,-0.600,0
11.443,-10.71,5.13,-0.600,0
11.443,-10.71,5.13,-0.600,0
11.444,-10.71,5.17,-0.600,0
11.444,-10.71,5.17,-0.600,0
11.444,-10.71,5.17,-0.600,0
11.444,-10.71,5.20,-0.600,0
11.445,-10.71,5.20,-0.600,0
11.445,-10.71,5.20,-0.600,0
11.445,-10.71,5.20,-0.600,0
11.446,-10.71,5.23,-0.600,0
11.446,-10.71,5.23,-0.600,0
11.446,-10.71,5.23,-0.600,0
11.446,-10.71,5.23,-0.600,0
11.446,-10.71,5.26,-0.600,0
11.447,-10.71,5.26,-0.600,0
11.447,-10.71,5.26,-0.600,0
11.447,-10.71,5.26,-0.600,0
11.447,-10.71,5.30,-0.600,0
11.448,-10.71,5.30,-0.600,0
11.448,-10.71,5.30,-0.600,0
11.448,-10.71,5.30,-0.600,0
11.448,-10.71,5.30,-0.600,0
11.449,-10.71,5.33,-0.600,0
11.449,-10.71,5.33,-0.600,0
11.449,-10.71,5.33,-0.600,0
11.449,-10.71,5.33,-0.600,0
11.450,-10.71,5.36,-0.600,0
11.450,-10.71,5.36,-0.600,0
11.450,-10.71,5.36,-0.600,0
11.450,-10.71,5.36,-0.600,0
11.451,-10.71,5.39,-0.600,0
11.451,-10.71,5.39,-0.600,0
11.451,-10.71,5.39,-0.600,0
11.451,-10.71,5.39,-0.600,0
11.452,-10.71,5.43,-0.600,0
11.452,-10.71,5.43,-0.600,0
11.452,-10.71,5.43,-0.600,0
11.452,-10.71,5.46,-0.600,0
11.453,-10.71,5.46,-0.600,0
11.453,-10.71,5.46,-0.600,0
11.453,-10.71,5.46,-0.600,0
11.454,-10.71,5.49,-0.600,0
11.454,-10.71,5.49,-0.600,0
11.454,-10.71,5.49,-0.600,0
11.454,-10.71,5.49,-0.600,0
11.454,-10.71,5.52,-0.600,0
11.455,-10.71,5.52,-0.600,0
11.455,-10.71,5.52,-0.600,0
11.455,-10.71,5.52,-0.600,0
11.455,-10.71,5.56,-0.600,0
11.456,-10.71,5.56,-0.600,0
11.456,-10.71,5.56,-0.600,0
11.456,-10.71,5.56,-0.600,0
11.457,-10.71,5.59,-0.600,0
11.457,-10.71,5.59,-0.600,0
11.457,-10.71,5.59,-0.600,0
11.457,-10.71,5.59,-0.600,0
11.457,-10.71,5.62,-0.600,0
11.458,-10.71,5.62,-0.600,0
11.458,-10.71,5.62,-0.600,0
11.458,-10.71,5.62,-0.600,0
11.458,-10.71,5.65,-0.600,0
11.459,-10.71,5.65,-0.600,0
11.459,-10.71,5.65,-0.600,0
11.459,-10.71,5.65,-0.600,0
11.459,-10.71,5.69,-0.600,0
11.460,-10.71,5.69,-0.600,0
11.460,-10.71,5.69,-0.600,0
11.460,-10.71,5.69,-0.600,0
11.460,-10.71,5.72,-0.600,0
11.461,-10.71,5.72,-0.600,0
11.461,-10.71,5.72,-0.600,0
11.461,-10.71,5.72,-0.600,0
11.461,-10.71,5.72,-0.600,0
11.462,-10.71,5.75,-0.600,0
11.462,-10.71,5.75,-0.600,0
11.462,-10.71,5.75,-0.600,0
11.462,-10.71,5.75,-0.600,0
11.463,-10.71,5.78,-0.600,0
11.463,-10.71,5.78,-0.600,0
11.463,-10.71,5.78,-0.600,0
11.463,-10.71,5.78,-0.600,0
11.464,-10.71,5.82,-0.600,0
11.464,-10.71,5.82,-0.600,0
11.464,-10.71,5.82,-0.600,0
11.464,-10.71,5.85,-0.600,0
11.465,-10.71,5.85,-0.600,0
11.465,-10.71,5.85,-0.600,0
11.465,-10.71,5.85,-0.600,0
11.465,-10.71,5.85,-0.600,0
11.466,-10.71,5.88,-0.600,0
11.466,-10.71,5.88,-0.600,0
11.466,-10.71,5.88,-0.600,0
11.467,-10.71,5.91,-0.600,0
11.467,-10.71,5.91,-0.600,0
11.467,-10.71,5.91,-0.600,0
11.467,-10.71,5.91,-0.600,0
11.467,-10.71,5.95,-0.600,0
11.468,-10.71,5.95,-0.600,0
11.468,-10.71,5.95,-0.600,0
11.468,-10.71,5.95,-0.600,0
11.468,-10.71,5.98,-0.600,0
11.469,-10.71,5.98,-0.600,0
11.469,-10.71,5.98,-0.600,0
11.469,-10.71,5.98,-0.600,0
11.470,-10.71,6.01,-0.600,0
11.470,-10.71,6.01,-0.600,0
11.470,-10.71,6.01,-0.600,0
11.470,-10.71,6.01,-0.600,0
11.471,-10.71,6.04,-0.600,0
11.471,-10.71,6.04,-0.600,0
11.471,-10.71,6.04,-0.600,0
11.471,-10.71,6.04,-0.600,0
11.472,-10.71,6.08,-0.600,0
11.472,-10.71,6.08,-0.600,0
11.472,-10.71,6.08,-0.600,0
11.472,-10.71,6.08,-0.600,0
11.473,-10.71,6.11,-0.600,0
11.473,-10.71,6.11,-0.600,0
11.473,-10.71,6.11,-0.600,0
11.473,-10.71,6.11,-0.600,0
11.474,-10.71,6.14,-0.600,0
11.474,-10.71,6.14,-0.600,0
11.474,-10.71,6.14,-0.600,0
11.474,-10.71,6.17,-0.600,0
11.475,-10.71,6.17,-0.600,0
11.475,-10.71,6.17,-0.600,0
11.475,-10.71,6.17,-0.600,0
11.475,-10.71,6.21,-0.600,0
11.476,-10.71,6.21,-0.600,0
11.476,-10.71,6.21,-0.600,0
11.476,-10.71,6.21,-0.600,0
11.476,-10.71,6.24,-0.600,0
11.477,-10.71,6.24,-0.600,0
11.477,-10.71,6.24,-0.600,0
11.477,-10.71,6.24,-0.600,0
11.477,-10.71,6.27,-0.600,0
11.478,-10.71,6.27,-0.600,0
11.478,-10.71,6.27,-0.600,0
11.478,-10.71,6.27,-0.600,0
11.478,-10.71,6.30,-0.600,0
11.479,-10.71,6.30,-0.600,0
11.479,-10.71,6.30,-0.600,0
11.479,-10.71,6.34,-0.600,0
11.480,-10.71,6.34,-0.600,0
11.480,-10.71,6.34,-0.600,0
11.480,-10.71,6.34,-0.600,0
11.481,-10.71,6.37,-0.600,0
11.481,-10.71,6.37,-0.600,0
11.481,-10.71,6.37,-0.600,0
11.481,-10.71,6.37,-0.600,0
11.482,-10.71,6.40,-0.600,0
11.482,-10.71,6.40,-0.600,0
11.482,-10.71,6.40,-0.600,0
11.482,-10.71,6.40,-0.600,0
11.483,-10.71,6.43,-0.600,0
11.483,-10.71,6.43,-0.600,0
11.483,-10.71,6.43,-0.600,0
11.483,-10.71,6.43,-0.600,0
11.484,-10.71,6.47,-0.600,0
11.484,-10.71,6.47,-0.600,0
11.484,-10.71,6.47,-0.600,0
11.484,-10.71,6.47,-0.600,0
11.485,-10.71,6.50,-0.600,0
11.485,-10.71,6.50,-0.600,0
11.485,-10.71,6.50,-0.600,0
11.485,-10.71,6.50,-0.600,0
11.486,-10.71,6.53,-0.600,0
11.486,-10.71,6.53,-0.600,0
11.486,-10.71,6.53,-0.600,0
11.486,-10.71,6.56,-0.600,0
11.487,-10.71,6.56,-0.600,0
11.487,-10.71,6.56,-0.600,0
11.488,-10.71,6.60,-0.600,0
11.488,-10.71,6.60,-0.600,0
11.488,-10.71,6.60,-0.600,0
11.488,-10.71,6.63,-0.600,0
11.489,-10.71,6.63,-0.600,0
11.489,-10.71,6.63,-0.600,0
11.489,-10.71,6.63,-0.600,0
11.489,-10.71,6.66,-0.600,0
11.490,-10.71,6.66,-0.600,0
11.490,-10.71,6.66,-0.600,0
11.490,-10.71,6.66,-0.600,0
11.490,-10.71,6.69,-0.600,0
11.491,-10.71,6.69,-0.600,0
11.491,-10.71,6.69,-0.600,0
11.491,-10.71,6.69,-0.600,0
11.491,-10.71,6.73,-0.600,0
11.492,-10.71,6.73,-0.600,0
11.492,-10.71,6.73,-0.600,0
11.492,-10.71,6.73,-0.600,0
11.493,-10.71,6.76,-0.600,0
11.493,-10.71,6.76,-0.600,0
11.493,-10.71,6.76,-0.600,0
11.494,-10.71,6.79,-0.600,0
11.494,-10.71,6.79,-0.600,0
11.494,-10.71,6.79,-0.600,0
11.495,-10.71,6.82,-0.600,0
11.495,-10.71,6.82,-0.600,0
11.495,-10.71,6.82,-0.600,0
11.495,-10.71,6.86,-0.600,0
11.496,-10.71,6.86,-0.600,0
11.496,-10.71,6.86,-0.600,0
11.496,-10.71,6.86,-0.600,0
11.496,-10.71,6.89,-0.600,0
11.497,-10.71,6.89,-0.600,0
11.497,-10.71,6.89,-0.600,0
11.497,-10.71,6.89,-0.600,0
11.497,-10.71,6.89,-0.600,0
11.498,-10.71,6.92,-0.600,0
11.498,-10.71,6.92,-0.600,0
11.498,-10.71,6.92,-0.600,0
11.498,-10.71,6.92,-0.600,0
11.499,-10.71,6.95,-0.600,0
11.499,-10.71,6.95,-0.600,0
11.499,-10.71,6.95,-0.600,0
11.499,-10.71,6.95,-0.600,0
11.500,-10.71,6.99,-0.600,0
11.500,-10.71,6.99,-0.600,0
11.500,-10.71,6.99,-0.600,0
11.500,-10.71,6.99,-0.600,0
11.501,-10.71,7.02,-0.600,0
11.501,-10.71,7.02,-0.600,0
11.501,-10.71,7.02,-0.600,0
11.502,-10.71,7.05,-0.600,0
11.502,-10.71,7.05,-0.600,0
11.502,-10.71,7.05,-0.600,0
11.502,-10.71,7.08,-0.600,0
11.503,-10.71,7.08,-0.600,0
11.503,-10.71,7.08,-0.600,0
11.503,-10.71,7.08,-0.600,0
11.503,-10.71,7.12,-0.600,0
11.504,-10.71,7.12,-0.600,0
11.504,-10.71,7.12,-0.600,0
11.504,-10.71,7.12,-0.600,0
11.504,-10.71,7.12,-0.600,0
11.505,-10.71,7.15,-0.600,0
11.505,-10.71,7.15,-0.600,0
11.505,-10.71,7.15,-0.600,0
11.505,-10.71,7.15,-0.600,0
11.506,-10.71,7.18,-0.600,0
11.506,-10.71,7.18,-0.600,0
11.506,-10.71,7.18,-0.600,0
11.506,-10.71,7.18,-0.600,0
11.507,-10.71,7.21,-0.600,0
11.507,-10.71,7.21,-0.600,0
11.507,-10.71,7.21,-0.600,0
11.507,-10.71,7.21,-0.600,0
11.508,-10.71,7.25,-0.600,0
11.508,-10.71,7.25,-0.600,0
11.508,-10.71,7.25,-0.600,0
11.508,-10.71,7.28,-0.600,0
11.509,-10.71,7.28,-0.600,0
11.509,-10.71,7.28,-0.600,0
11.509,-10.71,7.28,-0.600,0
11.510,-10.71,7.31,-0.600,0
11.510,-10.71,7.31,-0.600,0
11.510,-10.71,7.31,-0.600,0
11.510,-10.71,7.31,-0.600,0
11.511,-10.71,7.34,-0.600,0
11.511,-10.71,7.34,-0.600,0
11.511,-10.71,7.34,-0.600,0
11.511,-10.71,7.34,-0.600,0
11.512,-10.71,7.38,-0.600,0
11.512,-10.71,7.38,-0.600,0
11.512,-10.71,7.38,-0.600,0
11.512,-10.71,7.41,-0.600,0
11.513,-10.71,7.41,-0.600,0
11.513,-10.71,7.41,-0.600,0
11.513,-10.71,7.41,-0.600,0
11.514,-10.71,7.44,-0.600,0
11.514,-10.71,7.44,-0.600,0
11.514,-10.71,7.44,-0.600,0
11.515,-10.71,7.47,-0.600,0
11.515,-10.71,7.47,-0.600,0
11.515,-10.71,7.47,-0.600,0
11.515,-10.71,7.51,-0.600,0
11.516,-10.71,7.51,-0.600,0
11.516,-10.71,7.51,-0.600,0
11.516,-10.71,7.51,-0.600,0
11.516,-10.71,7.54,-0.600,0
11.517,-10.71,7.54,-0.600,0
11.517,-10.71,7.54,-0.600,0
11.517,-10.71,7.54,-0.600,0
11.517,-10.71,7.54,-0.600,0
11.517,-10.71,7.57,-0.600,0
11.518,-10.71,7.57,-0.600,0
11.518,-10.71,7.57,-0.600,0
11.518,-10.71,7.57,-0.600,0
11.518,-10.71,7.60,-0.600,0
11.519,-10.71,7.60,-0.600,0
11.519,-10.71,7.60,-0.600,0
11.519,-10.71,7.60,-0.600,0
11.519,-10.71,7.64,-0.600,0
11.520,-10.71,7.64,-0.600,0
11.520,-10.71,7.64,-0.600,0
11.520,-10.71,7.64,-0.600,0
11.520,-10.71,7.67,-0.600,0
11.521,-10.71,7.67,-0.600,0
11.521,-10.71,7.67,-0.600,0
11.521,-10.71,7.67,-0.600,0
11.522,-10.71,7.70,-0.600,0
11.522,-10.71,7.70,-0.600,0
11.522,-10.71,7.70,-0.600,0
11.522,-10.71,7.73,-0.600,0
11.523,-10.71,7.73,-0.600,0
11.523,-10.71,7.73,-0.600,0
11.523,-10.71,7.73,-0.600,0
11.523,-10.71,7.73,-0.600,0
11.524,-10.71,7.77,-0.600,0
11.524,-10.71,7.77,-0.600,0
11.524,-10.71,7.77,-0.600,0
11.524,-10.71,7.77,-0.600,0
11.524,-10.71,7.80,-0.600,0
11.525,-10.71,7.80,-0.600,0
11.525,-10.71,7.80,-0.600,0
11.525,-10.71,7.80,-0.600,0
11.525,-10.71,7.83,-0.600,0
11.526,-10.71,7.83,-0.600,0
11.526,-10.71,7.83,-0.600,0
11.526,-10.71,7.83,-0.600,0
11.526,-10.71,7.87,-0.600,0
11.527,-10.71,7.87,-0.600,0
11.527,-10.71,7.87,-0.600,0
11.527,-10.71,7.87,-0.600,0
11.527,-10.71,7.87,-0.600,0
11.527,-10.71,7.90,-0.600,0
11.528,-10.71,7.90,-0.600,0
11.528,-10.71,7.90,-0.600,0
11.529,-10.71,7.93,-0.600,0
11.529,-10.71,7.93,-0.600,0
11.529,-10.71,7.93,-0.600,0
11.529,-10.71,7.93,-0.600,0
11.530,-10.71,7.96,-0.600,0
11.530,-10.71,7.96,-0.600,0
11.530,-10.71,7.96,-0.600,0
11.530,-10.71,7.96,-0.600,0
11.531,-10.71,7.99,-0.600,0
11.531,-10.71,7.99,-0.600,0
11.531,-10.71,7.99,-0.600,0
11.531,-10.71,7.99,-0.600,0
11.531,-10.71,8.03,-0.600,0
11.532,-10.71,8.03,-0.600,0
11.532,-10.71,8.03,-0.600,0
11.532,-10.71,8.03,-0.600,0
11.532,-10.71,8.06,-0.600,0
11.533,-10.71,8.06,-0.600,0
11.533,-10.71,8.06,-0.600,0
11.533,-10.71,8.06,-0.600,0
11.533,-10.71,8.09,-0.600,0
11.534,-10.71,8.09,-0.600,0
11.534,-10.71,8.09,-0.600,0
11.534,-10.71,8.09,-0.600,0
11.535,-10.71,8.12,-0.600,0
11.535,-10.71,8.12,-0.600,0
11.536,-10.71,8.16,-0.600,0
11.536,-10.71,8.16,-0.600,0
11.536,-10.71,8.16,-0.600,0
11.537,-10.71,8.19,-0.600,0
11.537,-10.71,8.19,-0.600,0
11.537,-10.71,8.19,-0.600,0
11.537,-10.71,8.22,-0.600,0
11.538,-10.71,8.22,-0.600,0
11.538,-10.71,8.22,-0.600,0
11.538,-10.71,8.22,-0.600,0
11.539,-10.71,8.25,-0.600,0
11.539,-10.71,8.25,-0.600,0
11.539,-10.71,8.25,-0.600,0
11.539,-10.71,8.25,-0.600,0
11.540,-10.71,8.29,-0.600,0
11.540,-10.71,8.29,-0.600,0
11.540,-10.71,8.29,-0.600,0
11.540,-10.71,8.29,-0.600,0
11.541,-10.71,8.32,-0.600,0
11.541,-10.71,8.32,-0.600,0
11.541,-10.71,8.32,-0.600,0
11.541,-10.71,8.32,-0.600,0
11.542,-10.71,8.35,-0.600,0
11.542,-10.71,8.35,-0.600,0
11.542,-10.71,8.35,-0.600,0
11.542,-10.71,8.35,-0.600,0
11.543,-10.71,8.39,-0.600,0
11.543,-10.71,8.39,-0.600,0
11.543,-10.71,8.39,-0.600,0
11.543,-10.71,8.39,-0.600,0
11.544,-10.71,8.42,-0.600,0
11.544,-10.71,8.42,-0.600,0
11.544,-10.71,8.42,-0.600,0
11.544,-10.71,8.45,-0.600,0
11.545,-10.71,8.45,-0.600,0
11.545,-10.71,8.45,-0.600,0
11.545,-10.71,8.45,-0.600,0
11.546,-10.71,8.48,-0.600,0
11.546,-10.71,8.48,-0.600,0
11.546,-10.71,8.48,-0.600,0
11.546,-10.71,8.48,-0.600,0
11.547,-10.71,8.51,-0.600,0
11.547,-10.71,8.51,-0.600,0
11.547,-10.71,8.51,-0.600,0
11.547,-10.71,8.55,-0.600,0
11.548,-10.71,8.55,-0.600,0
11.548,-10.71,8.55,-0.600,0
11.548,-10.71,8.55,-0.600,0
11.549,-10.71,8.58,-0.600,0
11.549,-10.71,8.58,-0.600,0
11.549,-10.71,8.58,-0.600,0
11.550,-10.71,8.61,-0.600,0
11.550,-10.71,8.61,-0.600,0
11.550,-10.71,8.61,-0.600,0
11.550,-10.71,8.64,-0.600,0
11.551,-10.71,8.64,-0.600,0
11.551,-10.71,8.64,-0.600,0
11.552,-10.71,8.68,-0.600,0
11.552,-10.71,8.68,-0.600,0
11.553,-10.71,8.71,-0.600,0
11.553,-10.71,8.71,-0.600,0
11.554,-10.71,8.74,-0.600,0
11.554,-10.71,8.74,-0.600,0
11.554,-10.71,8.74,-0.600,0
11.554,-10.71,8.74,-0.600,0
11.555,-10.71,8.78,-0.600,0
11.555,-10.71,8.78,-0.600,0
11.555,-10.71,8.78,-0.600,0
11.555,-10.71,8.78,-0.600,0
11.556,-10.71,8.81,-0.600,0
11.556,-10.71,8.81,-0.600,0
11.556,-10.71,8.81,-0.600,0
11.556,-10.71,8.84,-0.600,0
11.557,-10.71,8.84,-0.600,0
11.557,-10.71,8.84,-0.600,0
11.557,-10.71,8.87,-0.600,0
11.558,-10.71,8.87,-0.600,0
11.558,-10.71,8.87,-0.600,0
11.558,-10.71,8.87,-0.600,0
11.558,-10.71,8.91,-0.600,0
11.559,-10.71,8.91,-0.600,0
11.559,-10.71,8.91,-0.600,0
11.559,-10.71,8.91,-0.600,0
11.560,-10.71,8.94,-0.600,0
11.560,-10.71,8.94,-0.600,0
11.560,-10.71,8.94,-0.600,0
11.560,-10.71,8.94,-0.600,0
11.561,-10.71,8.97,-0.600,0
11.561,-10.71,8.97,-0.600,0
11.561,-10.71,8.97,-0.600,0
11.561,-10.71,8.97,-0.600,0
11.562,-10.71,9.00,-0.600,0
11.562,-10.71,9.00,-0.600,0
11.562,-10.71,9.00,-0.600,0
11.562,-10.71,9.00,-0.600,0
11.562,-10.71,9.04,-0.600,0
11.563,-10.71,9.04,-0.600,0
11.563,-10.71,9.04,-0.600,0
11.563,-10.71,9.04,-0.600,0
11.564,-10.71,9.07,-0.600,0
11.564,-10.71,9.07,-0.600,0
11.564,-10.71,9.07,-0.600,0
11.564,-10.71,9.10,-0.600,0
11.565,-10.71,9.10,-0.600,0
11.565,-10.71,9.10,-0.600,0
11.565,-10.71,9.10,-0.600,0
11.566,-10.71,9.13,-0.600,0
11.566,-10.71,9.13,-0.600,0
11.566,-10.71,9.13,-0.600,0
11.566,-10.71,9.16,-0.600,0
11.567,-10.71,9.16,-0.600,0
11.567,-10.71,9.16,-0.600,0
11.567,-10.71,9.16,-0.600,0
11.567,-10.71,9.16,-0.600,0
11.568,-10.71,9.20,-0.600,0
11.568,-10.71,9.20,-0.600,0
11.568,-10.71,9.20,-0.600,0
11.568,-10.71,9.23,-0.600,0
11.569,-10.71,9.23,-0.600,0
11.569,-10.71,9.23,-0.600,0
11.569,-10.71,9.23,-0.600,0
11.570,-10.71,9.26,-0.600,0
11.570,-10.71,9.26,-0.600,0
11.570,-10.71,9.26,-0.600,0
11.570,-10.71,9.30,-0.600,0
11.571,-10.71,9.30,-0.600,0
11.571,-10.71,9.30,-0.600,0
11.571,-10.71,9.30,-0.600,0
11.571,-10.71,9.33,-0.600,0
11.572,-10.71,9.33,-0.600,0
11.572,-10.71,9.33,-0.600,0
11.572,-10.71,9.33,-0.600,0
11.572,-10.71,9.36,-0.600,0
11.573,-10.71,9.36,-0.600,0
11.573,-10.71,9.36,-0.600,0
11.573,-10.71,9.36,-0.600,0
11.573,-10.71,9.36,-0.600,0
11.574,-10.71,9.39,-0.600,0
11.574,-10.71,9.39,-0.600,0
11.574,-10.71,9.39,-0.600,0
11.574,-10.71,9.43,-0.600,0
11.575,-10.71,9.43,-0.600,0
11.575,-10.71,9.43,-0.600,0
11.575,-10.71,9.43,-0.600,0
11.575,-10.71,9.43,-0.600,0
11.576,-10.71,9.46,-0.600,0
11.576,-10.71,9.46,-0.600,0
11.576,-10.71,9.46,-0.600,0
11.576,-10.71,9.46,-0.600,0
11.576,-10.71,9.49,-0.600,0
11.577,-10.71,9.49,-0.600,0
11.577,-10.71,9.49,-0.600,0
11.577,-10.71,9.49,-0.600,0
11.578,-10.71,9.52,-0.600,0
11.578,-10.71,9.52,-0.600,0
11.578,-10.71,9.52,-0.600,0
11.578,-10.71,9.55,-0.600,0
11.579,-10.71,9.55,-0.600,0
11.579,-10.71,9.55,-0.600,0
11.579,-10.71,9.55,-0.600,0
11.579,-10.71,9.55,-0.600,0
11.580,-10.71,9.59,-0.600,0
11.580,-10.71,9.59,-0.600,0
11.580,-10.71,9.59,-0.600,0
11.580,-10.71,9.59,-0.600,0
11.581,-10.71,9.62,-0.600,0
11.581,-10.71,9.62,-0.600,0
11.581,-10.71,9.62,-0.600,0
11.581,-10.71,9.62,-0.600,0
11.582,-10.71,9.65,-0.600,0
11.582,-10.71,9.65,-0.600,0
11.582,-10.71,9.65,-0.600,0
11.582,-10.71,9.69,-0.600,0
11.583,-10.71,9.69,-0.600,0
11.583,-10.71,9.69,-0.600,0
11.583,-10.71,9.69,-0.600,0
11.584,-10.71,9.72,-0.600,0
11.584,-10.71,9.72,-0.600,0
11.584,-10.71,9.72,-0.600,0
11.584,-10.71,9.75,-0.600,0
11.585,-10.71,9.75,-0.600,0
11.585,-10.71,9.75,-0.600,0
11.585,-10.71,9.75,-0.600,0
11.585,-10.71,9.78,-0.600,0
11.586,-10.71,9.78,-0.600,0
11.586,-10.71,9.78,-0.600,0
11.586,-10.71,9.78,-0.600,0
11.586,-10.71,9.82,-0.600,0
11.587,-10.71,9.82,-0.600,0
11.587,-10.71,9.82,-0.600,0
11.587,-10.71,9.82,-0.600,0
11.587,-10.71,9.82,-0.600,0
11.588,-10.71,9.85,-0.600,0
11.588,-10.71,9.85,-0.600,0
11.588,-10.71,9.85,-0.600,0
11.588,-10.71,9.85,-0.600,0
11.588,-10.71,9.88,-0.600,0
11.589,-10.71,9.88,-0.600,0
11.589,-10.71,9.88,-0.600,0
11.589,-10.71,9.88,-0.600,0
11.589,-10.71,9.88,-0.600,0
11.589,-10.71,9.91,-0.600,0
11.590,-10.71,9.91,-0.600,0
11.590,-10.71,9.91,-0.600,0
11.590,-10.71,9.91,-0.600,0
11.590,-10.71,9.95,-0.600,0
11.591,-10.71,9.95,-0.600,0
11.591,-10.71,9.95,-0.600,0
11.591,-10.71,9.95,-0.600,0
11.592,-10.71,9.98,-0.600,0
11.592,-10.71,9.98,-0.600,0
11.592,-10.71,9.98,-0.600,0
11.592,-10.71,10.01,-0.600,0
11.593,-10.71,10.01,-0.600,0
11.593,-10.71,10.01,-0.600,0
11.593,-10.71,10.01,-0.600,0
11.593,-10.71,10.04,-0.600,0
11.594,-10.71,10.04,-0.600,0
11.594,-10.71,10.04,-0.600,0
11.594,-10.71,10.04,-0.600,0
11.594,-10.71,10.08,-0.600,0
11.595,-10.71,10.08,-0.600,0
11.595,-10.71,10.08,-0.600,0
11.595,-10.71,10.08,-0.600,0
11.595,-10.71,10.11,-0.600,0
11.596,-10.71,10.11,-0.600,0
11.596,-10.71,10.11,-0.600,0
11.596,-10.71,10.11,-0.600,0
11.596,-10.71,10.14,-0.600,0
11.597,-10.71,10.14,-0.600,0
11.597,-10.71,10.14,-0.600,0
11.597,-10.71,10.14,-0.600,0
11.597,-10.71,10.17,-0.600,0
11.598,-10.71,10.17,-0.600,0
11.598,-10.71,10.17,-0.600,0
11.598,-10.71,10.21,-0.600,0
11.599,-10.71,10.21,-0.600,0
11.599,-10.71,10.21,-0.600,0
11.599,-10.71,10.21,-0.600,0
11.600,-10.71,10.24,-0.600,0
11.600,-10.71,10.24,-0.600,0
11.600,-10.71,10.24,-0.600,0
11.600,-10.71,10.24,-0.600,0
11.601,-10.71,10.27,-0.600,0
11.601,-10.71,10.27,-0.600,0
11.601,-10.71,10.27,-0.600,0
11.601,-10.71,10.27,-0.600,0
11.601,-10.71,10.30,-0.600,0
11.602,-10.71,10.30,-0.600,0
11.602,-10.71,10.30,-0.600,0
11.602,-10.71,10.30,-0.600,0
11.602,-10.71,10.34,-0.600,0
11.603,-10.71,10.34,-0.600,0
11.603,-10.71,10.34,-0.600,0
11.603,-10.71,10.34,-0.600,0
11.604,-10.71,10.37,-0.600,0
11.604,-10.71,10.37,-0.600,0
11.604,-10.71,10.37,-0.600,0
11.604,-10.71,10.37,-0.600,0
11.605,-10.71,10.40,-0.600,0
11.605,-10.71,10.40,-0.600,0
11.605,-10.71,10.40,-0.600,0
11.605,-10.71,10.40,-0.600,0
11.606,-10.71,10.43,-0.600,0
11.606,-10.71,10.43,-0.600,0
11.606,-10.71,10.43,-0.600,0
11.606,-10.71,10.47,-0.600,0
11.607,-10.71,10.47,-0.600,0
11.607,-10.71,10.47,-0.600,0
11.607,-10.71,10.47,-0.600,0
11.607,-10.71,10.50,-0.600,0
11.608,-10.71,10.50,-0.600,0
11.608,-10.71,10.50,-0.600,0
11.608,-10.71,10.50,-0.600,0
11.608,-10.71,10.50,-0.600,0
11.609,-10.71,10.53,-0.600,0
11.609,-10.71,10.53,-0.600,0
11.609,-10.71,10.53,-0.600,0
11.609,-10.71,10.53,-0.600,0
11.610,-10.71,10.56,-0.600,0
11.610,-10.71,10.56,-0.600,0
11.610,-10.71,10.56,-0.600,0
11.611,-10.71,10.60,-0.600,0
11.611,-10.71,10.60,-0.600,0
11.611,-10.71,10.60,-0.600,0
11.611,-10.71,10.63,-0.600,0
11.612,-10.71,10.63,-0.600,0
11.612,-10.71,10.63,-0.600,0
11.612,-10.71,10.63,-0.600,0
11.613,-10.71,10.66,-0.600,0
11.613,-10.71,10.66,-0.600,0
11.613,-10.71,10.66,-0.600,0
11.613,-10.71,10.69,-0.600,0
11.614,-10.71,10.69,-0.600,0
11.614,-10.71,10.69,-0.600,0
11.614,-10.71,10.69,-0.600,0
11.614,-10.71,10.73,-0.600,0
11.615,-10.71,10.73,-0.600,0
11.615,-10.71,10.73,-0.600,0
11.615,-10.71,10.73,-0.600,0
11.615,-10.71,10.76,-0.600,0
11.616,-10.71,10.76,-0.600,0
11.616,-10.71,10.76,-0.600,0
11.616,-10.71,10.76,-0.600,0
11.616,-10.71,10.79,-0.600,0
11.617,-10.71,10.79,-0.600,0
11.617,-10.71,10.79,-0.600,0
11.617,-10.71,10.79,-0.600,0
11.617,-10.71,10.82,-0.600,0
11.618,-10.71,10.82,-0.600,0
11.618,-10.71,10.82,-0.600,0
11.618,-10.71,10.82,-0.600,0
11.618,-10.71,10.86,-0.600,0
11.619,-10.71,10.86,-0.600,0
11.619,-10.71,10.86,-0.600,0
11.620,-10.71,10.89,-0.600,0
11.620,-10.71,10.89,-0.600,0
11.620,-10.71,10.89,-0.600,0
11.620,-10.71,10.89,-0.600,0
11.621,-10.71,10.92,-0.600,0
11.621,-10.71,10.92,-0.600,0
11.621,-10.71,10.92,-0.600,0
11.621,-10.71,10.92,-0.600,0
11.622,-10.71,10.95,-0.600,0
11.622,-10.71,10.95,-0.600,0
11.622,-10.71,10.95,-0.600,0
11.622,-10.71,10.95,-0.600,0
11.623,-10.71,10.99,-0.600,0
11.623,-10.71,10.99,-0.600,0
11.623,-10.71,10.99,-0.600,0
11.623,-10.71,11.02,-0.600,0
11.624,-10.71,11.02,-0.600,0
11.624,-10.71,11.02,-0.600,0
11.624,-10.71,11.02,-0.600,0
11.624,-10.71,11.05,-0.600,0
11.625,-10.71,11.05,-0.600,0
11.625,-10.71,11.05,-0.600,0
11.625,-10.71,11.05,-0.600,0
11.626,-10.71,11.08,-0.600,0
11.626,-10.71,11.08,-0.600,0
11.626,-10.71,11.08,-0.600,0
11.626,-10.71,11.11,-0.600,0
11.627,-10.71,11.11,-0.600,0
11.627,-10.71,11.11,-0.600,0
11.627,-10.71,11.11,-0.600,0
11.627,-10.71,11.15,-0.600,0
11.628,-10.71,11.15,-0.600,0
11.628,-10.71,11.15,-0.600,0
11.628,-10.71,11.15,-0.600,0
11.628,-10.71,11.15,-0.600,0
11.628,-10.71,11.18,-0.600,0
11.629,-10.71,11.18,-0.600,0
11.629,-10.71,11.18,-0.600,0
11.629,-10.71,11.18,-0.600,0
11.629,-10.71,11.18,-0.600,0
11.630,-10.71,11.21,-0.600,0
11.630,-10.71,11.21,-0.600,0
11.630,-10.71,11.21,-0.600,0
11.630,-10.71,11.24,-0.600,0
11.631,-10.71,11.24,-0.600,0
11.631,-10.71,11.24,-0.600,0
11.631,-10.71,11.24,-0.600,0
11.631,-10.71,11.28,-0.600,0
11.632,-10.71,11.28,-0.600,0
11.632,-10.71,11.28,-0.600,0
11.632,-10.71,11.28,-0.600,0
11.633,-10.71,11.31,-0.600,0
11.633,-10.71,11.31,-0.600,0
11.633,-10.71,11.34,-0.600,0
11.634,-10.71,11.34,-0.600,0
11.634,-10.71,11.34,-0.600,0
11.634,-10.71,11.34,-0.600,0
11.634,-10.71,11.38,-0.600,0
11.635,-10.71,11.38,-0.600,0
11.635,-10.71,11.38,-0.600,0
11.635,-10.71,11.38,-0.600,0
11.635,-10.71,11.38,-0.600,0
11.636,-10.71,11.41,-0.600,0
11.636,-10.71,11.41,-0.600,0
11.636,-10.71,11.41,-0.600,0
11.636,-10.71,11.41,-0.600,0
11.636,-10.71,11.44,-0.600,0
11.637,-10.71,11.44,-0.600,0
11.637,-10.71,11.44,-0.600,0
11.637,-10.71,11.44,-0.600,0
11.637,-10.71,11.47,-0.600,0
11.638,-10.71,11.47,-0.600,0
11.638,-10.71,11.47,-0.600,0
11.638,-10.71,11.47,-0.600,0
11.638,-10.71,11.51,-0.600,0
11.639,-10.71,11.51,-0.600,0
11.639,-10.71,11.51,-0.600,0
11.639,-10.71,11.51,-0.600,0
11.639,-10.71,11.54,-0.600,0
11.640,-10.71,11.54,-0.600,0
11.640,-10.71,11.54,-0.600,0
11.640,-10.71,11.54,-0.600,0
11.640,-10.71,11.57,-0.600,0
11.641,-10.71,11.57,-0.600,0
11.641,-10.71,11.57,-0.600,0
11.641,-10.71,11.57,-0.600,0
11.641,-10.71,11.60,-0.600,0
11.642,-10.71,11.60,-0.600,0
11.642,-10.71,11.60,-0.600,0
11.642,-10.71,11.60,-0.600,0
11.642,-10.71,11.60,-0.600,0
11.643,-10.71,11.64,-0.600,0
11.643,-10.71,11.64,-0.600,0
11.643,-10.71,11.64,-0.600,0
11.643,-10.71,11.64,-0.600,0
11.643,-10.71,11.67,-0.600,0
11.644,-10.71,11.67,-0.600,0
11.644,-10.71,11.67,-0.600,0
11.644,-10.71,11.67,-0.600,0
11.644,-10.71,11.70,-0.600,0
11.645,-10.71,11.70,-0.600,0
11.645,-10.71,11.70,-0.600,0
11.646,-10.71,11.70,-0.600,0
11.646,-10.71,11.73,-0.600,0
11.646,-10.71,11.73,-0.600,0
11.647,-10.71,11.77,-0.600,0
11.647,-10.71,11.77,-0.600,0
11.647,-10.71,11.77,-0.600,0
11.647,-10.71,11.77,-0.600,0
11.648,-10.71,11.80,-0.600,0
11.648,-10.71,11.80,-0.600,0
11.648,-10.71,11.80,-0.600,0
11.649,-10.71,11.83,-0.600,0
11.649,-10.71,11.83,-0.600,0
11.649,-10.71,11.83,-0.600,0
11.649,-10.71,11.83,-0.600,0
11.650,-10.71,11.86,-0.600,0
11.650,-10.71,11.86,-0.600,0
11.650,-10.71,11.86,-0.600,0
11.650,-10.71,11.86,-0.600,0
11.650,-10.71,11.89,-0.600,0
11.651,-10.71,11.89,-0.600,0
11.652,-10.71,11.93,-0.600,0
11.652,-10.71,11.93,-0.600,0
11.652,-10.71,11.96,-0.600,0
11.653,-10.71,11.96,-0.600,0
11.653,-10.71,11.96,-0.600,0
11.653,-10.71,11.96,-0.600,0
11.654,-10.71,11.99,-0.600,0
11.654,-10.71,11.99,-0.600,0
11.654,-10.71,11.99,-0.600,0
11.655,-10.71,12.02,-0.600,0
11.655,-10.71,12.02,-0.600,0
11.655,-10.71,12.02,-0.600,0
11.655,-10.71,12.02,-0.600,0
11.656,-10.71,12.06,-0.600,0
11.656,-10.71,12.06,-0.600,0
11.656,-10.71,12.06,-0.600,0
11.656,-10.71,12.06,-0.600,0
11.656,-10.71,12.09,-0.600,0
11.657,-10.71,12.09,-0.600,0
11.657,-10.71,12.09,-0.600,0
11.657,-10.71,12.09,-0.600,0
11.657,-10.71,12.12,-0.600,0
11.658,-10.71,12.12,-0.600,0
11.658,-10.71,12.12,-0.600,0
11.658,-10.71,12.12,-0.600,0
11.658,-10.71,12.15,-0.600,0
11.659,-10.71,12.15,-0.600,0
11.660,-10.71,12.19,-0.600,0
11.660,-10.71,12.19,-0.600,0
11.661,-10.71,12.22,-0.600,0
11.661,-10.71,12.22,-0.600,0
11.661,-10.71,12.22,-0.600,0
11.661,-10.71,12.22,-0.600,0
11.662,-10.71,12.25,-0.600,0
11.662,-10.71,12.25,-0.600,0
11.662,-10.71,12.25,-0.600,0
11.662,-10.71,12.28,-0.600,0
11.663,-10.71,12.28,-0.600,0
11.663,-10.71,12.28,-0.600,0
11.663,-10.71,12.28,-0.600,0
11.663,-10.71,12.32,-0.600,0
11.664,-10.71,12.32,-0.600,0
11.664,-10.71,12.32,-0.600,0
11.664,-10.71,12.32,-0.600,0
11.665,-10.71,12.35,-0.600,0
11.665,-10.71,12.35,-0.600,0
11.665,-10.71,12.35,-0.600,0
11.665,-10.71,12.35,-0.600,0
11.666,-10.71,12.38,-0.600,0
11.666,-10.71,12.38,-0.600,0
11.666,-10.71,12.38,-0.600,0
11.666,-10.71,12.38,-0.600,0
11.667,-10.71,12.41,-0.600,0
11.667,-10.71,12.41,-0.600,0
11.667,-10.71,12.41,-0.600,0
11.668,-10.71,12.45,-0.600,0
11.668,-10.71,12.45,-0.600,0
11.668,-10.71,12.45,-0.600,0
11.669,-10.71,12.48,-0.600,0
11.669,-10.71,12.48,-0.600,0
11.669,-10.71,12.48,-0.600,0
11.669,-10.71,12.51,-0.600,0
11.670,-10.71,12.51,-0.600,0
11.670,-10.71,12.51,-0.600,0
11.670,-10.71,12.51,-0.600,0
11.670,-10.71,12.54,-0.600,0
11.671,-10.71,12.54,-0.600,0
11.671,-10.71,12.54,-0.600,0
11.671,-10.71,12.54,-0.600,0
11.671,-10.71,12.58,-0.600,0
11.672,-10.71,12.58,-0.600,0
11.672,-10.71,12.58,-0.600,0
11.672,-10.71,12.58,-0.600,0
11.672,-10.71,12.61,-0.600,0
11.673,-10.71,12.61,-0.600,0
11.673,-10.71,12.61,-0.600,0
11.673,-10.71,12.61,-0.600,0
11.673,-10.71,12.61,-0.600,0
11.674,-10.71,12.64,-0.600,0
11.674,-10.71,12.64,-0.600,0
11.674,-10.71,12.64,-0.600,0
11.674,-10.71,12.64,-0.600,0
11.675,-10.71,12.67,-0.600,0
11.675,-10.71,12.67,-0.600,0
11.675,-10.71,12.67,-0.600,0
11.675,-10.71,12.71,-0.600,0
11.676,-10.71,12.71,-0.600,0
11.676,-10.71,12.71,-0.600,0
11.676,-10.71,12.71,-0.600,0
11.676,-10.71,12.74,-0.600,0
11.677,-10.71,12.74,-0.600,0
11.677,-10.71,12.74,-0.600,0
11.677,-10.71,12.74,-0.600,0
11.677,-10.71,12.74,-0.600,0
11.678,-10.71,12.77,-0.600,0
11.678,-10.71,12.77,-0.600,0
11.679,-10.71,12.80,-0.600,0
11.679,-10.71,12.80,-0.600,0
11.679,-10.71,12.80,-0.600,0
11.679,-10.71,12.80,-0.600,0
11.680,-10.71,12.84,-0.600,0
11.680,-10.71,12.84,-0.600,0
11.680,-10.71,12.84,-0.600,0
11.680,-10.71,12.87,-0.600,0
11.681,-10.71,12.87,-0.600,0
11.681,-10.71,12.87,-0.600,0
11.681,-10.71,12.87,-0.600,0
11.682,-10.71,12.90,-0.600,0
11.682,-10.71,12.90,-0.600,0
11.682,-10.71,12.90,-0.600,0
11.683,-10.71,12.93,-0.600,0
11.683,-10.71,12.93,-0.600,0
11.683,-10.71,12.93,-0.600,0
11.683,-10.71,12.93,-0.600,0
11.684,-10.71,12.97,-0.600,0
11.684,-10.71,12.97,-0.600,0
11.684,-10.71,12.97,-0.600,0
11.684,-10.71,12.97,-0.600,0
11.685,-10.71,13.00,-0.600,0
11.685,-10.71,13.00,-0.600,0
11.685,-10.71,13.00,-0.600,0
11.685,-10.71,13.00,-0.600,0
11.686,-10.71,13.03,-0.600,0
11.686,-10.71,13.03,-0.600,0
11.686,-10.71,13.03,-0.600,0
11.686,-10.71,13.06,-0.600,0
11.687,-10.71,13.06,-0.600,0
11.687,-10.71,13.06,-0.600,0
11.687,-10.71,13.06,-0.600,0
11.688,-10.71,13.10,-0.600,0
11.688,-10.71,13.10,-0.600,0
11.688,-10.71,13.10,-0.600,0
11.689,-10.71,13.13,-0.600,0
11.689,-10.71,13.13,-0.600,0
11.689,-10.71,13.13,-0.600,0
11.689,-10.71,13.13,-0.600,0
11.690,-10.71,13.16,-0.600,0
11.690,-10.71,13.16,-0.600,0
11.690,-10.71,13.16,-0.600,0
11.690,-10.71,13.19,-0.600,0
11.691,-10.71,13.19,-0.600,0
11.691,-10.71,13.19,-0.600,0
11.691,-10.71,13.19,-0.600,0
11.691,-10.71,13.19,-0.600,0
11.692,-10.71,13.23,-0.600,0
11.692,-10.71,13.23,-0.600,0
11.692,-10.71,13.23,-0.600,0
11.692,-10.71,13.23,-0.600,0
11.693,-10.71,13.26,-0.600,0
11.693,-10.71,13.26,-0.600,0
11.693,-10.71,13.26,-0.600,0
11.693,-10.71,13.29,-0.600,0
11.694,-10.71,13.29,-0.600,0
11.694,-10.71,13.29,-0.600,0
11.694,-10.71,13.29,-0.600,0
11.695,-10.71,13.32,-0.600,0
11.695,-10.71,13.32,-0.600,0
11.695,-10.71,13.32,-0.600,0
11.695,-10.71,13.32,-0.600,0
11.696,-10.71,13.36,-0.600,0
11.696,-10.71,13.36,-0.600,0
11.696,-10.71,13.36,-0.600,0
11.696,-10.71,13.36,-0.600,0
11.697,-10.71,13.39,-0.600,0
11.697,-10.71,13.39,-0.600,0
11.697,-10.71,13.39,-0.600,0
11.697,-10.71,13.39,-0.600,0
11.698,-10.71,13.42,-0.600,0
11.698,-10.71,13.42,-0.600,0
11.698,-10.71,13.42,-0.600,0
11.698,-10.71,13.42,-0.600,0
11.698,-10.71,13.45,-0.600,0
11.699,-10.71,13.45,-0.600,0
11.699,-10.71,13.45,-0.600,0
11.699,-10.71,13.45,-0.600,0
11.699,-10.71,13.49,-0.600,0
11.700,-10.71,13.49,-0.600,0
11.700,-10.71,13.49,-0.600,0
11.700,-10.71,13.49,-0.600,0
11.700,-10.71,13.49,-0.600,0
11.701,-10.71,13.52,-0.600,0
11.701,-10.71,13.52,-0.600,0
11.701,-10.71,13.52,-0.600,0
11.701,-10.71,13.55,-0.600,0
11.702,-10.71,13.55,-0.600,0
11.702,-10.71,13.55,-0.600,0
11.703,-10.71,13.58,-0.600,0
11.703,-10.71,13.58,-0.600,0
11.703,-10.71,13.58,-0.600,0
11.703,-10.71,13.58,-0.600,0
11.704,-10.71,13.62,-0.600,0
11.704,-10.71,13.62,-0.600,0
11.704,-10.71,13.62,-0.600,0
11.704,-10.71,13.62,-0.600,0
11.705,-10.71,13.65,-0.600,0
11.705,-10.71,13.65,-0.600,0
11.705,-10.71,13.65,-0.600,0
11.705,-10.71,13.65,-0.600,0
11.706,-10.71,13.68,-0.600,0
11.706,-10.71,13.68,-0.600,0
11.706,-10.71,13.68,-0.600,0
11.706,-10.71,13.68,-0.600,0
11.707,-10.71,13.71,-0.600,0
11.707,-10.71,13.71,-0.600,0
11.707,-10.71,13.71,-0.600,0
11.707,-10.71,13.71,-0.600,0
11.707,-10.71,13.74,-0.600,0
11.708,-10.71,13.74,-0.600,0
11.708,-10.71,13.74,-0.600,0
11.708,-10.71,13.74,-0.600,0
11.709,-10.71,13.78,-0.600,0
11.709,-10.71,13.78,-0.600,0
11.709,-10.71,13.78,-0.600,0
11.709,-10.71,13.81,-0.600,0
11.710,-10.71,13.81,-0.600,0
11.710,-10.71,13.81,-0.600,0
11.710,-10.71,13.81,-0.600,0
11.710,-10.71,13.84,-0.600,0
11.711,-10.71,13.84,-0.600,0
11.711,-10.71,13.84,-0.600,0
11.711,-10.71,13.84,-0.600,0
11.711,-10.71,13.87,-0.600,0
11.712,-10.71,13.87,-0.600,0
11.712,-10.71,13.87,-0.600,0
11.712,-10.71,13.87,-0.600,0
11.712,-10.71,13.91,-0.600,0
11.713,-10.71,13.91,-0.600,0
11.713,-10.71,13.91,-0.600,0
11.713,-10.71,13.91,-0.600,0
11.713,-10.71,13.91,-0.600,0
11.714,-10.71,13.94,-0.600,0
11.714,-10.71,13.94,-0.600,0
11.714,-10.71,13.94,-0.600,0
11.714,-10.71,13.94,-0.600,0
11.715,-10.71,13.97,-0.600,0
11.715,-10.71,13.97,-0.600,0
11.715,-10.71,13.97,-0.600,0
11.715,-10.71,13.97,-0.600,0
11.716,-10.71,14.00,-0.600,0
11.716,-10.71,14.00,-0.600,0
11.716,-10.71,14.00,-0.600,0
11.716,-10.71,14.04,-0.600,0
11.717,-10.71,14.04,-0.600,0
11.717,-10.71,14.04,-0.600,0
11.717,-10.71,14.04,-0.600,0
11.717,-10.71,14.07,-0.600,0
11.718,-10.71,14.07,-0.600,0
11.718,-10.71,14.07,-0.600,0
11.718,-10.71,14.07,-0.600,0
11.718,-10.71,14.10,-0.600,0
11.719,-10.71,14.10,-0.600,0
11.719,-10.71,14.10,-0.600,0
11.719,-10.71,14.10,-0.600,0
11.719,-10.71,14.14,-0.600,0
11.720,-10.71,14.14,-0.600,0
11.720,-10.71,14.14,-0.600,0
11.720,-10.71,14.14,-0.600,0
11.721,-10.71,14.17,-0.600,0
11.721,-10.71,14.17,-0.600,0
11.721,-10.71,14.17,-0.600,0
11.721,-10.71,14.17,-0.600,0
11.722,-10.71,14.20,-0.600,0
11.722,-10.71,14.20,-0.600,0
11.722,-10.71,14.20,-0.600,0
11.722,-10.71,14.20,-0.600,0
11.723,-10.71,14.23,-0.600,0
11.723,-10.71,14.23,-0.600,0
11.723,-10.71,14.23,-0.600,0
11.723,-10.71,14.26,-0.600,0
11.724,-10.71,14.26,-0.600,0
11.724,-10.71,14.26,-0.600,0
11.724,-10.71,14.26,-0.600,0
11.724,-10.71,14.30,-0.600,0
11.725,-10.71,14.30,-0.600,0
11.725,-10.71,14.30,-0.600,0
11.725,-10.71,14.30,-0.600,0
11.725,-10.71,14.30,-0.600,0
11.726,-10.71,14.33,-0.600,0
11.726,-10.71,14.33,-0.600,0
11.726,-10.71,14.33,-0.600,0
11.726,-10.71,14.36,-0.600,0
11.727,-10.71,14.36,-0.600,0
11.727,-10.71,14.36,-0.600,0
11.727,-10.71,14.36,-0.600,0
11.727,-10.71,14.39,-0.600,0
11.728,-10.71,14.39,-0.600,0
11.728,-10.71,14.39,-0.600,0
11.728,-10.71,14.39,-0.600,0
11.728,-10.71,14.43,-0.600,0
11.729,-10.71,14.43,-0.600,0
11.729,-10.71,14.43,-0.600,0
11.729,-10.71,14.43,-0.600,0
11.730,-10.71,14.46,-0.600,0
11.730,-10.71,14.46,-0.600,0
11.730,-10.71,14.46,-0.600,0
11.730,-10.71,14.49,-0.600,0
11.731,-10.71,14.49,-0.600,0
11.731,-10.71,14.49,-0.600,0
11.731,-10.71,14.49,-0.600,0
11.731,-10.71,14.52,-0.600,0
11.732,-10.71,14.52,-0.600,0
11.732,-10.71,14.52,-0.600,0
11.732,-10.71,14.52,-0.600,0
11.733,-10.71,14.56,-0.600,0
11.733,-10.71,14.56,-0.600,0
11.733,-10.71,14.56,-0.600,0
11.733,-10.71,14.56,-0.600,0
11.734,-10.71,14.59,-0.600,0
11.734,-10.71,14.59,-0.600,0
11.734,-10.71,14.59,-0.600,0
11.734,-10.71,14.59,-0.600,0
11.735,-10.71,14.62,-0.600,0
11.735,-10.71,14.62,-0.600,0
11.735,-10.71,14.62,-0.600,0
11.735,-10.71,14.65,-0.600,0
11.736,-10.71,14.65,-0.600,0
11.736,-10.71,14.65,-0.600,0
11.736,-10.71,14.65,-0.600,0
11.737,-10.71,14.69,-0.600,0
11.737,-10.71,14.69,-0.600,0
11.737,-10.71,14.69,-0.600,0
11.737,-10.71,14.69,-0.600,0
11.738,-10.71,14.72,-0.600,0
11.738,-10.71,14.72,-0.600,0
11.738,-10.71,14.72,-0.600,0
11.738,-10.71,14.72,-0.600,0
11.739,-10.71,14.75,-0.600,0
11.739,-10.71,14.75,-0.600,0
11.739,-10.71,14.75,-0.600,0
11.739,-10.71,14.75,-0.600,0
11.739,-10.71,14.78,-0.600,0
11.740,-10.71,14.78,-0.600,0
11.740,-10.71,14.78,-0.600,0
11.740,-10.71,14.78,-0.600,0
11.740,-10.71,14.82,-0.600,0
11.741,-10.71,14.82,-0.600,0
11.741,-10.71,14.82,-0.600,0
11.741,-10.71,14.82,-0.600,0
11.741,-10.71,14.85,-0.600,0
11.742,-10.71,14.85,-0.600,0
11.742,-10.71,14.85,-0.600,0
11.742,-10.71,14.85,-0.600,0
11.742,-10.71,14.85,-0.600,0
11.743,-10.71,14.88,-0.600,0
11.743,-10.71,14.88,-0.600,0
11.743,-10.71,14.88,-0.600,0
11.743,-10.71,14.88,-0.600,0
11.744,-10.71,14.91,-0.600,0
11.744,-10.71,14.91,-0.600,0
11.744,-10.71,14.91,-0.600,0
11.744,-10.71,14.95,-0.600,0
11.745,-10.71,14.95,-0.600,0
11.745,-10.71,14.95,-0.600,0
11.745,-10.71,14.95,-0.600,0
11.745,-10.71,14.98,-0.600,0
11.746,-10.71,14.98,-0.600,0
11.746,-10.71,14.98,-0.600,0
11.746,-10.71,14.98,-0.600,0
11.746,-10.71,15.01,-0.600,0
11.747,-10.71,15.01,-0.600,0
11.747,-10.71,15.01,-0.600,0
11.747,-10.71,15.01,-0.600,0
11.748,-10.71,15.04,-0.600,0
11.748,-10.71,15.04,-0.600,0
11.748,-10.71,15.04,-0.600,0
11.748,-10.71,15.04,-0.600,0
11.749,-10.71,15.08,-0.600,0
11.749,-10.71,15.08,-0.600,0
11.749,-10.71,15.08,-0.600,0
11.749,-10.71,15.08,-0.600,0
11.750,-10.71,15.11,-0.600,0
11.750,-10.71,15.11,-0.600,0
11.750,-10.71,15.11,-0.600,0
11.750,-10.71,15.14,-0.600,0
11.751,-10.71,15.14,-0.600,0
11.751,-10.71,15.14,-0.600,0
11.751,-10.71,15.14,-0.600,0
11.752,-10.71,15.17,-0.600,0
11.752,-10.71,15.17,-0.600,0
11.752,-10.71,15.17,-0.600,0
11.752,-10.71,15.17,-0.600,0
11.753,-10.71,15.21,-0.600,0
11.753,-10.71,15.21,-0.600,0
11.753,-10.71,15.21,-0.600,0
11.753,-10.71,15.21,-0.600,0
11.754,-10.71,15.24,-0.600,0
11.754,-10.71,15.24,-0.600,0
11.754,-10.71,15.24,-0.600,0
11.754,-10.71,15.24,-0.600,0
11.755,-10.71,15.27,-0.600,0
11.755,-10.71,15.27,-0.600,0
11.755,-10.71,15.27,-0.600,0
11.755,-10.71,15.30,-0.600,0
11.756,-10.71,15.30,-0.600,0
11.756,-10.71,15.30,-0.600,0
11.756,-10.71,15.30,-0.600,0
11.756,-10.71,15.34,-0.600,0
11.757,-10.71,15.34,-0.600,0
11.757,-10.71,15.34,-0.600,0
11.757,-10.71,15.34,-0.600,0
11.758,-10.71,15.37,-0.600,0
11.758,-10.71,15.37,-0.600,0
11.758,-10.71,15.37,-0.600,0
11.758,-10.71,15.37,-0.600,0
11.759,-10.71,15.40,-0.600,0
11.759,-10.71,15.40,-0.600,0
11.759,-10.71,15.40,-0.600,0
11.759,-10.71,15.43,-0.600,0
11.760,-10.71,15.43,-0.600,0
11.760,-10.71,15.43,-0.600,0
11.760,-10.71,15.43,-0.600,0
11.760,-10.71,15.47,-0.600,0
11.761,-10.71,15.47,-0.600,0
11.761,-10.71,15.47,-0.600,0
11.761,-10.71,15.47,-0.600,0
11.761,-10.71,15.47,-0.600,0
11.762,-10.71,15.50,-0.600,0
11.762,-10.71,15.50,-0.600,0
11.763,-10.71,15.50,-0.600,0
11.763,-10.71,15.53,-0.600,0
11.763,-10.71,15.53,-0.600,0
11.764,-10.71,15.56,-0.600,0
11.764,-10.71,15.56,-0.600,0
11.764,-10.71,15.56,-0.600,0
11.764,-10.71,15.60,-0.600,0
11.765,-10.71,15.60,-0.600,0
11.765,-10.71,15.60,-0.600,0
11.765,-10.71,15.60,-0.600,0
11.766,-10.71,15.63,-0.600,0
11.766,-10.71,15.63,-0.600,0
11.766,-10.71,15.63,-0.600,0
11.766,-10.71,15.63,-0.600,0
11.767,-10.71,15.66,-0.600,0
11.767,-10.71,15.66,-0.600,0
11.767,-10.71,15.66,-0.600,0
11.767,-10.71,15.66,-0.600,0
11.768,-10.71,15.69,-0.600,0
11.768,-10.71,15.69,-0.600,0
11.768,-10.71,15.69,-0.600,0
11.768,-10.71,15.69,-0.600,0
11.769,-10.71,15.73,-0.600,0
11.769,-10.71,15.73,-0.600,0
11.769,-10.71,15.73,-0.600,0
11.769,-10.71,15.76,-0.600,0
11.770,-10.71,15.76,-0.600,0
11.770,-10.71,15.76,-0.600,0
11.770,-10.71,15.76,-0.600,0
11.771,-10.71,15.79,-0.600,0
11.771,-10.71,15.79,-0.600,0
11.771,-10.71,15.79,-0.600,0
11.771,-10.71,15.79,-0.600,0
11.772,-10.71,15.82,-0.600,0
11.772,-10.71,15.82,-0.600,0
11.772,-10.71,15.82,-0.600,0
11.772,-10.71,15.86,-0.600,0
11.773,-10.71,15.86,-0.600,0
11.773,-10.71,15.86,-0.600,0
11.773,-10.71,15.86,-0.600,0
11.773,-10.71,15.86,-0.600,0
11.774,-10.71,15.89,-0.600,0
11.774,-10.71,15.89,-0.600,0
11.774,-10.71,15.89,-0.600,0
11.774,-10.71,15.92,-0.600,0
11.775,-10.71,15.92,-0.600,0
11.775,-10.71,15.92,-0.600,0
11.775,-10.71,15.92,-0.600,0
11.775,-10.71,15.95,-0.600,0
11.776,-10.71,15.95,-0.600,0
11.776,-10.71,15.95,-0.600,0
11.776,-10.71,15.95,-0.600,0
11.776,-10.71,15.98,-0.600,0
11.777,-10.71,15.98,-0.600,0
11.777,-10.71,15.98,-0.600,0
11.777,-10.71,15.98,-0.600,0
11.777,-10.71,16.02,-0.600,0
11.778,-10.71,16.02,-0.600,0
11.778,-10.71,16.02,-0.600,0
11.778,-10.71,16.02,-0.600,0
11.778,-10.71,16.05,-0.600,0
11.779,-10.71,16.05,-0.600,0
11.779,-10.71,16.05,-0.600,0
11.779,-10.71,16.05,-0.600,0
11.779,-10.71,16.08,-0.600,0
11.780,-10.71,16.08,-0.600,0
11.780,-10.71,16.08,-0.600,0
11.780,-10.71,16.08,-0.600,0
11.781,-10.71,16.11,-0.600,0
11.781,-10.71,16.11,-0.600,0
11.781,-10.71,16.11,-0.600,0
11.781,-10.71,16.11,-0.600,0
11.782,-10.71,16.15,-0.600,0
11.782,-10.71,16.15,-0.600,0
11.782,-10.71,16.15,-0.600,0
11.782,-10.71,16.15,-0.600,0
11.783,-10.71,16.18,-0.600,0
11.783,-10.71,16.18,-0.600,0
11.783,-10.71,16.18,-0.600,0
11.783,-10.71,16.18,-0.600,0
11.784,-10.71,16.21,-0.600,0
11.784,-10.71,16.21,-0.600,0
11.784,-10.71,16.21,-0.600,0
11.784,-10.71,16.21,-0.600,0
11.785,-10.71,16.24,-0.600,0
11.785,-10.71,16.24,-0.600,0
11.785,-10.71,16.24,-0.600,0
11.785,-10.71,16.24,-0.600,0
11.785,-10.71,16.28,-0.600,0
11.786,-10.71,16.28,-0.600,0
11.786,-10.71,16.28,-0.600,0
11.786,-10.71,16.28,-0.600,0
11.787,-10.71,16.31,-0.600,0
11.787,-10.71,16.31,-0.600,0
11.787,-10.71,16.31,-0.600,0
11.787,-10.71,16.31,-0.600,0
11.788,-10.71,16.34,-0.600,0
11.788,-10.71,16.34,-0.600,0
11.788,-10.71,16.34,-0.600,0
11.788,-10.71,16.34,-0.600,0
11.789,-10.71,16.37,-0.600,0
11.789,-10.71,16.37,-0.600,0
11.789,-10.71,16.37,-0.600,0
11.789,-10.71,16.37,-0.600,0
11.790,-10.71,16.41,-0.600,0
11.790,-10.71,16.41,-0.600,0
11.790,-10.71,16.41,-0.600,0
11.790,-10.71,16.41,-0.600,0
11.790,-10.71,16.44,-0.600,0
11.791,-10.71,16.44,-0.600,0
11.791,-10.71,16.44,-0.600,0
11.791,-10.71,16.44,-0.600,0
11.791,-10.71,16.47,-0.600,0
11.792,-10.71,16.47,-0.600,0
11.792,-10.71,16.47,-0.600,0
11.792,-10.71,16.47,-0.600,0
11.793,-10.71,16.50,-0.600,0
11.793,-10.71,16.50,-0.600,0
11.793,-10.71,16.50,-0.600,0
11.793,-10.71,16.54,-0.600,0
11.794,-10.71,16.54,-0.600,0
11.794,-10.71,16.54,-0.600,0
11.794,-10.71,16.54,-0.600,0
11.795,-10.71,16.57,-0.600,0
11.795,-10.71,16.57,-0.600,0
11.795,-10.71,16.57,-0.600,0
11.795,-10.71,16.57,-0.600,0
11.795,-10.71,16.60,-0.600,0
11.796,-10.71,16.60,-0.600,0
11.796,-10.71,16.60,-0.600,0
11.796,-10.71,16.60,-0.600,0
11.796,-10.71,16.63,-0.600,0
11.797,-10.71,16.63,-0.600,0
11.797,-10.71,16.63,-0.600,0
11.797,-10.71,16.63,-0.600,0
11.797,-10.71,16.67,-0.600,0
11.798,-10.71,16.67,-0.600,0
11.798,-10.71,16.67,-0.600,0
11.798,-10.71,16.67,-0.600,0
11.798,-10.71,16.70,-0.600,0
11.799,-10.71,16.70,-0.600,0
11.799,-10.71,16.70,-0.600,0
11.800,-10.71,16.73,-0.600,0
11.800,-10.71,16.73,-0.600,0
11.800,-10.71,16.73,-0.600,0
11.801,-10.71,16.76,-0.600,0
11.801,-10.71,16.76,-0.600,0
11.801,-10.71,16.76,-0.600,0
11.802,-10.71,16.80,-0.600,0
11.802,-10.71,16.80,-0.600,0
11.802,-10.71,16.80,-0.600,0
11.802,-10.71,16.80,-0.600,0
11.803,-10.71,16.83,-0.600,0
11.803,-10.71,16.83,-0.600,0
11.803,-10.71,16.83,-0.600,0
11.803,-10.71,16.86,-0.600,0
11.804,-10.71,16.86,-0.600,0
11.804,-10.71,16.86,-0.600,0
11.804,-10.71,16.86,-0.600,0
11.805,-10.71,16.89,-0.600,0
11.805,-10.71,16.89,-0.600,0
11.805,-10.71,16.89,-0.600,0
11.805,-10.71,16.89,-0.600,0
11.805,-10.71,16.93,-0.600,0
11.806,-10.71,16.93,-0.600,0
11.806,-10.71,16.93,-0.600,0
11.806,-10.71,16.93,-0.600,0
11.807,-10.71,16.96,-0.600,0
11.807,-10.71,16.96,-0.600,0
11.807,-10.71,16.96,-0.600,0
11.808,-10.71,16.99,-0.600,0
11.808,-10.71,16.99,-0.600,0
11.808,-10.71,16.99,-0.600,0
11.808,-10.71,17.02,-0.600,0
11.809,-10.71,17.02,-0.600,0
11.809,-10.71,17.02,-0.600,0
11.809,-10.71,17.02,-0.600,0
11.809,-10.71,17.02,-0.600,0
11.810,-10.71,17.06,-0.600,0
11.810,-10.71,17.06,-0.600,0
11.810,-10.71,17.06,-0.600,0
11.810,-10.71,17.06,-0.600,0
11.811,-10.71,17.09,-0.600,0
11.811,-10.71,17.09,-0.600,0
11.811,-10.71,17.09,-0.600,0
11.811,-10.71,17.09,-0.600,0
11.812,-10.71,17.12,-0.600,0
11.812,-10.71,17.12,-0.600,0
11.812,-10.71,17.12,-0.600,0
11.812,-10.71,17.12,-0.600,0
11.813,-10.71,17.15,-0.600,0
11.813,-10.71,17.15,-0.600,0
11.813,-10.71,17.15,-0.600,0
11.813,-10.71,17.15,-0.600,0
11.814,-10.71,17.19,-0.600,0
11.814,-10.71,17.19,-0.600,0
11.814,-10.71,17.19,-0.600,0
11.814,-10.71,17.22,-0.600,0
11.815,-10.71,17.22,-0.600,0
11.815,-10.71,17.22,-0.600,0
11.815,-10.71,17.22,-0.600,0
11.816,-10.71,17.25,-0.600,0
11.816,-10.71,17.25,-0.600,0
11.816,-10.71,17.25,-0.600,0
11.816,-10.71,17.25,-0.600,0
11.817,-10.71,17.28,-0.600,0
11.817,-10.71,17.28,-0.600,0
11.817,-10.71,17.28,-0.600,0
11.817,-10.71,17.28,-0.600,0
11.817,-10.71,17.32,-0.600,0
11.818,-10.71,17.32,-0.600,0
11.818,-10.71,17.32,-0.600,0
11.818,-10.71,17.32,-0.600,0
11.818,-10.71,17.35,-0.600,0
11.819,-10.71,17.35,-0.600,0
11.819,-10.71,17.35,-0.600,0
11.819,-10.71,17.35,-0.600,0
11.819,-10.71,17.38,-0.600,0
11.820,-10.71,17.38,-0.600,0
11.820,-10.71,17.38,-0.600,0
11.820,-10.71,17.38,-0.600,0
11.820,-10.71,17.41,-0.600,0
11.821,-10.71,17.41,-0.600,0
11.821,-10.71,17.41,-0.600,0
11.821,-10.71,17.41,-0.600,0
11.821,-10.71,17.41,-0.600,0
11.822,-10.71,17.44,-0.600,0
11.822,-10.71,17.44,-0.600,0
11.822,-10.71,17.44,-0.600,0
11.822,-10.71,17.44,-0.600,0
11.822,-10.71,17.48,-0.600,0
11.823,-10.71,17.48,-0.600,0
11.823,-10.71,17.48,-0.600,0
11.823,-10.71,17.48,-0.600,0
11.824,-10.71,17.51,-0.600,0
11.824,-10.71,17.51,-0.600,0
11.824,-10.71,17.51,-0.600,0
11.824,-10.71,17.54,-0.600,0
11.825,-10.71,17.54,-0.600,0
11.825,-10.71,17.54,-0.600,0
11.825,-10.71,17.54,-0.600,0
11.825,-10.71,17.54,-0.600,0
11.826,-10.71,17.57,-0.600,0
11.826,-10.71,17.57,-0.600,0
11.826,-10.71,17.57,-0.600,0
11.826,-10.71,17.57,-0.600,0
11.827,-10.71,17.61,-0.600,0
11.827,-10.71,17.61,-0.600,0
11.827,-10.71,17.61,-0.600,0
11.827,-10.71,17.64,-0.600,0
11.828,-10.71,17.64,-0.600,0
11.828,-10.71,17.64,-0.600,0
11.828,-10.71,17.64,-0.600,0
11.829,-10.71,17.67,-0.600,0
11.829,-10.71,17.67,-0.600,0
11.829,-10.71,17.67,-0.600,0
11.829,-10.71,17.67,-0.600,0
11.830,-10.71,17.70,-0.600,0
11.830,-10.71,17.70,-0.600,0
11.830,-10.71,17.70,-0.600,0
11.830,-10.71,17.70,-0.600,0
11.831,-10.71,17.74,-0.600,0
11.831,-10.71,17.74,-0.600,0
11.831,-10.71,17.74,-0.600,0
11.832,-10.71,17.77,-0.600,0
11.832,-10.71,17.77,-0.600,0
11.832,-10.71,17.77,-0.600,0
11.832,-10.71,17.77,-0.600,0
11.832,-10.71,17.80,-0.600,0
11.833,-10.71,17.80,-0.600,0
11.833,-10.71,17.80,-0.600,0
11.833,-10.71,17.80,-0.600,0
11.833,-10.71,17.83,-0.600,0
11.834,-10.71,17.83,-0.600,0
11.834,-10.71,17.83,-0.600,0
11.834,-10.71,17.83,-0.600,0
11.835,-10.71,17.87,-0.600,0
11.835,-10.71,17.87,-0.600,0
11.835,-10.71,17.87,-0.600,0
11.835,-10.71,17.87,-0.600,0
11.836,-10.71,17.90,-0.600,0
11.836,-10.71,17.90,-0.600,0
11.836,-10.71,17.90,-0.600,0
11.836,-10.71,17.90,-0.600,0
11.837,-10.71,17.93,-0.600,0
11.837,-10.71,17.93,-0.600,0
11.837,-10.71,17.93,-0.600,0
11.837,-10.71,17.93,-0.600,0
11.837,-10.71,17.96,-0.600,0
11.838,-10.71,17.96,-0.600,0
11.838,-10.71,17.96,-0.600,0
11.838,-10.71,17.96,-0.600,0
11.839,-10.71,18.00,-0.600,0
11.839,-10.71,18.00,-0.600,0
11.839,-10.71,18.00,-0.600,0
11.839,-10.71,18.00,-0.600,0
11.840,-10.71,18.03,-0.600,0
11.840,-10.71,18.03,-0.600,0
11.840,-10.71,18.03,-0.600,0
11.840,-10.71,18.06,-0.600,0
11.841,-10.71,18.06,-0.600,0
11.841,-10.71,18.06,-0.600,0
11.841,-10.71,18.06,-0.600,0
11.841,-10.71,18.09,-0.600,0
11.842,-10.71,18.09,-0.600,0
11.842,-10.71,18.09,-0.600,0
11.842,-10.71,18.09,-0.600,0
11.842,-10.71,18.13,-0.600,0
11.843,-10.71,18.13,-0.600,0
11.843,-10.71,18.13,-0.600,0
11.843,-10.71,18.13,-0.600,0
11.843,-10.71,18.16,-0.600,0
11.844,-10.71,18.16,-0.600,0
11.844,-10.71,18.16,-0.600,0
11.844,-10.71,18.16,-0.600,0
11.844,-10.71,18.19,-0.600,0
11.845,-10.71,18.19,-0.600,0
11.845,-10.71,18.19,-0.600,0
11.845,-10.71,18.19,-0.600,0
11.845,-10.71,18.22,-0.600,0
11.846,-10.71,18.22,-0.600,0
11.846,-10.71,18.22,-0.600,0
11.846,-10.71,18.22,-0.600,0
11.846,-10.71,18.26,-0.600,0
11.847,-10.71,18.26,-0.600,0
11.847,-10.71,18.26,-0.600,0
11.847,-10.71,18.26,-0.600,0
11.847,-10.71,18.29,-0.600,0
11.848,-10.71,18.29,-0.600,0
11.848,-10.71,18.29,-0.600,0
11.848,-10.71,18.29,-0.600,0
11.849,-10.71,18.32,-0.600,0
11.849,-10.71,18.32,-0.600,0
11.849,-10.71,18.32,-0.600,0
11.849,-10.71,18.32,-0.600,0
11.850,-10.71,18.35,-0.600,0
11.850,-10.71,18.35,-0.600,0
11.850,-10.71,18.35,-0.600,0
11.850,-10.71,18.39,-0.600,0
11.851,-10.71,18.39,-0.600,0
11.851,-10.71,18.39,-0.600,0
11.851,-10.71,18.39,-0.600,0
11.851,-10.71,18.39,-0.600,0
11.852,-10.71,18.42,-0.600,0
11.852,-10.71,18.42,-0.600,0
11.852,-10.71,18.42,-0.600,0
11.852,-10.71,18.45,-0.600,0
11.853,-10.71,18.45,-0.600,0
11.853,-10.71,18.45,-0.600,0
11.853,-10.71,18.45,-0.600,0
11.854,-10.71,18.48,-0.600,0
11.854,-10.71,18.48,-0.600,0
11.854,-10.71,18.48,-0.600,0
11.854,-10.71,18.48,-0.600,0
11.855,-10.71,18.52,-0.600,0
11.855,-10.71,18.52,-0.600,0
11.855,-10.71,18.52,-0.600,0
11.856,-10.71,18.55,-0.600,0
11.856,-10.71,18.55,-0.600,0
11.856,-10.71,18.55,-0.600,0
11.856,-10.71,18.58,-0.600,0
11.857,-10.71,18.58,-0.600,0
11.857,-10.71,18.58,-0.600,0
11.857,-10.71,18.58,-0.600,0
11.857,-10.71,18.61,-0.600,0
11.858,-10.71,18.61,-0.600,0
11.858,-10.71,18.61,-0.600,0
11.858,-10.71,18.61,-0.600,0
11.858,-10.71,18.64,-0.600,0
11.859,-10.71,18.64,-0.600,0
11.859,-10.71,18.64,-0.600,0
11.859,-10.71,18.64,-0.600,0
11.859,-10.71,18.68,-0.600,0
11.860,-10.71,18.68,-0.600,0
11.860,-10.71,18.68,-0.600,0
11.860,-10.71,18.68,-0.600,0
11.861,-10.71,18.71,-0.600,0
11.861,-10.71,18.71,-0.600,0
11.861,-10.71,18.71,-0.600,0
11.861,-10.71,18.71,-0.600,0
11.862,-10.71,18.74,-0.600,0
11.862,-10.71,18.74,-0.600,0
11.862,-10.71,18.74,-0.600,0
11.863,-10.71,18.77,-0.600,0
11.863,-10.71,18.77,-0.600,0
11.863,-10.71,18.77,-0.600,0
11.863,-10.71,18.77,-0.600,0
11.864,-10.71,18.81,-0.600,0
11.864,-10.71,18.81,-0.600,0
11.864,-10.71,18.81,-0.600,0
11.864,-10.71,18.84,-0.600,0
11.865,-10.71,18.84,-0.600,0
11.865,-10.71,18.84,-0.600,0
11.865,-10.71,18.84,-0.600,0
11.865,-10.71,18.84,-0.600,0
11.866,-10.71,18.87,-0.600,0
11.866,-10.71,18.87,-0.600,0
11.866,-10.71,18.87,-0.600,0
11.866,-10.71,18.90,-0.600,0
11.867,-10.71,18.90,-0.600,0
11.867,-10.71,18.90,-0.600,0
11.867,-10.71,18.90,-0.600,0
11.867,-10.71,18.90,-0.600,0
11.868,-10.71,18.94,-0.600,0
11.868,-10.71,18.94,-0.600,0
11.868,-10.71,18.94,-0.600,0
11.869,-10.71,18.94,-0.600,0
11.869,-10.71,18.97,-0.600,0
11.869,-10.71,18.97,-0.600,0
11.869,-10.71,18.97,-0.600,0
11.870,-10.71,19.00,-0.600,0
11.870,-10.71,19.00,-0.600,0
11.870,-10.71,19.00,-0.600,0
11.871,-10.71,19.03,-0.600,0
11.871,-10.71,19.03,-0.600,0
11.871,-10.71,19.03,-0.600,0
11.871,-10.71,19.03,-0.600,0
11.872,-10.71,19.07,-0.600,0
11.872,-10.71,19.07,-0.600,0
11.872,-10.71,19.07,-0.600,0
11.872,-10.71,19.07,-0.600,0
11.873,-10.71,19.10,-0.600,0
11.873,-10.71,19.10,-0.600,0
11.873,-10.71,19.10,-0.600,0
11.873,-10.71,19.10,-0.600,0
11.874,-10.71,19.13,-0.600,0
11.874,-10.71,19.13,-0.600,0
11.874,-10.71,19.13,-0.600,0
11.874,-10.71,19.13,-0.600,0
11.875,-10.71,19.16,-0.600,0
11.875,-10.71,19.16,-0.600,0
11.875,-10.71,19.16,-0.600,0
11.876,-10.71,19.20,-0.600,0
11.876,-10.71,19.20,-0.600,0
11.876,-10.71,19.20,-0.600,0
11.876,-10.71,19.20,-0.600,0
11.877,-10.71,19.23,-0.600,0
11.877,-10.71,19.23,-0.600,0
11.877,-10.71,19.23,-0.600,0
11.877,-10.71,19.23,-0.600,0
11.878,-10.71,19.26,-0.600,0
11.878,-10.71,19.26,-0.600,0
11.878,-10.71,19.26,-0.600,0
11.878,-10.71,19.26,-0.600,0
11.878,-10.71,19.29,-0.600,0
11.879,-10.71,19.29,-0.600,0
11.879,-10.71,19.29,-0.600,0
11.879,-10.71,19.29,-0.600,0
11.879,-10.71,19.29,-0.600,0
11.880,-10.71,19.33,-0.600,0
11.880,-10.71,19.33,-0.600,0
11.880,-10.71,19.33,-0.600,0
11.880,-10.71,19.33,-0.600,0
11.881,-10.71,19.36,-0.600,0
11.881,-10.71,19.36,-0.600,0
11.881,-10.71,19.36,-0.600,0
11.882,-10.71,19.36,-0.600,0
11.882,-10.71,19.39,-0.600,0
11.882,-10.71,19.39,-0.600,0
11.882,-10.71,19.39,-0.600,0
11.883,-10.71,19.42,-0.600,0
11.883,-10.71,19.42,-0.600,0
11.883,-10.71,19.42,-0.600,0
11.883,-10.71,19.42,-0.600,0
11.884,-10.71,19.45,-0.600,0
11.884,-10.71,19.45,-0.600,0
11.884,-10.71,19.45,-0.600,0
11.884,-10.71,19.45,-0.600,0
11.885,-10.71,19.49,-0.600,0
11.885,-10.71,19.49,-0.600,0
11.885,-10.71,19.49,-0.600,0
11.885,-10.71,19.49,-0.600,0
11.886,-10.71,19.49,-0.600,0
11.886,-10.71,19.52,-0.600,0
11.886,-10.71,19.52,-0.600,0
11.886,-10.71,19.52,-0.600,0
11.886,-10.71,19.52,-0.600,0
11.887,-10.71,19.55,-0.600,0
11.887,-10.71,19.55,-0.600,0
11.887,-10.71,19.55,-0.600,0
11.887,-10.71,19.55,-0.600,0
11.888,-10.71,19.58,-0.600,0
11.888,-10.71,19.58,-0.600,0
11.888,-10.71,19.58,-0.600,0
11.888,-10.71,19.58,-0.600,0
11.889,-10.71,19.62,-0.600,0
11.889,-10.71,19.62,-0.600,0
11.889,-10.71,19.62,-0.600,0
11.889,-10.71,19.62,-0.600,0
11.890,-10.71,19.65,-0.600,0
11.890,-10.71,19.65,-0.600,0
11.890,-10.71,19.65,-0.600,0
11.891,-10.71,19.68,-0.600,0
11.891,-10.71,19.68,-0.600,0
11.891,-10.71,19.68,-0.600,0
11.891,-10.71,19.68,-0.600,0
11.892,-10.71,19.71,-0.600,0
11.892,-10.71,19.71,-0.600,0
11.892,-10.71,19.71,-0.600,0
11.892,-10.71,19.71,-0.600,0
11.893,-10.71,19.75,-0.600,0
11.893,-10.71,19.75,-0.600,0
11.893,-10.71,19.75,-0.600,0
11.893,-10.71,19.75,-0.600,0
11.893,-10.71,19.75,-0.600,0
11.894,-10.71,19.78,-0.600,0
11.894,-10.71,19.78,-0.600,0
11.894,-10.71,19.78,-0.600,0
11.894,-10.71,19.78,-0.600,0
11.895,-10.71,19.81,-0.600,0
11.895,-10.71,19.81,-0.600,0
11.896,-10.71,19.81,-0.600,0
11.896,-10.71,19.84,-0.600,0
11.896,-10.71,19.84,-0.600,0
11.897,-10.71,19.88,-0.600,0
11.897,-10.71,19.88,-0.600,0
11.897,-10.71,19.88,-0.600,0
11.898,-10.71,19.91,-0.600,0
11.898,-10.71,19.91,-0.600,0
11.898,-10.71,19.91,-0.600,0
11.898,-10.71,19.91,-0.600,0
11.899,-10.71,19.94,-0.600,0
11.899,-10.71,19.94,-0.600,0
11.899,-10.71,19.94,-0.600,0
11.899,-10.71,19.94,-0.600,0
11.900,-10.71,19.97,-0.600,0
11.900,-10.71,19.97,-0.600,0
11.900,-10.71,19.97,-0.600,0
11.900,-10.71,19.97,-0.600,0
11.901,-10.71,20.01,-0.600,0
11.901,-10.71,20.01,-0.600,0
11.901,-10.71,20.01,-0.600,0
11.901,-10.71,20.01,-0.600,0
11.902,-10.71,20.01,-0.600,0
11.902,-10.71,20.04,-0.600,0
11.902,-10.71,20.04,-0.600,0
11.902,-10.71,20.04,-0.600,0
11.903,-10.71,20.07,-0.600,0
11.903,-10.71,20.07,-0.600,0
11.903,-10.71,20.07,-0.600,0
11.904,-10.71,20.07,-0.600,0
11.904,-10.71,20.10,-0.600,0
11.904,-10.71,20.10,-0.600,0
11.905,-10.71,20.10,-0.600,1
11.905,3.04,20.14,0.487,0
11.905,3.04,20.14,0.487,0
11.905,3.04,20.14,0.487,0
11.906,3.04,20.17,0.487,0
11.906,3.04,20.17,0.487,0
11.906,3.04,20.17,0.487,0
11.907,3.04,20.20,0.487,0
11.907,3.04,20.20,0.487,0
11.907,3.04,20.20,0.487,0
11.907,3.04,20.20,0.487,0
11.908,3.04,20.23,0.487,0
11.908,3.04,20.23,0.487,0
11.908,3.04,20.23,0.487,0
11.908,3.04,20.23,0.487,0
11.909,3.04,20.23,0.487,0
11.909,3.04,20.27,0.487,0
11.909,3.04,20.27,0.487,0
11.909,3.04,20.27,0.487,0
11.910,3.04,20.27,0.487,0
11.910,3.04,20.30,0.487,0
11.911,3.04,20.33,0.487,0
11.911,3.04,20.33,0.487,0
11.911,3.04,20.33,0.487,0
11.912,3.04,20.36,0.487,0
11.912,3.04,20.36,0.487,0
11.912,3.04,20.36,0.487,0
11.912,3.04,20.36,0.487,0
11.913,3.04,20.39,0.487,0
11.913,3.04,20.39,0.487,0
11.913,3.04,20.39,0.487,0
11.913,3.04,20.39,0.487,0
11.914,3.04,20.42,0.487,0
11.914,3.04,20.42,0.487,0
11.915,3.04,20.45,0.487,0
11.915,3.04,20.45,0.487,0
11.916,3.04,20.48,0.487,0
11.916,3.04,20.48,0.487,0
11.916,3.04,20.48,0.487,0
11.917,3.04,20.51,0.487,0
11.917,3.04,20.51,0.487,0
11.917,3.04,20.51,0.487,0
11.917,3.04,20.51,0.487,0
11.918,3.04,20.54,0.487,0
11.918,3.04,20.54,0.487,0
11.918,3.04,20.54,0.487,0
11.918,3.04,20.54,0.487,0
11.919,3.04,20.57,0.487,0
11.919,3.04,20.57,0.487,0
11.919,3.04,20.57,0.487,0
11.919,3.04,20.57,0.487,0
11.920,3.04,20.57,0.487,0
11.920,3.04,20.60,0.487,0
11.920,3.04,20.60,0.487,0
11.920,3.04,20.60,0.487,0
11.921,3.04,20.60,0.487,0
11.921,3.04,20.62,0.487,0
11.921,3.04,20.62,0.487,0
11.921,3.04,20.62,0.487,0
11.922,3.04,20.62,0.487,0
11.922,3.04,20.65,0.487,0
11.922,3.04,20.65,0.487,0
11.922,3.04,20.65,0.487,0
11.922,3.04,20.65,0.487,0
11.923,3.04,20.68,0.487,0
11.923,3.04,20.68,0.487,0
11.923,3.04,20.68,0.487,0
11.924,3.04,20.68,0.487,0
11.924,3.04,20.70,0.487,0
11.924,3.04,20.70,0.487,0
11.925,3.04,20.73,0.487,0
11.925,3.04,20.73,0.487,0
11.925,3.04,20.73,0.487,0
11.926,3.04,20.73,0.487,0
11.926,3.04,20.75,0.487,0
11.926,3.04,20.75,0.487,0
11.926,3.04,20.75,0.487,0
11.926,3.04,20.75,0.487,0
11.927,3.04,20.78,0.487,0
11.927,3.04,20.78,0.487,0
11.927,3.04,20.78,0.487,0
11.927,3.04,20.78,0.487,0
11.928,3.04,20.78,0.487,0
11.928,3.04,20.80,0.487,0
11.928,3.04,20.80,0.487,0
11.928,3.04,20.80,0.487,0
11.929,3.04,20.82,0.487,0
11.929,3.04,20.82,0.487,0
11.930,3.04,20.82,0.487,0
11.930,3.04,20.85,0.487,0
11.930,3.04,20.85,0.487,0
11.931,3.04,20.85,0.487,0
11.931,3.04,20.87,0.487,0
11.931,3.04,20.87,0.487,0
11.931,3.04,20.87,0.487,0
11.932,3.04,20.87,0.487,0
11.932,3.04,20.89,0.487,0
11.932,3.04,20.89,0.487,0
11.932,3.04,20.89,0.487,0
11.933,3.04,20.92,0.487,0
11.933,3.04,20.92,0.487,0
11.933,3.04,20.92,0.487,0
11.933,3.04,20.92,0.487,0
11.934,3.04,20.92,0.487,0
11.934,3.04,20.94,0.487,0
11.934,3.04,20.94,0.487,0
11.934,3.04,20.94,0.487,0
11.935,3.04,20.94,0.487,0
11.935,3.04,20.96,0.487,0
11.935,3.04,20.96,0.487,0
11.935,3.04,20.96,0.487,0
11.936,3.04,20.98,0.487,0
11.936,3.04,20.98,0.487,0
11.936,3.04,20.98,0.487,0
11.937,3.04,20.98,0.487,0
11.937,3.04,21.00,0.487,0
11.937,3.04,21.00,0.487,0
11.937,3.04,21.00,0.487,0
11.938,3.04,21.00,0.487,0
11.938,3.04,21.02,0.487,0
11.938,3.04,21.02,0.487,0
11.938,3.04,21.02,0.487,0
11.939,3.04,21.04,0.487,0
11.939,3.04,21.04,0.487,0
11.939,3.04,21.04,0.487,0
11.939,3.04,21.04,0.487,0
11.940,3.04,21.06,0.487,0
11.940,3.04,21.06,0.487,0
11.940,3.04,21.06,0.487,0
11.940,3.04,21.06,0.487,0
11.941,3.04,21.08,0.487,0
11.941,3.04,21.08,0.487,0
11.941,3.04,21.08,0.487,0
11.942,3.04,21.08,0.487,0
11.942,3.04,21.10,0.487,0
11.942,3.04,21.10,0.487,0
11.942,3.04,21.10,0.487,0
11.943,3.04,21.10,0.487,0
11.943,3.04,21.12,0.487,0
11.943,3.04,21.12,0.487,0
11.943,3.04,21.12,0.487,0
11.944,3.04,21.12,0.487,0
11.944,3.04,21.14,0.487,0
11.944,3.04,21.14,0.487,0
11.944,3.04,21.14,0.487,0
11.945,3.04,21.14,0.487,0
11.945,3.04,21.15,0.487,0
11.945,3.04,21.15,0.487,0
11.945,3.04,21.15,0.487,0
11.946,3.04,21.15,0.487,0
11.946,3.04,21.17,0.487,0
11.946,3.04,21.17,0.487,0
11.946,3.04,21.17,0.487,0
11.947,3.04,21.17,0.487,0
11.947,3.04,21.19,0.487,0
11.947,3.04,21.19,0.487,0
11.947,3.04,21.19,0.487,0
11.948,3.04,21.19,0.487,0
11.948,3.04,21.20,0.487,0
11.948,3.04,21.20,0.487,0
11.948,3.04,21.20,0.487,0
11.949,3.04,21.20,0.487,0
11.949,3.04,21.22,0.487,0
11.949,3.04,21.22,0.487,0
11.949,3.04,21.22,0.487,0
11.950,3.04,21.22,0.487,0
11.950,3.04,21.23,0.487,0
11.950,3.04,21.23,0.487,0
11.950,3.04,21.23,0.487,0
11.951,3.04,21.25,0.487,0
11.951,3.04,21.25,0.487,0
11.951,3.04,21.25,0.487,0
11.952,3.04,21.25,0.487,0
11.952,3.04,21.26,0.487,0
11.952,3.04,21.26,0.487,0
11.953,3.04,21.26,0.487,0
11.953,3.04,21.28,0.487,0
11.953,3.04,21.28,0.487,0
11.953,3.04,21.28,0.487,0
11.954,3.04,21.29,0.487,0
11.954,3.04,21.29,0.487,0
11.954,3.04,21.29,0.487,0
11.954,3.04,21.29,0.487,0
11.955,3.04,21.31,0.487,0
11.955,3.04,21.31,0.487,0
11.955,3.04,21.31,0.487,0
11.955,3.04,21.31,0.487,0
11.956,3.04,21.31,0.487,0
11.956,3.04,21.32,0.487,0
11.956,3.04,21.32,0.487,0
11.956,3.04,21.32,0.487,0
11.957,3.04,21.33,0.487,0
11.957,3.04,21.33,0.487,0
11.957,3.04,21.33,0.487,0
11.957,3.04,21.33,0.487,0
11.958,3.04,21.33,0.487,0
11.958,3.04,21.34,0.487,0
11.958,3.04,21.34,0.487,0
11.958,3.04,21.34,0.487,0
11.959,3.04,21.34,0.487,0
11.959,3.04,21.36,0.487,0
11.959,3.04,21.36,0.487,0
11.959,3.04,21.36,0.487,0
11.960,3.04,21.37,0.487,0
11.960,3.04,21.37,0.487,0
11.960,3.04,21.37,0.487,0
11.960,3.04,21.37,0.487,0
11.961,3.04,21.38,0.487,0
11.961,3.04,21.38,0.487,0
11.961,3.04,21.38,0.487,0
11.961,3.04,21.38,0.487,0
11.962,3.04,21.39,0.487,0
11.962,3.04,21.39,0.487,0
11.962,3.04,21.39,0.487,0
11.962,3.04,21.39,0.487,0
11.963,3.04,21.39,0.487,0
11.963,3.04,21.40,0.487,0
11.963,3.04,21.40,0.487,0
11.963,3.04,21.40,0.487,0
11.964,3.04,21.40,0.487,0
11.964,3.04,21.41,0.487,0
11.964,3.04,21.41,0.487,0
11.964,3.04,21.41,0.487,0
11.964,3.04,21.41,0.487,0
11.965,3.04,21.42,0.487,0
11.965,3.04,21.42,0.487,0
11.965,3.04,21.42,0.487,0
11.965,3.04,21.42,0.487,0
11.966,3.04,21.43,0.487,0
11.966,3.04,21.43,0.487,0
11.966,3.04,21.43,0.487,0
11.967,3.04,21.43,0.487,0
11.967,3.04,21.44,0.487,0
11.967,3.04,21.44,0.487,0
11.967,3.04,21.44,0.487,0
11.967,3.04,21.44,0.487,0
11.968,3.04,21.44,0.487,0
11.968,3.04,21.44,0.487,0
11.968,3.04,21.44,0.487,0
11.969,3.04,21.44,0.487,0
11.969,3.04,21.45,0.487,0
11.969,3.04,21.45,0.487,0
11.969,3.04,21.45,0.487,0
11.970,3.04,21.46,0.487,0
11.970,3.04,21.46,0.487,0
11.970,3.04,21.46,0.487,0
11.970,3.04,21.46,0.487,0
11.971,3.04,21.47,0.487,0
11.971,3.04,21.47,0.487,0
11.971,3.04,21.47,0.487,0
11.971,3.04,21.47,0.487,0
11.972,3.04,21.47,0.487,0
11.972,3.04,21.47,0.487,0
11.972,3.04,21.47,0.487,0
11.973,3.04,21.48,0.487,0
11.973,3.04,21.48,0.487,0
11.973,3.04,21.48,0.487,0
11.974,3.04,21.48,0.487,0
11.974,3.04,21.48,0.487,0
11.974,3.04,21.49,0.487,0
11.974,3.04,21.49,0.487,0
11.974,3.04,21.49,0.487,0
11.975,3.04,21.49,0.487,0
11.975,3.04,21.49,0.487,0
11.975,3.04,21.49,0.487,0
11.976,3.04,21.49,0.487,0
11.976,3.04,21.50,0.487,0
11.976,3.04,21.50,0.487,0
11.976,3.04,21.50,0.487,0
11.976,3.04,21.50,0.487,0
11.977,3.04,21.50,0.487,0
11.977,3.04,21.50,0.487,0
11.977,3.04,21.50,0.487,0
11.978,3.04,21.50,0.487,0
11.978,3.04,21.51,0.487,0
11.978,3.04,21.51,0.487,0
11.978,3.04,21.51,0.487,0
11.978,3.04,21.51,0.487,0
11.979,3.04,21.51,0.487,0
11.979,3.04,21.51,0.487,0
11.979,3.04,21.51,0.487,0
11.980,3.04,21.51,0.487,0
11.980,3.04,21.51,0.487,0
11.980,3.04,21.51,0.487,0
11.981,3.04,21.51,0.487,0
11.981,3.04,21.52,0.487,0
11.981,3.04,21.52,0.487,0
11.981,3.04,21.52,0.487,0
11.982,3.04,21.52,0.487,0
11.982,3.04,21.52,0.487,0
11.982,3.04,21.52,0.487,0
11.983,3.04,21.52,0.487,0
11.983,3.04,21.52,0.487,0
11.983,3.04,21.52,0.487,0
11.984,3.04,21.52,0.487,0
11.984,3.04,21.52,0.487,0
11.984,3.04,21.52,0.487,0
11.985,3.04,21.52,0.487,0
11.985,3.04,21.52,0.487,0
11.985,3.04,21.52,0.487,0
11.986,3.04,21.52,0.487,0
11.986,3.04,21.52,0.487,0
11.986,3.04,21.52,0.487,0
11.986,3.04,21.52,0.487,0
11.987,3.04,21.52,0.487,0
11.987,3.04,21.53,0.487,0
11.987,3.04,21.53,0.487,0
11.987,3.04,21.53,0.487,0
11.988,3.04,21.53,0.487,0
11.988,3.04,21.53,0.487,0
11.988,3.04,21.53,0.487,0
11.988,3.04,21.53,0.487,0
11.989,3.04,21.53,0.487,0
11.989,3.04,21.53,0.487,0
11.989,3.04,21.53,0.487,0
11.989,3.04,21.53,0.487,0
11.990,3.04,21.53,0.487,0
11.990,3.04,21.53,0.487,0
11.990,3.04,21.53,0.487,0
11.990,3.04,21.53,0.487,0
11.991,3.04,21.53,0.487,0
11.991,3.04,21.53,0.487,0
11.991,3.04,21.53,0.487,0
11.991,3.04,21.53,0.487,0
11.992,3.04,21.53,0.487,0
11.992,3.04,21.52,0.487,0
11.992,3.04,21.52,0.487,0
11.992,3.04,21.52,0.487,0
11.993,3.04,21.52,0.487,0
11.993,3.04,21.52,0.487,0
11.993,3.04,21.52,0.487,0
11.993,3.04,21.52,0.487,0
11.994,3.04,21.52,0.487,0
11.994,3.04,21.52,0.487,0
11.994,3.04,21.52,0.487,0
11.994,3.04,21.52,0.487,0
11.995,3.04,21.52,0.487,0
11.995,3.04,21.52,0.487,0
11.995,3.04,21.52,0.487,0
11.995,3.04,21.52,0.487,0
11.996,3.04,21.52,0.487,0
11.996,3.04,21.51,0.487,0
11.996,3.04,21.51,0.487,0
11.996,3.04,21.51,0.487,0
11.997,3.04,21.51,0.487,0
11.997,3.04,21.51,0.487,0
11.997,3.04,21.51,0.487,0
11.997,3.04,21.51,0.487,0
11.998,3.04,21.51,0.487,0
11.998,3.04,21.51,0.487,0
11.998,3.04,21.51,0.487,0
11.998,3.04,21.51,0.487,0
11.999,3.04,21.50,0.487,0
11.999,3.04,21.50,0.487,0
11.999,3.04,21.50,0.487,0
11.999,3.04,21.50,0.487,0
12.000,3.04,21.50,0.487,0
12.000,3.04,21.50,0.487,0
12.000,3.04,21.50,0.487,0
12.000,3.04,21.50,0.487,0
12.001,3.04,21.50,0.487,0
12.001,3.04,21.50,0.487,0
12.001,3.04,21.50,0.487,0
12.002,3.04,21.50,0.487,0
12.002,3.04,21.49,0.487,0
12.002,3.04,21.49,0.487,0
12.002,3.04,21.49,0.487,0
12.003,3.04,21.49,0.487,0
12.003,3.04,21.48,0.487,0
12.003,3.04,21.48,0.487,0
12.003,3.04,21.48,0.487,0
12.004,3.04,21.48,0.487,0
12.004,3.04,21.48,0.487,0
12.004,3.04,21.48,0.487,0
12.004,3.04,21.48,0.487,0
12.005,3.04,21.48,0.487,0
12.005,3.04,21.47,0.487,0
12.005,3.04,21.47,0.487,0
12.005,3.04,21.47,0.487,0
12.006,3.04,21.47,0.487,0
12.006,3.04,21.46,0.487,0
12.006,3.04,21.46,0.487,0
12.006,3.04,21.46,0.487,0
12.007,3.04,21.46,0.487,0
12.007,3.04,21.46,0.487,0
12.007,3.04,21.46,0.487,0
12.007,3.04,21.46,0.487,0
12.008,3.04,21.46,0.487,0
12.008,3.04,21.45,0.487,0
12.008,3.04,21.45,0.487,0
12.008,3.04,21.45,0.487,0
12.009,3.04,21.45,0.487,0
12.009,3.04,21.44,0.487,0
12.009,3.04,21.44,0.487,0
12.009,3.04,21.44,0.487,0
12.010,3.04,21.44,0.487,0
12.010,3.04,21.43,0.487,0
12.010,3.04,21.43,0.487,0
12.011,3.04,21.43,0.487,0
12.011,3.04,21.42,0.487,0
12.011,3.04,21.42,0.487,0
12.011,3.04,21.42,0.487,0
12.012,3.04,21.42,0.487,0
12.012,3.04,21.41,0.487,0
12.012,3.04,21.41,0.487,0
12.012,3.04,21.41,0.487,0
12.013,3.04,21.41,0.487,0
12.013,3.04,21.41,0.487,0
12.013,3.04,21.41,0.487,0
12.013,3.04,21.41,0.487,0
12.014,3.04,21.41,0.487,0
12.014,3.04,21.40,0.487,0
12.014,3.04,21.40,0.487,0
12.014,3.04,21.40,0.487,0
12.015,3.04,21.40,0.487,0
12.015,3.04,21.38,0.487,0
12.015,3.04,21.38,0.487,0
12.015,3.04,21.38,0.487,0
12.016,3.04,21.38,0.487,0
12.016,3.04,21.37,0.487,0
12.016,3.04,21.37,0.487,0
12.016,3.04,21.37,0.487,0
12.017,3.04,21.37,0.487,0
12.017,3.04,21.36,0.487,0
12.017,3.04,21.36,0.487,0
12.017,3.04,21.36,0.487,0
12.018,3.04,21.36,0.487,0
12.018,3.04,21.35,0.487,0
12.018,3.04,21.35,0.487,0
12.018,3.04,21.35,0.487,0
12.019,3.04,21.35,0.487,0
12.019,3.04,21.34,0.487,0
12.019,3.04,21.34,0.487,0
12.019,3.04,21.34,0.487,0
12.020,3.04,21.34,0.487,0
12.020,3.04,21.33,0.487,0
12.020,3.04,21.33,0.487,0
12.020,3.04,21.33,0.487,0
12.021,3.04,21.33,0.487,0
12.021,3.04,21.31,0.487,0
12.021,3.04,21.31,0.487,0
12.021,3.04,21.31,0.487,0
12.022,3.04,21.31,0.487,0
12.022,3.04,21.30,0.487,0
12.022,3.04,21.30,0.487,0
12.022,3.04,21.30,0.487,0
12.023,3.04,21.30,0.487,0
12.023,3.04,21.29,0.487,0
12.023,3.04,21.29,0.487,0
12.023,3.04,21.29,0.487,0
12.024,3.04,21.29,0.487,0
12.024,3.04,21.27,0.487,0
12.024,3.04,21.27,0.487,0
12.024,3.04,21.27,0.487,0
12.025,3.04,21.27,0.487,0
12.025,3.04,21.26,0.487,0
12.025,3.04,21.26,0.487,0
12.025,3.04,21.26,0.487,0
12.026,3.04,21.26,0.487,0
12.026,3.04,21.24,0.487,0
12.026,3.04,21.24,0.487,0
12.026,3.04,21.24,0.487,0
12.027,3.04,21.24,0.487,0
12.027,3.04,21.23,0.487,0
12.027,3.04,21.23,0.487,0
12.027,3.04,21.23,0.487,0
12.028,3.04,21.23,0.487,0
12.028,3.04,21.21,0.487,0
12.028,3.04,21.21,0.487,0
12.028,3.04,21.21,0.487,0
12.029,3.04,21.21,0.487,0
12.029,3.04,21.20,0.487,0
12.029,3.04,21.20,0.487,0
12.029,3.04,21.20,0.487,0
12.030,3.04,21.20,0.487,0
12.030,3.04,21.18,0.487,0
12.030,3.04,21.18,0.487,0
12.030,3.04,21.18,0.487,0
12.031,3.04,21.18,0.487,0
12.031,3.04,21.16,0.487,0
12.031,3.04,21.16,0.487,0
12.031,3.04,21.16,0.487,0
12.032,3.04,21.16,0.487,0
12.032,3.04,21.15,0.487,0
12.032,3.04,21.15,0.487,0
12.032,3.04,21.15,0.487,0
12.033,3.04,21.15,0.487,0
12.033,3.04,21.13,0.487,0
12.033,3.04,21.13,0.487,0
12.033,3.04,21.13,0.487,0
12.034,3.04,21.13,0.487,0
12.034,3.04,21.11,0.487,0
12.034,3.04,21.11,0.487,0
12.034,3.04,21.11,0.487,0
12.035,3.04,21.11,0.487,0
12.035,3.04,21.09,0.487,0
12.035,3.04,21.09,0.487,0
12.035,3.04,21.09,0.487,0
12.036,3.04,21.09,0.487,0
12.036,3.04,21.07,0.487,0
12.037,3.04,21.07,0.487,0
12.037,3.04,21.06,0.487,0
12.037,3.04,21.06,0.487,0
12.038,3.04,21.06,0.487,1
12.038,6.67,21.04,0.600,0
12.038,6.67,21.04,0.600,0
12.039,6.67,21.04,0.600,0
12.039,6.67,21.02,0.600,0
12.039,6.67,21.02,0.600,0
12.040,6.67,21.02,0.600,0
12.040,6.67,21.00,0.600,0
12.040,6.67,21.00,0.600,0
12.040,6.67,21.00,0.600,0
12.041,6.67,21.00,0.600,0
12.041,6.67,20.98,0.600,0
12.041,6.67,20.98,0.600,0
12.041,6.67,20.98,0.600,0
12.042,6.67,20.98,0.600,0
12.042,6.67,20.96,0.600,0
12.042,6.67,20.96,0.600,0
12.043,6.67,20.96,0.600,0
12.043,6.67,20.93,0.600,0
12.043,6.67,20.93,0.600,0
12.044,6.67,20.93,0.600,0
12.044,6.67,20.91,0.600,0
12.044,6.67,20.91,0.600,0
12.044,6.67,20.91,0.600,0
12.045,6.67,20.89,0.600,0
12.045,6.67,20.89,0.600,0
12.046,6.67,20.89,0.600,0
12.046,6.67,20.87,0.600,0
12.046,6.67,20.87,0.600,0
12.046,6.67,20.87,0.600,0
12.047,6.67,20.87,0.600,0
12.047,6.67,20.84,0.600,0
12.047,6.67,20.84,0.600,0
12.047,6.67,20.84,0.600,0
12.048,6.67,20.82,0.600,0
12.048,6.67,20.82,0.600,0
12.048,6.67,20.82,0.600,0
12.049,6.67,20.82,0.600,0
12.049,6.67,20.79,0.600,0
12.049,6.67,20.79,0.600,0
12.050,6.67,20.79,0.600,0
12.050,6.67,20.79,0.600,0
12.050,6.67,20.77,0.600,0
12.050,6.67,20.77,0.600,0
12.051,6.67,20.77,0.600,0
12.051,6.67,20.75,0.600,0
12.051,6.67,20.75,0.600,0
12.051,6.67,20.75,0.600,0
12.052,6.67,20.75,0.600,0
12.052,6.67,20.72,0.600,0
12.052,6.67,20.72,0.600,0
12.052,6.67,20.72,0.600,0
12.053,6.67,20.72,0.600,0
12.053,6.67,20.70,0.600,0
12.053,6.67,20.70,0.600,0
12.053,6.67,20.70,0.600,0
12.054,6.67,20.70,0.600,0
12.054,6.67,20.67,0.600,0
12.054,6.67,20.67,0.600,0
12.054,6.67,20.67,0.600,0
12.055,6.67,20.67,0.600,0
12.055,6.67,20.64,0.600,0
12.055,6.67,20.64,0.600,0
12.056,6.67,20.64,0.600,0
12.056,6.67,20.64,0.600,0
12.056,6.67,20.62,0.600,0
12.056,6.67,20.62,0.600,0
12.057,6.67,20.62,0.600,0
12.057,6.67,20.59,0.600,0
12.057,6.67,20.59,0.600,0
12.057,6.67,20.59,0.600,0
12.058,6.67,20.59,0.600,0
12.058,6.67,20.59,0.600,0
12.058,6.67,20.56,0.600,0
12.058,6.67,20.56,0.600,0
12.058,6.67,20.56,0.600,0
12.059,6.67,20.56,0.600,0
12.059,6.67,20.54,0.600,0
12.059,6.67,20.54,0.600,0
12.059,6.67,20.54,0.600,0
12.060,6.67,20.54,0.600,0
12.060,6.67,20.51,0.600,0
12.060,6.67,20.51,0.600,0
12.060,6.67,20.51,0.600,0
12.061,6.67,20.51,0.600,0
12.061,6.67,20.48,0.600,0
12.061,6.67,20.48,0.600,0
12.061,6.67,20.48,0.600,0
12.062,6.67,20.48,0.600,0
12.062,6.67,20.45,0.600,0
12.062,6.67,20.45,0.600,0
12.062,6.67,20.45,0.600,0
12.063,6.67,20.42,0.600,0
12.063,6.67,20.42,0.600,0
12.063,6.67,20.42,0.600,0
12.064,6.67,20.42,0.600,0
12.064,6.67,20.39,0.600,0
12.064,6.67,20.39,0.600,0
12.064,6.67,20.39,0.600,0
12.065,6.67,20.39,0.600,0
12.065,6.67,20.36,0.600,0
12.065,6.67,20.36,0.600,0
12.066,6.67,20.36,0.600,0
12.066,6.67,20.36,0.600,0
12.066,6.67,20.33,0.600,0
12.066,6.67,20.33,0.600,0
12.067,6.67,20.33,0.600,0
12.067,6.67,20.30,0.600,0
12.067,6.67,20.30,0.600,0
12.067,6.67,20.30,0.600,0
12.068,6.67,20.30,0.600,0
12.068,6.67,20.27,0.600,0
12.068,6.67,20.27,0.600,0
12.068,6.67,20.27,0.600,0
12.069,6.67,20.27,0.600,0
12.069,6.67,20.24,0.600,0
12.069,6.67,20.24,0.600,0
12.069,6.67,20.24,0.600,0
12.070,6.67,20.24,0.600,0
12.070,6.67,20.21,0.600,0
12.070,6.67,20.21,0.600,0
12.071,6.67,20.21,0.600,0
12.071,6.67,20.17,0.600,0
12.071,6.67,20.17,0.600,0
12.072,6.67,20.17,0.600,0
12.072,6.67,20.14,0.600,0
12.072,6.67,20.14,0.600,0
12.072,6.67,20.14,0.600,0
12.073,6.67,20.14,0.600,0
12.073,6.67,20.11,0.600,0
12.073,6.67,20.11,0.600,0
12.073,6.67,20.11,0.600,0
12.074,6.67,20.11,0.600,0
12.074,6.67,20.08,0.600,0
12.074,6.67,20.08,0.600,0
12.074,6.67,20.08,0.600,0
12.075,6.67,20.08,0.600,0
12.075,6.67,20.05,0.600,0
12.075,6.67,20.05,0.600,0
12.075,6.67,20.05,0.600,0
12.076,6.67,20.05,0.600,0
12.076,6.67,20.01,0.600,0
12.076,6.67,20.01,0.600,0
12.076,6.67,20.01,0.600,0
12.077,6.67,20.01,0.600,0
12.077,6.67,19.98,0.600,0
12.077,6.67,19.98,0.600,0
12.077,6.67,19.98,0.600,0
12.078,6.67,19.98,0.600,0
12.078,6.67,19.95,0.600,0
12.078,6.67,19.95,0.600,0
12.078,6.67,19.95,0.600,0
12.079,6.67,19.95,0.600,0
12.079,6.67,19.92,0.600,0
12.079,6.67,19.92,0.600,0
12.079,6.67,19.92,0.600,0
12.080,6.67,19.92,0.600,0
12.080,6.67,19.88,0.600,0
12.080,6.67,19.88,0.600,0
12.080,6.67,19.88,0.600,0
12.081,6.67,19.88,0.600,0
12.081,6.67,19.85,0.600,0
12.081,6.67,19.85,0.600,0
12.081,6.67,19.85,0.600,0
12.082,6.67,19.85,0.600,0
12.082,6.67,19.82,0.600,0
12.082,6.67,19.82,0.600,0
12.082,6.67,19.82,0.600,0
12.083,6.67,19.82,0.600,0
12.083,6.67,19.79,0.600,0
12.083,6.67,19.79,0.600,0
12.083,6.67,19.79,0.600,0
12.084,6.67,19.79,0.600,0
12.084,6.67,19.76,0.600,0
12.084,6.67,19.76,0.600,0
12.084,6.67,19.76,0.600,0
12.085,6.67,19.76,0.600,0
12.085,6.67,19.76,0.600,0
12.085,6.67,19.72,0.600,0
12.085,6.67,19.72,0.600,0
12.085,6.67,19.72,0.600,0
12.086,6.67,19.72,0.600,0
12.086,6.67,19.69,0.600,0
12.086,6.67,19.69,0.600,0
12.086,6.67,19.69,0.600,0
12.087,6.67,19.69,0.600,0
12.087,6.67,19.66,0.600,0
12.087,6.67,19.66,0.600,0
12.087,6.67,19.66,0.600,0
12.088,6.67,19.66,0.600,0
12.088,6.67,19.66,0.600,0
12.088,6.67,19.63,0.600,0
12.088,6.67,19.63,0.600,0
12.088,6.67,19.63,0.600,0
12.089,6.67,19.63,0.600,0
12.089,6.67,19.60,0.600,0
12.089,6.67,19.60,0.600,0
12.089,6.67,19.60,0.600,0
12.090,6.67,19.60,0.600,0
12.090,6.67,19.56,0.600,0
12.091,6.67,19.56,0.600,0
12.091,6.67,19.53,0.600,0
12.091,6.67,19.53,0.600,0
12.091,6.67,19.53,0.600,0
12.092,6.67,19.53,0.600,0
12.092,6.67,19.50,0.600,0
12.092,6.67,19.50,0.600,0
12.092,6.67,19.50,0.600,0
12.093,6.67,19.50,0.600,0
12.093,6.67,19.47,0.600,0
12.093,6.67,19.47,0.600,0
12.093,6.67,19.47,0.600,0
12.094,6.67,19.47,0.600,0
12.094,6.67,19.43,0.600,0
12.094,6.67,19.43,0.600,0
12.094,6.67,19.43,0.600,0
12.095,6.67,19.43,0.600,0
12.095,6.67,19.40,0.600,0
12.095,6.67,19.40,0.600,0
12.095,6.67,19.40,0.600,0
12.096,6.67,19.40,0.600,0
12.096,6.67,19.40,0.600,0
12.096,6.67,19.37,0.600,0
12.096,6.67,19.37,0.600,0
12.097,6.67,19.37,0.600,0
12.097,6.67,19.34,0.600,0
12.097,6.67,19.34,0.600,0
12.097,6.67,19.34,0.600,0
12.098,6.67,19.34,0.600,0
12.098,6.67,19.31,0.600,0
12.098,6.67,19.31,0.600,0
12.099,6.67,19.31,0.600,0
12.099,6.67,19.27,0.600,0
12.099,6.67,19.27,0.600,0
12.100,6.67,19.27,0.600,0
12.100,6.67,19.24,0.600,0
12.100,6.67,19.24,0.600,0
12.100,6.67,19.24,0.600,0
12.101,6.67,19.24,0.600,0
12.101,6.67,19.21,0.600,0
12.101,6.67,19.21,0.600,0
12.101,6.67,19.21,0.600,0
12.102,6.67,19.21,0.600,0
12.102,6.67,19.21,0.600,0
12.102,6.67,19.18,0.600,0
12.102,6.67,19.18,0.600,0
12.103,6.67,19.18,0.600,0
12.103,6.67,19.14,0.600,0
12.103,6.67,19.14,0.600,0
12.103,6.67,19.14,0.600,0
12.104,6.67,19.14,0.600,0
12.105,6.67,19.11,0.600,0
12.105,6.67,19.08,0.600,0
12.106,6.67,19.08,0.600,0
12.106,6.67,19.05,0.600,0
12.106,6.67,19.05,0.600,0
12.106,6.67,19.05,0.600,0
12.107,6.67,19.05,0.600,0
12.107,6.67,19.02,0.600,0
12.107,6.67,19.02,0.600,0
12.107,6.67,19.02,0.600,0
12.108,6.67,19.02,0.600,0
12.108,6.67,18.98,0.600,0
12.108,6.67,18.98,0.600,0
12.109,6.67,18.98,0.600,0
12.109,6.67,18.95,0.600,0
12.109,6.67,18.95,0.600,0
12.109,6.67,18.95,0.600,0
12.110,6.67,18.95,0.600,0
12.110,6.67,18.92,0.600,0
12.110,6.67,18.92,0.600,0
12.110,6.67,18.92,0.600,0
12.111,6.67,18.92,0.600,0
12.111,6.67,18.89,0.600,0
12.111,6.67,18.89,0.600,0
12.112,6.67,18.89,0.600,0
12.112,6.67,18.85,0.600,0
12.112,6.67,18.85,0.600,0
12.113,6.67,18.85,0.600,0
12.113,6.67,18.82,0.600,0
12.113,6.67,18.82,0.600,0
12.113,6.67,18.82,0.600,0
12.114,6.67,18.82,0.600,0
12.114,6.67,18.79,0.600,0
12.114,6.67,18.79,0.600,0
12.114,6.67,18.79,0.600,0
12.114,6.67,18.79,0.600,0
12.115,6.67,18.79,0.600,0
12.115,6.67,18.76,0.600,0
12.115,6.67,18.76,0.600,0
12.115,6.67,18.76,0.600,0
12.116,6.67,18.76,0.600,0
12.116,6.67,18.73,0.600,0
12.116,6.67,18.73,0.600,0
12.116,6.67,18.73,0.600,0
12.117,6.67,18.73,0.600,0
12.117,6.67,18.69,0.600,0
12.117,6.67,18.69,0.600,0
12.117,6.67,18.69,0.600,0
12.118,6.67,18.69,0.600,0
12.118,6.67,18.66,0.600,0
12.118,6.67,18.66,0.600,0
12.118,6.67,18.66,0.600,0
12.119,6.67,18.66,0.600,0
12.119,6.67,18.63,0.600,0
12.119,6.67,18.63,0.600,0
12.119,6.67,18.63,0.600,0
12.120,6.67,18.63,0.600,0
12.120,6.67,18.60,0.600,0
12.120,6.67,18.60,0.600,0
12.120,6.67,18.60,0.600,0
12.121,6.67,18.60,0.600,0
12.121,6.67,18.56,0.600,0
12.121,6.67,18.56,0.600,0
12.122,6.67,18.56,0.600,0
12.122,6.67,18.53,0.600,0
12.122,6.67,18.53,0.600,0
12.122,6.67,18.53,0.600,0
12.123,6.67,18.53,0.600,0
12.123,6.67,18.50,0.600,0
12.123,6.67,18.50,0.600,0
12.124,6.67,18.50,0.600,0
12.124,6.67,18.50,0.600,0
12.124,6.67,18.47,0.600,0
12.124,6.67,18.47,0.600,0
12.125,6.67,18.47,0.600,0
12.125,6.67,18.44,0.600,0
12.125,6.67,18.44,0.600,0
12.125,6.67,18.44,0.600,0
12.126,6.67,18.44,0.600,0
12.126,6.67,18.40,0.600,0
12.126,6.67,18.40,0.600,0
12.127,6.67,18.40,0.600,0
12.127,6.67,18.37,0.600,0
12.127,6.67,18.37,0.600,0
12.127,6.67,18.37,0.600,0
12.128,6.67,18.37,0.600,0
12.128,6.67,18.34,0.600,0
12.128,6.67,18.34,0.600,0
12.128,6.67,18.34,0.600,0
12.129,6.67,18.34,0.600,0
12.129,6.67,18.31,0.600,0
12.129,6.67,18.31,0.600,0
12.129,6.67,18.31,0.600,0
12.130,6.67,18.31,0.600,0
12.130,6.67,18.28,0.600,0
12.130,6.67,18.28,0.600,0
12.130,6.67,18.28,0.600,0
12.131,6.67,18.28,0.600,0
12.131,6.67,18.24,0.600,0
12.131,6.67,18.24,0.600,0
12.132,6.67,18.24,0.600,0
12.132,6.67,18.21,0.600,0
12.132,6.67,18.21,0.600,0
12.133,6.67,18.21,0.600,0
12.133,6.67,18.21,0.600,0
12.133,6.67,18.18,0.600,0
12.133,6.67,18.18,0.600,0
12.134,6.67,18.18,0.600,0
12.134,6.67,18.18,0.600,0
12.134,6.67,18.15,0.600,0
12.134,6.67,18.15,0.600,0
12.135,6.67,18.15,0.600,0
12.135,6.67,18.12,0.600,0
12.135,6.67,18.12,0.600,0
12.135,6.67,18.12,0.600,0
12.136,6.67,18.12,0.600,0
12.136,6.67,18.08,0.600,0
12.136,6.67,18.08,0.600,0
12.136,6.67,18.08,0.600,0
12.137,6.67,18.08,0.600,0
12.137,6.67,18.05,0.600,0
12.137,6.67,18.05,0.600,0
12.137,6.67,18.05,0.600,0
12.138,6.67,18.05,0.600,0
12.138,6.67,18.05,0.600,0
12.138,6.67,18.02,0.600,0
12.138,6.67,18.02,0.600,0
12.138,6.67,18.02,0.600,0
12.139,6.67,18.02,0.600,0
12.139,6.67,17.99,0.600,0
12.139,6.67,17.99,0.600,0
12.140,6.67,17.99,0.600,0
12.140,6.67,17.99,0.600,0
12.140,6.67,17.95,0.600,0
12.140,6.67,17.95,0.600,0
12.141,6.67,17.95,0.600,0
12.141,6.67,17.92,0.600,0
12.141,6.67,17.92,0.600,0
12.141,6.67,17.92,0.600,0
12.142,6.67,17.92,0.600,0
12.142,6.67,17.89,0.600,0
12.142,6.67,17.89,0.600,0
12.142,6.67,17.89,0.600,0
12.143,6.67,17.89,0.600,0
12.143,6.67,17.86,0.600,0
12.143,6.67,17.86,0.600,0
12.143,6.67,17.86,0.600,0
12.144,6.67,17.86,0.600,0
12.144,6.67,17.82,0.600,0
12.144,6.67,17.82,0.600,0
12.144,6.67,17.82,0.600,0
12.145,6.67,17.82,0.600,0
12.145,6.67,17.79,0.600,0
12.145,6.67,17.79,0.600,0
12.146,6.67,17.79,0.600,0
12.146,6.67,17.76,0.600,0
12.146,6.67,17.76,0.600,0
12.147,6.67,17.76,0.600,0
12.147,6.67,17.73,0.600,0
12.147,6.67,17.73,0.600,0
12.147,6.67,17.73,0.600,0
12.148,6.67,17.73,0.600,0
12.148,6.67,17.69,0.600,0
12.148,6.67,17.69,0.600,0
12.148,6.67,17.69,0.600,0
12.149,6.67,17.69,0.600,0
12.149,6.67,17.66,0.600,0
12.149,6.67,17.66,0.600,0
12.149,6.67,17.66,0.600,0
12.150,6.67,17.66,0.600,0
12.150,6.67,17.66,0.600,0
12.150,6.67,17.63,0.600,0
12.150,6.67,17.63,0.600,0
12.151,6.67,17.63,0.600,0
12.151,6.67,17.60,0.600,0
12.151,6.67,17.60,0.600,0
12.151,6.67,17.60,0.600,0
12.152,6.67,17.60,0.600,0
12.152,6.67,17.60,0.600,0
12.152,6.67,17.57,0.600,0
12.153,6.67,17.57,0.600,0
12.153,6.67,17.53,0.600,0
12.153,6.67,17.53,0.600,0
12.153,6.67,17.53,0.600,0
12.154,6.67,17.53,0.600,0
12.154,6.67,17.50,0.600,0
12.154,6.67,17.50,0.600,0
12.155,6.67,17.50,0.600,0
12.155,6.67,17.47,0.600,0
12.155,6.67,17.47,0.600,0
12.155,6.67,17.47,0.600,0
12.156,6.67,17.47,0.600,0
12.156,6.67,17.44,0.600,0
12.156,6.67,17.44,0.600,0
12.156,6.67,17.44,0.600,0
12.157,6.67,17.44,0.600,0
12.157,6.67,17.44,0.600,0
12.157,6.67,17.40,0.600,0
12.157,6.67,17.40,0.600,0
12.158,6.67,17.40,0.600,0
12.158,6.67,17.37,0.600,0
12.158,6.67,17.37,0.600,0
12.158,6.67,17.37,0.600,0
12.159,6.67,17.37,0.600,0
12.159,6.67,17.34,0.600,0
12.159,6.67,17.34,0.600,0
12.160,6.67,17.34,0.600,0
12.160,6.67,17.31,0.600,0
12.161,6.67,17.31,0.600,0
12.161,6.67,17.31,0.600,0
12.161,6.67,17.28,0.600,0
12.162,6.67,17.28,0.600,0
12.162,6.67,17.24,0.600,0
12.162,6.67,17.24,0.600,0
12.163,6.67,17.24,0.600,0
12.163,6.67,17.21,0.600,0
12.163,6.67,17.21,0.600,0
12.163,6.67,17.21,0.600,0
12.164,6.67,17.21,0.600,0
12.164,6.67,17.18,0.600,0
12.164,6.67,17.18,0.600,0
12.164,6.67,17.18,0.600,0
12.165,6.67,17.18,0.600,0
12.165,6.67,17.15,0.600,0
12.165,6.67,17.15,0.600,0
12.166,6.67,17.15,0.600,0
12.166,6.67,17.15,0.600,0
12.166,6.67,17.12,0.600,0
12.166,6.67,17.12,0.600,0
12.167,6.67,17.12,0.600,0
12.167,6.67,17.08,0.600,0
12.167,6.67,17.08,0.600,0
12.167,6.67,17.08,0.600,0
12.168,6.67,17.08,0.600,0
12.168,6.67,17.05,0.600,0
12.168,6.67,17.05,0.600,0
12.169,6.67,17.05,0.600,0
12.169,6.67,17.02,0.600,0
12.170,6.67,17.02,0.600,0
12.170,6.67,16.99,0.600,0
12.170,6.67,16.99,0.600,0
12.171,6.67,16.99,0.600,1
12.171,10.43,16.95,0.600,0
12.171,10.43,16.95,0.600,0
12.172,10.43,16.95,0.600,0
12.172,10.43,16.95,0.600,0
12.172,10.43,16.92,0.600,0
12.172,10.43,16.92,0.600,0
12.172,10.43,16.92,0.600,0
12.173,10.43,16.92,0.600,0
12.173,10.43,16.89,0.600,0
12.173,10.43,16.89,0.600,0
12.174,10.43,16.89,0.600,0
12.174,10.43,16.89,0.600,0
12.174,10.43,16.86,0.600,0
12.175,10.43,16.86,0.600,0
12.175,10.43,16.86,0.600,0
12.175,10.43,16.83,0.600,0
12.175,10.43,16.83,0.600,0
12.176,10.43,16.83,0.600,0
12.176,10.43,16.83,0.600,0
12.176,10.43,16.79,0.600,0
12.176,10.43,16.79,0.600,0
12.176,10.43,16.79,0.600,0
12.177,10.43,16.79,0.600,0
12.177,10.43,16.76,0.600,0
12.177,10.43,16.76,0.600,0
12.177,10.43,16.76,0.600,0
12.178,10.43,16.76,0.600,0
12.178,10.43,16.73,0.600,0
12.178,10.43,16.73,0.600,0
12.178,10.43,16.73,0.600,0
12.179,10.43,16.73,0.600,0
12.179,10.43,16.70,0.600,0
12.179,10.43,16.70,0.600,0
12.179,10.43,16.70,0.600,0
12.180,10.43,16.70,0.600,0
12.180,10.43,16.70,0.600,0
12.180,10.43,16.66,0.600,0
12.180,10.43,16.66,0.600,0
12.181,10.43,16.66,0.600,0
12.181,10.43,16.63,0.600,0
12.181,10.43,16.63,0.600,0
12.182,10.43,16.63,0.600,0
12.182,10.43,16.63,0.600,0
12.182,10.43,16.60,0.600,0
12.182,10.43,16.60,0.600,0
12.183,10.43,16.60,0.600,0
12.183,10.43,16.60,0.600,0
12.183,10.43,16.57,0.600,0
12.183,10.43,16.57,0.600,0
12.183,10.43,16.57,0.600,0
12.184,10.43,16.57,0.600,0
12.184,10.43,16.53,0.600,0
12.184,10.43,16.53,0.600,0
12.184,10.43,16.53,0.600,0
12.185,10.43,16.53,0.600,0
12.185,10.43,16.50,0.600,0
12.185,10.43,16.50,0.600,0
12.185,10.43,16.50,0.600,0
12.186,10.43,16.50,0.600,0
12.186,10.43,16.47,0.600,0
12.186,10.43,16.47,0.600,0
12.186,10.43,16.47,0.600,0
12.187,10.43,16.47,0.600,0
12.187,10.43,16.47,0.600,0
12.187,10.43,16.44,0.600,0
12.188,10.43,16.44,0.600,0
12.188,10.43,16.44,0.600,0
12.188,10.43,16.41,0.600,0
12.188,10.43,16.41,0.600,0
12.189,10.43,16.41,0.600,0
12.189,10.43,16.41,0.600,0
12.189,10.43,16.37,0.600,0
12.189,10.43,16.37,0.600,0
12.190,10.43,16.37,0.600,0
12.190,10.43,16.37,0.600,0
12.190,10.43,16.34,0.600,0
12.190,10.43,16.34,0.600,0
12.190,10.43,16.34,0.600,0
12.191,10.43,16.34,0.600,0
12.191,10.43,16.31,0.600,0
12.191,10.43,16.31,0.600,0
12.191,10.43,16.31,0.600,0
12.192,10.43,16.31,0.600,0
12.192,10.43,16.28,0.600,0
12.192,10.43,16.28,0.600,0
12.192,10.43,16.28,0.600,0
12.193,10.43,16.28,0.600,0
12.193,10.43,16.24,0.600,0
12.193,10.43,16.24,0.600,0
12.193,10.43,16.24,0.600,0
12.194,10.43,16.24,0.600,0
12.194,10.43,16.21,0.600,0
12.194,10.43,16.21,0.600,0
12.194,10.43,16.21,0.600,0
12.195,10.43,16.21,0.600,0
12.195,10.43,16.18,0.600,0
12.195,10.43,16.18,0.600,0
12.195,10.43,16.18,0.600,0
12.196,10.43,16.18,0.600,0
12.196,10.43,16.15,0.600,0
12.196,10.43,16.15,0.600,0
12.196,10.43,16.15,0.600,0
12.197,10.43,16.15,0.600,0
12.197,10.43,16.11,0.600,0
12.197,10.43,16.11,0.600,0
12.197,10.43,16.11,0.600,0
12.198,10.43,16.11,0.600,0
12.198,10.43,16.11,0.600,0
12.198,10.43,16.08,0.600,0
12.198,10.43,16.08,0.600,0
12.198,10.43,16.08,0.600,0
12.199,10.43,16.08,0.600,0
12.199,10.43,16.05,0.600,0
12.199,10.43,16.05,0.600,0
12.199,10.43,16.05,0.600,0
12.200,10.43,16.05,0.600,0
12.200,10.43,16.02,0.600,0
12.200,10.43,16.02,0.600,0
12.200,10.43,16.02,0.600,0
12.201,10.43,16.02,0.600,0
12.201,10.43,15.99,0.600,0
12.201,10.43,15.99,0.600,0
12.202,10.43,15.99,0.600,0
12.202,10.43,15.99,0.600,0
12.202,10.43,15.96,0.600,0
12.203,10.43,15.96,0.600,0
12.203,10.43,15.96,0.600,0
12.203,10.43,15.92,0.600,0
12.203,10.43,15.92,0.600,0
12.204,10.43,15.92,0.600,0
12.204,10.43,15.92,0.600,0
12.204,10.43,15.89,0.600,0
12.204,10.43,15.89,0.600,0
12.204,10.43,15.89,0.600,0
12.205,10.43,15.89,0.600,0
12.205,10.43,15.86,0.600,0
12.205,10.43,15.86,0.600,0
12.205,10.43,15.86,0.600,0
12.206,10.43,15.86,0.600,0
12.206,10.43,15.83,0.600,0
12.206,10.43,15.83,0.600,0
12.206,10.43,15.83,0.600,0
12.207,10.43,15.83,0.600,0
12.207,10.43,15.83,0.600,0
12.207,10.43,15.79,0.600,0
12.207,10.43,15.79,0.600,0
12.208,10.43,15.79,0.600,0
12.208,10.43,15.79,0.600,0
12.208,10.43,15.76,0.600,0
12.208,10.43,15.76,0.600,0
12.208,10.43,15.76,0.600,0
12.209,10.43,15.76,0.600,0
12.209,10.43,15.73,0.600,0
12.209,10.43,15.73,0.600,0
12.210,10.43,15.73,0.600,0
12.210,10.43,15.70,0.600,0
12.210,10.43,15.70,0.600,0
12.210,10.43,15.70,0.600,0
12.211,10.43,15.70,0.600,0
12.211,10.43,15.66,0.600,0
12.211,10.43,15.66,0.600,0
12.212,10.43,15.66,0.600,0
12.212,10.43,15.66,0.600,0
12.212,10.43,15.63,0.600,0
12.212,10.43,15.63,0.600,0
12.212,10.43,15.63,0.600,0
12.213,10.43,15.63,0.600,0
12.213,10.43,15.60,0.600,0
12.213,10.43,15.60,0.600,0
12.213,10.43,15.60,0.600,0
12.214,10.43,15.60,0.600,0
12.214,10.43,15.60,0.600,0
12.214,10.43,15.57,0.600,0
12.214,10.43,15.57,0.600,0
12.215,10.43,15.57,0.600,0
12.215,10.43,15.54,0.600,0
12.215,10.43,15.54,0.600,0
12.215,10.43,15.54,0.600,0
12.216,10.43,15.54,0.600,0
12.216,10.43,15.50,0.600,0
12.216,10.43,15.50,0.600,0
12.216,10.43,15.50,0.600,0
12.217,10.43,15.50,0.600,0
12.217,10.43,15.47,0.600,0
12.217,10.43,15.47,0.600,0
12.217,10.43,15.47,0.600,0
12.218,10.43,15.47,0.600,0
12.218,10.43,15.44,0.600,0
12.218,10.43,15.44,0.600,0
12.218,10.43,15.44,0.600,0
12.218,10.43,15.44,0.600,0
12.219,10.43,15.44,0.600,0
12.219,10.43,15.41,0.600,0
12.219,10.43,15.41,0.600,0
12.219,10.43,15.41,0.600,0
12.220,10.43,15.41,0.600,0
12.220,10.43,15.37,0.600,0
12.220,10.43,15.37,0.600,0
12.220,10.43,15.37,0.600,0
12.221,10.43,15.37,0.600,0
12.221,10.43,15.37,0.600,0
12.221,10.43,15.34,0.600,0
12.221,10.43,15.34,0.600,0
12.222,10.43,15.34,0.600,0
12.222,10.43,15.34,0.600,0
12.222,10.43,15.31,0.600,0
12.222,10.43,15.31,0.600,0
12.223,10.43,15.31,0.600,0
12.223,10.43,15.28,0.600,0
12.223,10.43,15.28,0.600,0
12.224,10.43,15.28,0.600,0
12.224,10.43,15.28,0.600,0
12.224,10.43,15.24,0.600,0
12.224,10.43,15.24,0.600,0
12.224,10.43,15.24,0.600,0
12.225,10.43,15.24,0.600,0
12.225,10.43,15.21,0.600,0
12.225,10.43,15.21,0.600,0
12.225,10.43,15.21,0.600,0
12.226,10.43,15.21,0.600,0
12.226,10.43,15.21,0.600,0
12.226,10.43,15.18,0.600,0
12.226,10.43,15.18,0.600,0
12.227,10.43,15.18,0.600,0
12.227,10.43,15.18,0.600,0
12.227,10.43,15.15,0.600,0
12.227,10.43,15.15,0.600,0
12.227,10.43,15.15,0.600,0
12.228,10.43,15.15,0.600,0
12.228,10.43,15.15,0.600,0
12.228,10.43,15.11,0.600,0
12.228,10.43,15.11,0.600,0
12.229,10.43,15.11,0.600,0
12.229,10.43,15.08,0.600,0
12.229,10.43,15.08,0.600,0
12.229,10.43,15.08,0.600,0
12.230,10.43,15.08,0.600,0
12.230,10.43,15.05,0.600,0
12.230,10.43,15.05,0.600,0
12.231,10.43,15.05,0.600,0
12.231,10.43,15.02,0.600,0
12.231,10.43,15.02,0.600,0
12.231,10.43,15.02,0.600,0
12.232,10.43,15.02,0.600,0
12.232,10.43,15.02,0.600,0
12.232,10.43,14.99,0.600,0
12.232,10.43,14.99,0.600,0
12.232,10.43,14.99,0.600,0
12.233,10.43,14.99,0.600,0
12.233,10.43,14.95,0.600,0
12.233,10.43,14.95,0.600,0
12.233,10.43,14.95,0.600,0
12.234,10.43,14.95,0.600,0
12.234,10.43,14.92,0.600,0
12.234,10.43,14.92,0.600,0
12.234,10.43,14.92,0.600,0
12.235,10.43,14.92,0.600,0
12.235,10.43,14.89,0.600,0
12.235,10.43,14.89,0.600,0
12.235,10.43,14.89,0.600,0
12.236,10.43,14.89,0.600,0
12.236,10.43,14.86,0.600,0
12.236,10.43,14.86,0.600,0
12.237,10.43,14.86,0.600,0
12.237,10.43,14.86,0.600,0
12.237,10.43,14.83,0.600,0
12.237,10.43,14.83,0.600,0
12.238,10.43,14.83,0.600,0
12.238,10.43,14.79,0.600,0
12.238,10.43,14.79,0.600,0
12.238,10.43,14.79,0.600,0
12.238,10.43,14.79,0.600,0
12.239,10.43,14.79,0.600,0
12.239,10.43,14.76,0.600,0
12.239,10.43,14.76,0.600,0
12.239,10.43,14.76,0.600,0
12.240,10.43,14.76,0.600,0
12.240,10.43,14.76,0.600,0
12.240,10.43,14.73,0.600,0
12.240,10.43,14.73,0.600,0
12.241,10.43,14.73,0.600,0
12.241,10.43,14.70,0.600,0
12.241,10.43,14.70,0.600,0
12.241,10.43,14.70,0.600,0
12.241,10.43,14.70,0.600,0
12.242,10.43,14.70,0.600,0
12.242,10.43,14.67,0.600,0
12.242,10.43,14.67,0.600,0
12.242,10.43,14.67,0.600,0
12.243,10.43,14.67,0.600,0
12.243,10.43,14.63,0.600,0
12.243,10.43,14.63,0.600,0
12.243,10.43,14.63,0.600,0
12.244,10.43,14.63,0.600,0
12.244,10.43,14.60,0.600,0
12.244,10.43,14.60,0.600,0
12.244,10.43,14.60,0.600,0
12.245,10.43,14.60,0.600,0
12.245,10.43,14.57,0.600,0
12.245,10.43,14.57,0.600,0
12.245,10.43,14.57,0.600,0
12.246,10.43,14.57,0.600,0
12.246,10.43,14.54,0.600,0
12.246,10.43,14.54,0.600,0
12.246,10.43,14.54,0.600,0
12.246,10.43,14.54,0.600,0
12.247,10.43,14.54,0.600,0
12.247,10.43,14.50,0.600,0
12.247,10.43,14.50,0.600,0
12.247,10.43,14.50,0.600,0
12.248,10.43,14.50,0.600,0
12.248,10.43,14.47,0.600,0
12.248,10.43,14.47,0.600,0
12.248,10.43,14.47,0.600,0
12.249,10.43,14.47,0.600,0
12.249,10.43,14.44,0.600,0
12.249,10.43,14.44,0.600,0
12.249,10.43,14.44,0.600,0
12.250,10.43,14.44,0.600,0
12.250,10.43,14.41,0.600,0
12.250,10.43,14.41,0.600,0
12.250,10.43,14.41,0.600,0
12.251,10.43,14.41,0.600,0
12.251,10.43,14.37,0.600,0
12.251,10.43,14.37,0.600,0
12.251,10.43,14.37,0.600,0
12.252,10.43,14.37,0.600,0
12.252,10.43,14.34,0.600,0
12.252,10.43,14.34,0.600,0
12.252,10.43,14.34,0.600,0
12.253,10.43,14.34,0.600,0
12.253,10.43,14.31,0.600,0
12.253,10.43,14.31,0.600,0
12.253,10.43,14.31,0.600,0
12.254,10.43,14.31,0.600,0
12.254,10.43,14.28,0.600,0
12.254,10.43,14.28,0.600,0
12.254,10.43,14.28,0.600,0
12.255,10.43,14.28,0.600,0
12.255,10.43,14.28,0.600,0
12.255,10.43,14.24,0.600,0
12.255,10.43,14.24,0.600,0
12.255,10.43,14.24,0.600,0
12.256,10.43,14.24,0.600,0
12.256,10.43,14.21,0.600,0
12.256,10.43,14.21,0.600,0
12.256,10.43,14.21,0.600,0
12.257,10.43,14.21,0.600,0
12.257,10.43,14.18,0.600,0
12.257,10.43,14.18,0.600,0
12.257,10.43,14.18,0.600,0
12.258,10.43,14.18,0.600,0
12.258,10.43,14.15,0.600,0
12.258,10.43,14.15,0.600,0
12.259,10.43,14.15,0.600,0
12.259,10.43,14.11,0.600,0
12.259,10.43,14.11,0.600,0
12.260,10.43,14.11,0.600,0
12.260,10.43,14.11,0.600,0
12.260,10.43,14.08,0.600,0
12.260,10.43,14.08,0.600,0
12.260,10.43,14.08,0.600,0
12.261,10.43,14.08,0.600,0
12.261,10.43,14.05,0.600,0
12.261,10.43,14.05,0.600,0
12.262,10.43,14.05,0.600,0
12.262,10.43,14.05,0.600,0
12.262,10.43,14.02,0.600,0
12.262,10.43,14.02,0.600,0
12.263,10.43,14.02,0.600,0
12.263,10.43,14.02,0.600,0
12.263,10.43,13.99,0.600,0
12.263,10.43,13.99,0.600,0
12.264,10.43,13.99,0.600,0
12.264,10.43,13.95,0.600,0
12.264,10.43,13.95,0.600,0
12.265,10.43,13.95,0.600,0
12.265,10.43,13.92,0.600,0
12.265,10.43,13.92,0.600,0
12.266,10.43,13.92,0.600,0
12.266,10.43,13.89,0.600,0
12.266,10.43,13.89,0.600,0
12.266,10.43,13.89,0.600,0
12.267,10.43,13.89,0.600,0
12.267,10.43,13.86,0.600,0
12.267,10.43,13.86,0.600,0
12.267,10.43,13.86,0.600,0
12.268,10.43,13.86,0.600,0
12.268,10.43,13.82,0.600,0
12.268,10.43,13.82,0.600,0
12.268,10.43,13.82,0.600,0
12.269,10.43,13.82,0.600,0
12.269,10.43,13.79,0.600,0
12.269,10.43,13.79,0.600,0
12.270,10.43,13.79,0.600,0
12.270,10.43,13.79,0.600,0
12.270,10.43,13.76,0.600,0
12.271,10.43,13.76,0.600,0
12.271,10.43,13.73,0.600,0
12.271,10.43,13.73,0.600,0
12.272,10.43,13.73,0.600,0
12.272,10.43,13.70,0.600,0
12.272,10.43,13.70,0.600,0
12.273,10.43,13.70,0.600,0
12.273,10.43,13.70,0.600,0
12.273,10.43,13.67,0.600,0
12.273,10.43,13.67,0.600,0
12.274,10.43,13.67,0.600,0
12.274,10.43,13.67,0.600,0
12.274,10.43,13.63,0.600,0
12.274,10.43,13.63,0.600,0
12.275,10.43,13.63,0.600,0
12.275,10.43,13.60,0.600,0
12.275,10.43,13.60,0.600,0
12.275,10.43,13.60,0.600,0
12.276,10.43,13.60,0.600,0
12.276,10.43,13.57,0.600,0
12.276,10.43,13.57,0.600,0
12.276,10.43,13.57,0.600,0
12.277,10.43,13.57,0.600,0
12.277,10.43,13.54,0.600,0
12.277,10.43,13.54,0.600,0
12.278,10.43,13.54,0.600,0
12.278,10.43,13.54,0.600,0
12.278,10.43,13.50,0.600,0
12.278,10.43,13.50,0.600,0
12.279,10.43,13.50,0.600,0
12.279,10.43,13.47,0.600,0
12.279,10.43,13.47,0.600,0
12.279,10.43,13.47,0.600,0
12.280,10.43,13.47,0.600,0
12.280,10.43,13.44,0.600,0
12.280,10.43,13.44,0.600,0
12.280,10.43,13.44,0.600,0
12.281,10.43,13.44,0.600,0
12.281,10.43,13.41,0.600,0
12.281,10.43,13.41,0.600,0
12.281,10.43,13.41,0.600,0
12.282,10.43,13.41,0.600,0
12.282,10.43,13.37,0.600,0
12.282,10.43,13.37,0.600,0
12.282,10.43,13.37,0.600,0
12.283,10.43,13.37,0.600,0
12.283,10.43,13.37,0.600,0
12.283,10.43,13.34,0.600,0
12.283,10.43,13.34,0.600,0
12.284,10.43,13.34,0.600,0
12.284,10.43,13.31,0.600,0
12.284,10.43,13.31,0.600,0
12.285,10.43,13.31,0.600,0
12.285,10.43,13.31,0.600,0
12.285,10.43,13.28,0.600,0
12.286,10.43,13.28,0.600,0
12.286,10.43,13.28,0.600,0
12.286,10.43,13.24,0.600,0
12.286,10.43,13.24,0.600,0
12.287,10.43,13.24,0.600,0
12.287,10.43,13.21,0.600,0
12.287,10.43,13.21,0.600,0
12.287,10.43,13.21,0.600,0
12.288,10.43,13.21,0.600,0
12.288,10.43,13.21,0.600,0
12.288,10.43,13.18,0.600,0
12.288,10.43,13.18,0.600,0
12.289,10.43,13.18,0.600,0
12.289,10.43,13.18,0.600,0
12.289,10.43,13.15,0.600,0
12.289,10.43,13.15,0.600,0
12.290,10.43,13.15,0.600,0
12.290,10.43,13.12,0.600,0
12.290,10.43,13.12,0.600,0
12.290,10.43,13.12,0.600,0
12.291,10.43,13.12,0.600,0
12.291,10.43,13.08,0.600,0
12.291,10.43,13.08,0.600,0
12.292,10.43,13.08,0.600,0
12.292,10.43,13.05,0.600,0
12.292,10.43,13.05,0.600,0
12.293,10.43,13.05,0.600,0
12.293,10.43,13.02,0.600,0
12.293,10.43,13.02,0.600,0
12.294,10.43,13.02,0.600,0
12.294,10.43,13.02,0.600,0
12.294,10.43,12.99,0.600,0
12.294,10.43,12.99,0.600,0
12.295,10.43,12.99,0.600,0
12.295,10.43,12.99,0.600,0
12.295,10.43,12.95,0.600,0
12.295,10.43,12.95,0.600,0
12.296,10.43,12.95,0.600,0
12.296,10.43,12.95,0.600,0
12.296,10.43,12.92,0.600,0
12.296,10.43,12.92,0.600,0
12.297,10.43,12.92,0.600,0
12.297,10.43,12.92,0.600,0
12.297,10.43,12.89,0.600,0
12.297,10.43,12.89,0.600,0
12.298,10.43,12.89,0.600,0
12.298,10.43,12.86,0.600,0
12.298,10.43,12.86,0.600,0
12.299,10.43,12.86,0.600,0
12.299,10.43,12.82,0.600,0
12.299,10.43,12.82,0.600,0
12.300,10.43,12.82,0.600,0
12.300,10.43,12.79,0.600,0
12.300,10.43,12.79,0.600,0
12.301,10.43,12.79,0.600,0
12.301,10.43,12.79,0.600,0
12.301,10.43,12.76,0.600,0
12.301,10.43,12.76,0.600,0
12.302,10.43,12.76,0.600,0
12.302,10.43,12.73,0.600,0
12.302,10.43,12.73,0.600,0
12.302,10.43,12.73,0.600,0
12.303,10.43,12.73,0.600,0
12.303,10.43,12.69,0.600,0
12.303,10.43,12.69,0.600,0
12.304,10.43,12.69,0.600,0
12.304,10.43,12.69,0.600,0
12.304,10.43,12.66,0.600,0
12.304,10.43,12.66,0.600,0
12.305,10.43,12.66,0.600,0
12.305,10.43,12.63,0.600,0
12.305,10.43,12.63,0.600,0
12.306,10.43,12.63,0.600,0
12.306,10.43,12.63,0.600,0
12.306,10.43,12.60,0.600,0
12.307,10.43,12.60,0.600,0
12.307,10.43,12.60,0.600,0
12.307,10.43,12.57,0.600,0
12.307,10.43,12.57,0.600,0
12.308,10.43,12.57,0.600,0
12.308,10.43,12.57,0.600,0
12.308,10.43,12.54,0.600,0
12.308,10.43,12.54,0.600,0
12.309,10.43,12.54,0.600,0
12.309,10.43,12.54,0.600,0
12.309,10.43,12.50,0.600,0
12.309,10.43,12.50,0.600,0
12.310,10.43,12.50,0.600,0
12.310,10.43,12.50,0.600,0
12.310,10.43,12.47,0.600,0
12.310,10.43,12.47,0.600,0
12.311,10.43,12.47,0.600,0
12.311,10.43,12.47,0.600,0
12.311,10.43,12.44,0.600,0
12.311,10.43,12.44,0.600,0
12.312,10.43,12.44,0.600,0
12.312,10.43,12.44,0.600,0
12.312,10.43,12.41,0.600,0
12.312,10.43,12.41,0.600,0
12.313,10.43,12.41,0.600,0
12.313,10.43,12.41,0.600,0
12.313,10.43,12.37,0.600,0
12.313,10.43,12.37,0.600,0
12.314,10.43,12.37,0.600,0
12.314,10.43,12.34,0.600,0
12.314,10.43,12.34,0.600,0
12.314,10.43,12.34,0.600,0
12.315,10.43,12.34,0.600,0
12.315,10.43,12.31,0.600,0
12.315,10.43,12.31,0.600,0
12.315,10.43,12.31,0.600,0
12.316,10.43,12.31,0.600,0
12.316,10.43,12.31,0.600,0
12.316,10.43,12.28,0.600,0
12.317,10.43,12.28,0.600,0
12.317,10.43,12.28,0.600,0
12.317,10.43,12.24,0.600,0
12.317,10.43,12.24,0.600,0
12.318,10.43,12.24,0.600,0
12.318,10.43,12.24,0.600,0
12.318,10.43,12.21,0.600,0
12.318,10.43,12.21,0.600,0
12.319,10.43,12.21,0.600,0
12.319,10.43,12.21,0.600,0
12.319,10.43,12.18,0.600,0
12.319,10.43,12.18,0.600,0
12.320,10.43,12.18,0.600,0
12.320,10.43,12.15,0.600,0
12.320,10.43,12.15,0.600,0
12.321,10.43,12.15,0.600,0
12.321,10.43,12.11,0.600,0
12.321,10.43,12.11,0.600,0
12.322,10.43,12.11,0.600,0
12.322,10.43,12.11,0.600,0
12.322,10.43,12.08,0.600,0
12.322,10.43,12.08,0.600,0
12.323,10.43,12.08,0.600,0
12.323,10.43,12.08,0.600,0
12.323,10.43,12.05,0.600,0
12.323,10.43,12.05,0.600,0
12.324,10.43,12.05,0.600,0
12.324,10.43,12.05,0.600,0
12.324,10.43,12.02,0.600,0
12.324,10.43,12.02,0.600,0
12.325,10.43,12.02,0.600,0
12.325,10.43,12.02,0.600,0
12.325,10.43,11.98,0.600,0
12.325,10.43,11.98,0.600,0
12.326,10.43,11.98,0.600,0
12.326,10.43,11.98,0.600,0
12.326,10.43,11.95,0.600,0
12.326,10.43,11.95,0.600,0
12.327,10.43,11.95,0.600,0
12.327,10.43,11.95,0.600,0
12.327,10.43,11.92,0.600,0
12.327,10.43,11.92,0.600,0
12.328,10.43,11.92,0.600,0
12.328,10.43,11.89,0.600,0
12.328,10.43,11.89,0.600,0
12.329,10.43,11.89,0.600,0
12.329,10.43,11.89,0.600,0
12.329,10.43,11.85,0.600,0
12.329,10.43,11.85,0.600,0
12.330,10.43,11.85,0.600,0
12.330,10.43,11.85,0.600,0
12.330,10.43,11.82,0.600,0
12.330,10.43,11.82,0.600,0
12.331,10.43,11.82,0.600,0
12.331,10.43,11.82,0.600,0
12.331,10.43,11.79,0.600,0
12.331,10.43,11.79,0.600,0
12.332,10.43,11.79,0.600,0
12.332,10.43,11.76,0.600,0
12.332,10.43,11.76,0.600,0
12.333,10.43,11.76,0.600,0
12.333,10.43,11.73,0.600,0
12.333,10.43,11.73,0.600,0
12.334,10.43,11.73,0.600,0
12.334,10.43,11.73,0.600,0
12.334,10.43,11.69,0.600,0
12.335,10.43,11.69,0.600,0
12.335,10.43,11.69,0.600,0
12.335,10.43,11.66,0.600,0
12.335,10.43,11.66,0.600,0
12.336,10.43,11.66,0.600,0
12.336,10.43,11.66,0.600,0
12.336,10.43,11.63,0.600,0
12.336,10.43,11.63,0.600,0
12.337,10.43,11.63,0.600,0
12.337,10.43,11.63,0.600,0
12.337,10.43,11.60,0.600,0
12.337,10.43,11.60,0.600,0
12.338,10.43,11.60,0.600,0
12.338,10.43,11.60,0.600,0
12.338,10.43,11.56,0.600,0
12.338,10.43,11.56,0.600,0
12.338,10.43,11.56,0.600,0
12.339,10.43,11.56,0.600,0
12.339,10.43,11.53,0.600,0
12.339,10.43,11.53,0.600,0
12.340,10.43,11.53,0.600,0
12.340,10.43,11.53,0.600,0
12.340,10.43,11.50,0.600,0
12.340,10.43,11.50,0.600,0
12.341,10.43,11.50,0.600,0
12.341,10.43,11.50,0.600,0
12.341,10.43,11.47,0.600,0
12.341,10.43,11.47,0.600,0
12.342,10.43,11.47,0.600,0
12.342,10.43,11.47,0.600,0
12.342,10.43,11.44,0.600,0
12.342,10.43,11.44,0.600,0
12.343,10.43,11.44,0.600,0
12.343,10.43,11.44,0.600,0
12.343,10.43,11.41,0.600,0
12.343,10.43,11.41,0.600,0
12.344,10.43,11.41,0.600,0
12.344,10.43,11.41,0.600,0
12.344,10.43,11.37,0.600,0
12.344,10.43,11.37,0.600,0
12.345,10.43,11.37,0.600,0
12.345,10.43,11.37,0.600,0
12.345,10.43,11.34,0.600,0
12.345,10.43,11.34,0.600,0
12.346,10.43,11.34,0.600,0
12.346,10.43,11.34,0.600,0
12.346,10.43,11.31,0.600,0
12.346,10.43,11.31,0.600,0
12.347,10.43,11.31,0.600,0
12.347,10.43,11.31,0.600,0
12.347,10.43,11.28,0.600,0
12.348,10.43,11.28,0.600,0
12.348,10.43,11.24,0.600,0
12.348,10.43,11.24,0.600,0
12.349,10.43,11.24,0.600,0
12.349,10.43,11.24,0.600,0
12.349,10.43,11.21,0.600,0
12.349,10.43,11.21,0.600,0
12.350,10.43,11.21,0.600,0
12.350,10.43,11.21,0.600,0
12.350,10.43,11.18,0.600,0
12.350,10.43,11.18,0.600,0
12.351,10.43,11.18,0.600,0
12.351,10.43,11.18,0.600,0
12.351,10.43,11.15,0.600,0
12.351,10.43,11.15,0.600,0
12.352,10.43,11.15,0.600,0
12.352,10.43,11.15,0.600,0
12.352,10.43,11.11,0.600,0
12.352,10.43,11.11,0.600,0
12.353,10.43,11.11,0.600,0
12.353,10.43,11.11,0.600,0
12.353,10.43,11.08,0.600,0
12.353,10.43,11.08,0.600,0
12.354,10.43,11.08,0.600,0
12.354,10.43,11.05,0.600,0
12.354,10.43,11.05,0.600,0
12.355,10.43,11.05,0.600,0
12.355,10.43,11.02,0.600,0
12.355,10.43,11.02,0.600,0
12.356,10.43,11.02,0.600,0
12.356,10.43,10.98,0.600,0
12.356,10.43,10.98,0.600,0
12.356,10.43,10.98,0.600,0
12.357,10.43,10.98,0.600,0
12.357,10.43,10.98,0.600,0
12.357,10.43,10.95,0.600,0
12.357,10.43,10.95,0.600,0
12.358,10.43,10.95,0.600,0
12.358,10.43,10.95,0.600,0
12.358,10.43,10.92,0.600,0
12.358,10.43,10.92,0.600,0
12.359,10.43,10.92,0.600,0
12.359,10.43,10.92,0.600,0
12.359,10.43,10.89,0.600,0
12.359,10.43,10.89,0.600,0
12.360,10.43,10.89,0.600,0
12.360,10.43,10.89,0.600,0
12.360,10.43,10.85,0.600,0
12.360,10.43,10.85,0.600,0
12.361,10.43,10.85,0.600,0
12.361,10.43,10.85,0.600,0
12.361,10.43,10.82,0.600,0
12.361,10.43,10.82,0.600,0
12.362,10.43,10.82,0.600,0
12.362,10.43,10.79,0.600,0
12.362,10.43,10.79,0.600,0
12.363,10.43,10.79,0.600,0
12.363,10.43,10.79,0.600,0
12.363,10.43,10.76,0.600,0
12.363,10.43,10.76,0.600,0
12.364,10.43,10.76,0.600,0
12.364,10.43,10.76,0.600,0
12.364,10.43,10.72,0.600,0
12.364,10.43,10.72,0.600,0
12.365,10.43,10.72,0.600,0
12.365,10.43,10.72,0.600,0
12.365,10.43,10.69,0.600,0
12.365,10.43,10.69,0.600,0
12.366,10.43,10.69,0.600,0
12.366,10.43,10.69,0.600,0
12.366,10.43,10.66,0.600,0
12.366,10.43,10.66,0.600,0
12.367,10.43,10.66,0.600,0
12.367,10.43,10.66,0.600,0
12.367,10.43,10.63,0.600,0
12.367,10.43,10.63,0.600,0
12.368,10.43,10.63,0.600,0
12.368,10.43,10.63,0.600,0
12.368,10.43,10.60,0.600,0
12.369,10.43,10.60,0.600,0
12.369,10.43,10.60,0.600,0
12.369,10.43,10.56,0.600,0
12.369,10.43,10.56,0.600,0
12.370,10.43,10.56,0.600,0
12.370,10.43,10.56,0.600,0
12.370,10.43,10.53,0.600,0
12.371,10.43,10.53,0.600,0
12.371,10.43,10.53,0.600,0
12.371,10.43,10.50,0.600,0
12.371,10.43,10.50,0.600,0
12.372,10.43,10.50,0.600,0
12.372,10.43,10.50,0.600,0
12.372,10.43,10.47,0.600,0
12.372,10.43,10.47,0.600,0
12.373,10.43,10.47,0.600,0
12.373,10.43,10.47,0.600,0
12.373,10.43,10.43,0.600,0
12.373,10.43,10.43,0.600,0
12.374,10.43,10.43,0.600,0
12.374,10.43,10.43,0.600,0
12.374,10.43,10.40,0.600,0
12.374,10.43,10.40,0.600,0
12.375,10.43,10.40,0.600,0
12.375,10.43,10.40,0.600,0
12.375,10.43,10.37,0.600,0
12.376,10.43,10.37,0.600,0
12.376,10.43,10.37,0.600,0
12.376,10.43,10.34,0.600,0
12.376,10.43,10.34,0.600,0
12.377,10.43,10.34,0.600,0
12.377,10.43,10.34,0.600,0
12.377,10.43,10.31,0.600,0
12.377,10.43,10.31,0.600,0
12.377,10.43,10.31,0.600,0
12.378,10.43,10.31,0.600,0
12.378,10.43,10.27,0.600,0
12.378,10.43,10.27,0.600,0
12.378,10.43,10.27,0.600,0
12.379,10.43,10.27,0.600,0
12.379,10.43,10.27,0.600,0
12.379,10.43,10.24,0.600,0
12.379,10.43,10.24,0.600,0
12.380,10.43,10.24,0.600,0
12.380,10.43,10.24,0.600,0
12.380,10.43,10.21,0.600,0
12.380,10.43,10.21,0.600,0
12.381,10.43,10.21,0.600,0
12.381,10.43,10.21,0.600,0
12.381,10.43,10.18,0.600,0
12.381,10.43,10.18,0.600,0
12.382,10.43,10.18,0.600,0
12.382,10.43,10.18,0.600,0
12.382,10.43,10.15,0.600,0
12.383,10.43,10.15,0.600,0
12.383,10.43,10.15,0.600,0
12.383,10.43,10.11,0.600,0
12.383,10.43,10.11,0.600,0
12.384,10.43,10.11,0.600,0
12.384,10.43,10.11,0.600,0
12.384,10.43,10.08,0.600,0
12.384,10.43,10.08,0.600,0
12.385,10.43,10.08,0.600,0
12.385,10.43,10.08,0.600,0
12.385,10.43,10.05,0.600,0
12.385,10.43,10.05,0.600,0
12.386,10.43,10.05,0.600,0
12.386,10.43,10.02,0.600,0
12.386,10.43,10.02,0.600,0
12.387,10.43,10.02,0.600,0
12.387,10.43,9.98,0.600,0
12.388,10.43,9.98,0.600,0
12.388,10.43,9.98,0.600,0
12.388,10.43,9.95,0.600,0
12.388,10.43,9.95,0.600,0
12.389,10.43,9.95,0.600,0
12.389,10.43,9.95,0.600,0
12.389,10.43,9.92,0.600,0
12.390,10.43,9.92,0.600,0
12.390,10.43,9.92,0.600,0
12.390,10.43,9.89,0.600,0
12.390,10.43,9.89,0.600,0
12.391,10.43,9.89,0.600,0
12.391,10.43,9.89,0.600,0
12.391,10.43,9.85,0.600,0
12.392,10.43,9.85,0.600,0
12.392,10.43,9.85,0.600,0
12.392,10.43,9.82,0.600,0
12.392,10.43,9.82,0.600,0
12.393,10.43,9.82,0.600,0
12.393,10.43,9.82,0.600,0
12.393,10.43,9.82,0.600,0
12.393,10.43,9.79,0.600,0
12.393,10.43,9.79,0.600,0
12.394,10.43,9.79,0.600,0
12.394,10.43,9.79,0.600,0
12.394,10.43,9.76,0.600,0
12.394,10.43,9.76,0.600,0
12.395,10.43,9.76,0.600,0
12.395,10.43,9.76,0.600,0
12.395,10.43,9.72,0.600,0
12.396,10.43,9.72,0.600,0
12.396,10.43,9.72,0.600,0
12.396,10.43,9.69,0.600,0
12.396,10.43,9.69,0.600,0
12.397,10.43,9.69,0.600,0
12.397,10.43,9.69,0.600,0
12.397,10.43,9.66,0.600,0
12.397,10.43,9.66,0.600,0
12.398,10.43,9.66,0.600,0
12.398,10.43,9.63,0.600,0
12.398,10.43,9.63,0.600,0
12.399,10.43,9.63,0.600,0
12.399,10.43,9.63,0.600,0
12.399,10.43,9.59,0.600,0
12.400,10.43,9.59,0.600,0
12.400,10.43,9.59,0.600,0
12.400,10.43,9.56,0.600,0
12.400,10.43,9.56,0.600,0
12.401,10.43,9.56,0.600,0
12.401,10.43,9.56,0.600,0
12.401,10.43,9.53,0.600,0
12.401,10.43,9.53,0.600,0
12.402,10.43,9.53,0.600,0
12.402,10.43,9.53,0.600,0
12.403,10.43,9.50,0.600,0
12.403,10.43,9.50,0.600,0
12.403,10.43,9.46,0.600,0
12.403,10.43,9.46,0.600,0
12.404,10.43,9.46,0.600,0
12.404,10.43,9.46,0.600,0
12.404,10.43,9.43,0.600,0
12.404,10.43,9.43,0.600,0
12.405,10.43,9.43,0.600,0
12.405,10.43,9.43,0.600,0
12.405,10.43,9.40,0.600,0
12.405,10.43,9.40,0.600,0
12.406,10.43,9.40,0.600,0
12.406,10.43,9.40,0.600,0
12.406,10.43,9.37,0.600,0
12.407,10.43,9.37,0.600,0
12.407,10.43,9.37,0.600,0
12.407,10.43,9.37,0.600,0
12.407,10.43,9.33,0.600,0
12.408,10.43,9.33,0.600,0
12.408,10.43,9.33,0.600,0
12.408,10.43,9.30,0.600,0
12.408,10.43,9.30,0.600,0
12.409,10.43,9.30,0.600,0
12.409,10.43,9.30,0.600,0
12.409,10.43,9.27,0.600,0
12.409,10.43,9.27,0.600,0
12.410,10.43,9.27,0.600,0
12.410,10.43,9.27,0.600,0
12.410,10.43,9.24,0.600,0
12.410,10.43,9.24,0.600,0
12.411,10.43,9.24,0.600,0
12.411,10.43,9.24,0.600,0
12.411,10.43,9.20,0.600,0
12.412,10.43,9.20,0.600,0
12.412,10.43,9.20,0.600,0
12.412,10.43,9.17,0.600,0
12.412,10.43,9.17,0.600,0
12.412,10.43,9.17,0.600,0
12.413,10.43,9.17,0.600,0
12.413,10.43,9.14,0.600,0
12.413,10.43,9.14,0.600,0
12.414,10.43,9.14,0.600,0
12.414,10.43,9.14,0.600,0
12.414,10.43,9.11,0.600,0
12.414,10.43,9.11,0.600,0
12.415,10.43,9.11,0.600,0
12.415,10.43,9.11,0.600,0
12.415,10.43,9.07,0.600,0
12.415,10.43,9.07,0.600,0
12.416,10.43,9.07,0.600,0
12.416,10.43,9.07,0.600,0
12.416,10.43,9.04,0.600,0
12.417,10.43,9.04,0.600,0
12.417,10.43,9.04,0.600,0
12.417,10.43,9.01,0.600,0
12.417,10.43,9.01,0.600,0
12.418,10.43,9.01,0.600,0
12.418,10.43,9.01,0.600,0
12.418,10.43,8.98,0.600,0
12.418,10.43,8.98,0.600,0
12.419,10.43,8.98,0.600,0
12.419,10.43,8.98,0.600,0
12.419,10.43,8.94,0.600,0
12.419,10.43,8.94,0.600,0
12.420,10.43,8.94,0.600,0
12.420,10.43,8.94,0.600,0
12.420,10.43,8.91,0.600,0
12.420,10.43,8.91,0.600,0
12.421,10.43,8.91,0.600,0
12.421,10.43,8.91,0.600,0
12.421,10.43,8.88,0.600,0
12.421,10.43,8.88,0.600,0
12.422,10.43,8.88,0.600,0
12.422,10.43,8.88,0.600,0
12.422,10.43,8.85,0.600,0
12.423,10.43,8.85,0.600,0
12.423,10.43,8.85,0.600,0
12.423,10.43,8.82,0.600,0
12.423,10.43,8.82,0.600,0
12.424,10.43,8.82,0.600,0
12.424,10.43,8.82,0.600,0
12.424,10.43,8.79,0.600,0
12.424,10.43,8.79,0.600,0
12.425,10.43,8.79,0.600,0
12.425,10.43,8.79,0.600,0
12.425,10.43,8.75,0.600,0
12.425,10.43,8.75,0.600,0
12.426,10.43,8.75,0.600,0
12.426,10.43,8.75,0.600,0
12.426,10.43,8.72,0.600,0
12.426,10.43,8.72,0.600,0
12.427,10.43,8.72,0.600,0
12.427,10.43,8.72,0.600,0
12.427,10.43,8.69,0.600,0
12.427,10.43,8.69,0.600,0
12.428,10.43,8.69,0.600,0
12.428,10.43,8.69,0.600,0
12.428,10.43,8.66,0.600,0
12.429,10.43,8.66,0.600,0
12.429,10.43,8.66,0.600,0
12.429,10.43,8.63,0.600,0
12.429,10.43,8.63,0.600,0
12.430,10.43,8.63,0.600,0
12.430,10.43,8.63,0.600,0
12.430,10.43,8.59,0.600,0
12.431,10.43,8.59,0.600,0
12.431,10.43,8.59,0.600,0
12.431,10.43,8.56,0.600,0
12.431,10.43,8.56,0.600,0
12.432,10.43,8.56,0.600,0
12.432,10.43,8.56,0.600,0
12.432,10.43,8.53,0.600,0
12.432,10.43,8.53,0.600,0
12.433,10.43,8.53,0.600,0
12.433,10.43,8.53,0.600,0
12.433,10.43,8.50,0.600,0
12.433,10.43,8.50,0.600,0
12.434,10.43,8.50,0.600,0
12.434,10.43,8.50,0.600,0
12.434,10.43,8.46,0.600,0
12.434,10.43,8.46,0.600,0
12.435,10.43,8.46,0.600,0
12.435,10.43,8.43,0.600,0
12.436,10.43,8.43,0.600,0
12.436,10.43,8.43,0.600,0
12.436,10.43,8.40,0.600,0
12.436,10.43,8.40,0.600,0
12.437,10.43,8.40,0.600,0
12.437,10.43,8.37,0.600,0
12.437,10.43,8.37,0.600,0
12.437,10.43,8.37,0.600,0
12.438,10.43,8.37,0.600,0
12.438,10.43,8.33,0.600,0
12.438,10.43,8.33,0.600,0
12.439,10.43,8.33,0.600,0
12.439,10.43,8.33,0.600,0
12.439,10.43,8.30,0.600,0
12.439,10.43,8.30,0.600,0
12.440,10.43,8.30,0.600,0
12.440,10.43,8.30,0.600,0
12.440,10.43,8.27,0.600,0
12.440,10.43,8.27,0.600,0
12.441,10.43,8.27,0.600,0
12.441,10.43,8.27,0.600,0
12.441,10.43,8.24,0.600,0
12.441,10.43,8.24,0.600,0
12.442,10.43,8.24,0.600,0
12.442,10.43,8.24,0.600,0
12.442,10.43,8.20,0.600,0
12.442,10.43,8.20,0.600,0
12.443,10.43,8.20,0.600,0
12.443,10.43,8.20,0.600,0
12.443,10.43,8.17,0.600,0
12.443,10.43,8.17,0.600,0
12.444,10.43,8.17,0.600,0
12.444,10.43,8.14,0.600,0
12.444,10.43,8.14,0.600,0
12.445,10.43,8.14,0.600,0
12.445,10.43,8.14,0.600,0
12.445,10.43,8.11,0.600,0
12.445,10.43,8.11,0.600,0
12.446,10.43,8.11,0.600,0
12.446,10.43,8.11,0.600,0
12.446,10.43,8.07,0.600,0
12.446,10.43,8.07,0.600,0
12.447,10.43,8.07,0.600,0
12.447,10.43,8.07,0.600,0
12.447,10.43,8.04,0.600,0
12.447,10.43,8.04,0.600,0
12.448,10.43,8.04,0.600,0
12.448,10.43,8.04,0.600,0
12.448,10.43,8.01,0.600,0
12.448,10.43,8.01,0.600,0
12.449,10.43,8.01,0.600,0
12.449,10.43,8.01,0.600,0
12.449,10.43,7.98,0.600,0
12.449,10.43,7.98,0.600,0
12.450,10.43,7.98,0.600,0
12.450,10.43,7.98,0.600,0
12.450,10.43,7.94,0.600,0
12.451,10.43,7.94,0.600,0
12.451,10.43,7.94,0.600,0
12.451,10.43,7.91,0.600,0
12.451,10.43,7.91,0.600,0
12.452,10.43,7.91,0.600,0
12.452,10.43,7.91,0.600,0
12.452,10.43,7.88,0.600,0
12.452,10.43,7.88,0.600,0
12.453,10.43,7.88,0.600,0
12.453,10.43,7.88,0.600,0
12.453,10.43,7.85,0.600,0
12.454,10.43,7.85,0.600,0
12.454,10.43,7.85,0.600,0
12.454,10.43,7.81,0.600,0
12.454,10.43,7.81,0.600,0
12.455,10.43,7.81,0.600,0
12.455,10.43,7.81,0.600,0
12.455,10.43,7.78,0.600,0
12.455,10.43,7.78,0.600,0
12.456,10.43,7.78,0.600,0
12.456,10.43,7.78,0.600,0
12.456,10.43,7.75,0.600,0
12.456,10.43,7.75,0.600,0
12.457,10.43,7.75,0.600,0
12.457,10.43,7.75,0.600,0
12.457,10.43,7.72,0.600,0
12.457,10.43,7.72,0.600,0
12.458,10.43,7.72,0.600,0
12.458,10.43,7.68,0.600,0
12.458,10.43,7.68,0.600,0
12.459,10.43,7.68,0.600,0
12.459,10.43,7.68,0.600,0
12.459,10.43,7.65,0.600,0
12.459,10.43,7.65,0.600,0
12.460,10.43,7.65,0.600,0
12.460,10.43,7.65,0.600,0
12.460,10.43,7.62,0.600,0
12.460,10.43,7.62,0.600,0
12.461,10.43,7.62,0.600,0
12.461,10.43,7.62,0.600,0
12.461,10.43,7.59,0.600,0
12.461,10.43,7.59,0.600,0
12.461,10.43,7.59,0.600,0
12.462,10.43,7.59,0.600,0
12.462,10.43,7.59,0.600,0
12.462,10.43,7.55,0.600,0
12.462,10.43,7.55,0.600,0
12.463,10.43,7.55,0.600,0
12.463,10.43,7.55,0.600,0
12.463,10.43,7.52,0.600,0
12.463,10.43,7.52,0.600,0
12.464,10.43,7.52,0.600,0
12.464,10.43,7.52,0.600,0
12.464,10.43,7.49,0.600,0
12.464,10.43,7.49,0.600,0
12.465,10.43,7.49,0.600,0
12.465,10.43,7.46,0.600,0
12.465,10.43,7.46,0.600,0
12.466,10.43,7.46,0.600,0
12.466,10.43,7.46,0.600,0
12.466,10.43,7.42,0.600,0
12.466,10.43,7.42,0.600,0
12.467,10.43,7.42,0.600,0
12.467,10.43,7.39,0.600,0
12.467,10.43,7.39,0.600,0
12.468,10.43,7.39,0.600,0
12.468,10.43,7.39,0.600,0
12.468,10.43,7.36,0.600,0
12.468,10.43,7.36,0.600,0
12.469,10.43,7.36,0.600,0
12.469,10.43,7.36,0.600,0
12.469,10.43,7.36,0.600,0
12.469,10.43,7.33,0.600,0
12.469,10.43,7.33,0.600,0
12.470,10.43,7.33,0.600,0
12.470,10.43,7.33,0.600,0
12.470,10.43,7.29,0.600,0
12.470,10.43,7.29,0.600,0
12.471,10.43,7.29,0.600,0
12.471,10.43,7.26,0.600,0
12.471,10.43,7.26,0.600,0
12.472,10.43,7.26,0.600,0
12.472,10.43,7.26,0.600,0
12.472,10.43,7.23,0.600,0
12.472,10.43,7.23,0.600,0
12.473,10.43,7.23,0.600,0
12.473,10.43,7.20,0.600,0
12.473,10.43,7.20,0.600,0
12.473,10.43,7.20,0.600,0
12.474,10.43,7.20,0.600,0
12.474,10.43,7.20,0.600,0
12.474,10.43,7.17,0.600,0
12.474,10.43,7.17,0.600,0
12.475,10.43,7.17,0.600,0
12.475,10.43,7.17,0.600,0
12.475,10.43,7.14,0.600,0
12.475,10.43,7.14,0.600,0
12.476,10.43,7.14,0.600,0
12.476,10.43,7.14,0.600,0
12.476,10.43,7.10,0.600,0
12.476,10.43,7.10,0.600,0
12.477,10.43,7.10,0.600,0
12.477,10.43,7.10,0.600,0
12.477,10.43,7.10,0.600,0
12.477,10.43,7.07,0.600,0
12.477,10.43,7.07,0.600,0
12.478,10.43,7.07,0.600,0
12.478,10.43,7.07,0.600,0
12.478,10.43,7.04,0.600,0
12.478,10.43,7.04,0.600,0
12.479,10.43,7.04,0.600,0
12.479,10.43,7.01,0.600,0
12.479,10.43,7.01,0.600,0
12.480,10.43,7.01,0.600,0
12.480,10.43,7.01,0.600,0
12.480,10.43,6.98,0.600,0
12.480,10.43,6.98,0.600,0
12.481,10.43,6.98,0.600,0
12.481,10.43,6.98,0.600,0
12.481,10.43,6.94,0.600,0
12.481,10.43,6.94,0.600,0
12.481,10.43,6.94,0.600,0
12.482,10.43,6.94,0.600,0
12.482,10.43,6.94,0.600,0
12.482,10.43,6.91,0.600,0
12.482,10.43,6.91,0.600,0
12.483,10.43,6.91,0.600,0
12.483,10.43,6.91,0.600,0
12.483,10.43,6.88,0.600,0
12.483,10.43,6.88,0.600,0
12.484,10.43,6.88,0.600,0
12.484,10.43,6.88,0.600,0
12.484,10.43,6.85,0.600,0
12.484,10.43,6.85,0.600,0
12.484,10.43,6.85,0.600,0
12.485,10.43,6.85,0.600,0
12.485,10.43,6.85,0.600,0
12.485,10.43,6.81,0.600,0
12.486,10.43,6.81,0.600,0
12.486,10.43,6.81,0.600,0
12.486,10.43,6.78,0.600,0
12.486,10.43,6.78,0.600,0
12.487,10.43,6.78,0.600,0
12.487,10.43,6.78,0.600,0
12.487,10.43,6.75,0.600,0
12.487,10.43,6.75,0.600,0
12.488,10.43,6.75,0.600,0
12.488,10.43,6.75,0.600,0
12.488,10.43,6.72,0.600,0
12.488,10.43,6.72,0.600,0
12.489,10.43,6.72,0.600,0
12.489,10.43,6.72,0.600,0
12.489,10.43,6.68,0.600,0
12.489,10.43,6.68,0.600,0
12.490,10.43,6.68,0.600,0
12.490,10.43,6.68,0.600,0
12.490,10.43,6.65,0.600,0
12.490,10.43,6.65,0.600,0
12.491,10.43,6.65,0.600,0
12.491,10.43,6.65,0.600,0
12.491,10.43,6.62,0.600,0
12.491,10.43,6.62,0.600,0
12.492,10.43,6.62,0.600,0
12.492,10.43,6.59,0.600,0
12.493,10.43,6.59,0.600,0
12.493,10.43,6.59,0.600,0
12.493,10.43,6.55,0.600,0
12.493,10.43,6.55,0.600,0
12.494,10.43,6.55,0.600,0
12.494,10.43,6.52,0.600,0
12.494,10.43,6.52,0.600,0
12.495,10.43,6.52,0.600,0
12.495,10.43,6.52,0.600,0
12.495,10.43,6.49,0.600,0
12.495,10.43,6.49,0.600,0
12.496,10.43,6.49,0.600,0
12.496,10.43,6.49,0.600,0
12.496,10.43,6.46,0.600,0
12.496,10.43,6.46,0.600,0
12.497,10.43,6.46,0.600,0
12.497,10.43,6.46,0.600,0
12.497,10.43,6.42,0.600,0
12.497,10.43,6.42,0.600,0
12.498,10.43,6.42,0.600,0
12.498,10.43,6.42,0.600,0
12.498,10.43,6.39,0.600,0
12.498,10.43,6.39,0.600,0
12.499,10.43,6.39,0.600,0
12.499,10.43,6.39,0.600,0
12.499,10.43,6.36,0.600,0
12.499,10.43,6.36,0.600,0
12.500,10.43,6.36,0.600,0
12.500,10.43,6.36,0.600,0
12.500,10.43,6.33,0.600,0
12.501,10.43,6.33,0.600,0
12.501,10.43,6.33,0.600,0
12.501,10.43,6.29,0.600,0
12.501,10.43,6.29,0.600,0
12.502,10.43,6.29,0.600,0
12.502,10.43,6.29,0.600,0
12.502,10.43,6.26,0.600,0
12.502,10.43,6.26,0.600,0
12.503,10.43,6.26,0.600,0
12.503,10.43,6.26,0.600,0
12.503,10.43,6.23,0.600,0
12.503,10.43,6.23,0.600,0
12.504,10.43,6.23,0.600,0
12.504,10.43,6.23,0.600,0
12.504,10.43,6.20,0.600,0
12.505,10.43,6.20,0.600,0
12.505,10.43,6.20,0.600,0
12.505,10.43,6.16,0.600,0
12.505,10.43,6.16,0.600,0
12.506,10.43,6.16,0.600,0
12.506,10.43,6.16,0.600,0
12.506,10.43,6.13,0.600,0
12.506,10.43,6.13,0.600,0
12.507,10.43,6.13,0.600,0
12.507,10.43,6.13,0.600,0
12.507,10.43,6.10,0.600,0
12.508,10.43,6.10,0.600,0
12.508,10.43,6.10,0.600,0
12.508,10.43,6.07,0.600,0
12.508,10.43,6.07,0.600,0
12.509,10.43,6.07,0.600,0
12.509,10.43,6.07,0.600,0
12.509,10.43,6.07,0.600,0
12.509,10.43,6.03,0.600,0
12.509,10.43,6.03,0.600,0
12.510,10.43,6.03,0.600,0
12.510,10.43,6.00,0.600,0
12.510,10.43,6.00,0.600,0
12.511,10.43,6.00,0.600,0
12.511,10.43,6.00,0.600,0
12.511,10.43,6.00,0.600,0
12.511,10.43,5.97,0.600,0
12.511,10.43,5.97,0.600,0
12.512,10.43,5.97,0.600,0
12.512,10.43,5.97,0.600,0
12.512,10.43,5.94,0.600,0
12.513,10.43,5.94,0.600,0
12.513,10.43,5.94,0.600,0
12.513,10.43,5.90,0.600,0
12.513,10.43,5.90,0.600,0
12.514,10.43,5.90,0.600,0
12.514,10.43,5.90,0.600,0
12.514,10.43,5.87,0.600,0
12.515,10.43,5.87,0.600,0
12.515,10.43,5.87,0.600,0
12.515,10.43,5.84,0.600,0
12.515,10.43,5.84,0.600,0
12.516,10.43,5.84,0.600,0
12.516,10.43,5.84,0.600,0
12.516,10.43,5.81,0.600,0
12.516,10.43,5.81,0.600,0
12.517,10.43,5.81,0.600,0
12.517,10.43,5.81,0.600,0
12.517,10.43,5.77,0.600,0
12.517,10.43,5.77,0.600,0
12.518,10.43,5.77,0.600,0
12.518,10.43,5.77,0.600,0
12.518,10.43,5.74,0.600,0
12.518,10.43,5.74,0.600,0
12.519,10.43,5.74,0.600,0
12.519,10.43,5.74,0.600,0
12.519,10.43,5.72,0.600,0
12.519,10.43,5.72,0.600,0
12.520,10.43,5.72,0.600,0
12.520,10.43,5.72,0.600,0
12.520,10.43,5.69,0.600,0
12.521,10.43,5.69,0.600,0
12.521,10.43,5.69,0.600,0
12.521,10.43,5.67,0.600,0
12.521,10.43,5.67,0.600,0
12.522,10.43,5.67,0.600,0
12.522,10.43,5.67,0.600,0
12.522,10.43,5.65,0.600,0
12.522,10.43,5.65,0.600,0
12.523,10.43,5.65,0.600,0
12.523,10.43,5.65,0.600,0
12.523,10.43,5.65,0.600,0
12.523,10.43,5.63,0.600,0
12.523,10.43,5.63,0.600,0
12.524,10.43,5.63,0.600,0
12.524,10.43,5.63,0.600,0
12.524,10.43,5.60,0.600,0
12.524,10.43,5.60,0.600,0
12.525,10.43,5.60,0.600,0
12.525,10.43,5.60,0.600,0
12.525,10.43,5.58,0.600,0
12.525,10.43,5.58,0.600,0
12.526,10.43,5.58,0.600,0
12.526,10.43,5.58,0.600,0
12.526,10.43,5.56,0.600,0
12.526,10.43,5.56,0.600,0
12.527,10.43,5.56,0.600,0
12.527,10.43,5.56,0.600,0
12.527,10.43,5.56,0.600,0
12.527,10.43,5.53,0.600,0
12.528,10.43,5.53,0.600,0
12.528,10.43,5.53,0.600,0
12.528,10.43,5.51,0.600,0
12.529,10.43,5.51,0.600,0
12.529,10.43,5.51,0.600,0
12.529,10.43,5.49,0.600,0
12.529,10.43,5.49,0.600,0
12.530,10.43,5.49,0.600,0
12.530,10.43,5.49,0.600,0
12.530,10.43,5.46,0.600,0
12.531,10.43,5.46,0.600,0
12.531,10.43,5.44,0.600,0
12.531,10.43,5.44,0.600,0
12.532,10.43,5.44,0.600,0
12.532,10.43,5.44,0.600,0
12.532,10.43,5.44,0.600,0
12.532,10.43,5.41,0.600,0
12.533,10.43,5.41,0.600,0
12.533,10.43,5.41,0.600,0
12.533,10.43,5.39,0.600,0
12.533,10.43,5.39,0.600,0
12.534,10.43,5.39,0.600,0
12.534,10.43,5.39,0.600,0
12.534,10.43,5.37,0.600,0
12.535,10.43,5.37,0.600,0
12.535,10.43,5.37,0.600,0
12.535,10.43,5.35,0.600,0
12.535,10.43,5.35,0.600,0
12.536,10.43,5.35,0.600,0
12.536,10.43,5.35,0.600,0
12.536,10.43,5.32,0.600,0
12.537,10.43,5.32,0.600,0
12.537,10.43,5.32,0.600,0
12.537,10.43,5.30,0.600,0
12.537,10.43,5.30,0.600,0
12.538,10.43,5.30,0.600,0
12.538,10.43,5.28,0.600,0
12.539,10.43,5.28,0.600,0
12.539,10.43,5.28,0.600,0
12.539,10.43,5.26,0.600,0
12.540,10.43,5.26,0.600,0
12.540,10.43,5.26,0.600,0
12.540,10.43,5.23,0.600,0
12.540,10.43,5.23,0.600,0
12.541,10.43,5.23,0.600,0
12.541,10.43,5.23,0.600,0
12.541,10.43,5.21,0.600,0
12.541,10.43,5.21,0.600,0
12.542,10.43,5.21,0.600,0
12.542,10.43,5.21,0.600,0
12.542,10.43,5.18,0.600,0
12.542,10.43,5.18,0.600,0
12.543,10.43,5.18,0.600,0
12.543,10.43,5.18,0.600,0
12.543,10.43,5.16,0.600,0
12.544,10.43,5.16,0.600,0
12.544,10.43,5.16,0.600,0
12.544,10.43,5.13,0.600,0
12.544,10.43,5.13,0.600,0
12.545,10.43,5.13,0.600,0
12.545,10.43,5.13,0.600,0
12.545,10.43,5.10,0.600,0
12.545,10.43,5.10,0.600,0
12.546,10.43,5.10,0.600,0
12.546,10.43,5.10,0.600,0
12.546,10.43,5.07,0.600,0
12.546,10.43,5.07,0.600,0
12.547,10.43,5.07,0.600,0
12.547,10.43,5.07,0.600,0
12.547,10.43,5.05,0.600,0
12.547,10.43,5.05,0.600,0
12.548,10.43,5.05,0.600,0
12.548,10.43,5.05,0.600,0
12.548,10.43,5.02,0.600,0
12.549,10.43,5.02,0.600,0
12.549,10.43,5.02,0.600,0
12.549,10.43,4.99,0.600,0
12.549,10.43,4.99,0.600,0
12.550,10.43,4.99,0.600,0
12.550,10.43,4.99,0.600,0
12.550,10.43,4.96,0.600,0
12.550,10.43,4.96,0.600,0
12.551,10.43,4.96,0.600,0
12.551,10.43,4.96,0.600,0
12.551,10.43,4.93,0.600,0
12.552,10.43,4.93,0.600,0
12.552,10.43,4.93,0.600,0
12.552,10.43,4.89,0.600,0
12.552,10.43,4.89,0.600,0
12.553,10.43,4.89,0.600,0
12.553,10.43,4.89,0.600,0
12.553,10.43,4.86,0.600,0
12.553,10.43,4.86,0.600,0
12.554,10.43,4.86,0.600,0
12.554,10.43,4.86,0.600,0
12.554,10.43,4.83,0.600,0
12.554,10.43,4.83,0.600,0
12.555,10.43,4.83,0.600,0
12.555,10.43,4.83,0.600,0
12.555,10.43,4.80,0.600,0
12.555,10.43,4.80,0.600,0
12.556,10.43,4.80,0.600,0
12.556,10.43,4.80,0.600,0
12.556,10.43,4.77,0.600,0
12.557,10.43,4.77,0.600,0
12.557,10.43,4.77,0.600,0
12.557,10.43,4.73,0.600,0
12.557,10.43,4.73,0.600,0
12.558,10.43,4.73,0.600,0
12.558,10.43,4.73,0.600,0
12.558,10.43,4.70,0.600,0
12.558,10.43,4.70,0.600,0
12.559,10.43,4.70,0.600,0
12.559,10.43,4.70,0.600,0
12.559,10.43,4.70,0.600,0
12.559,10.43,4.67,0.600,0
12.560,10.43,4.67,0.600,0
12.560,10.43,4.67,0.600,0
12.560,10.43,4.64,0.600,0
12.560,10.43,4.64,0.600,0
12.561,10.43,4.64,0.600,0
12.561,10.43,4.64,0.600,0
12.561,10.43,4.60,0.600,0
12.561,10.43,4.60,0.600,0
12.562,10.43,4.60,0.600,0
12.562,10.43,4.60,0.600,0
12.562,10.43,4.57,0.600,0
12.562,10.43,4.57,0.600,0
12.563,10.43,4.57,0.600,0
12.563,10.43,4.57,0.600,0
12.563,10.43,4.54,0.600,0
12.564,10.43,4.54,0.600,0
12.564,10.43,4.54,0.600,0
12.564,10.43,4.51,0.600,0
12.564,10.43,4.51,0.600,0
12.565,10.43,4.51,0.600,0
12.565,10.43,4.51,0.600,0
12.565,10.43,4.51,0.600,0
12.565,10.43,4.47,0.600,0
12.566,10.43,4.47,0.600,0
12.566,10.43,4.47,0.600,0
12.566,10.43,4.44,0.600,0
12.566,10.43,4.44,0.600,0
12.567,10.43,4.44,0.600,0
12.567,10.43,4.44,0.600,0
12.567,10.43,4.44,0.600,0
12.567,10.43,4.41,0.600,0
12.567,10.43,4.41,0.600,0
12.568,10.43,4.41,0.600,0
12.568,10.43,4.41,0.600,0
12.568,10.43,4.38,0.600,0
12.568,10.43,4.38,0.600,0
12.569,10.43,4.38,0.600,0
12.569,10.43,4.38,0.600,0
12.569,10.43,4.34,0.600,0
12.570,10.43,4.34,0.600,0
12.570,10.43,4.34,0.600,0
12.570,10.43,4.34,0.600,0
12.570,10.43,4.31,0.600,0
12.571,10.43,4.31,0.600,0
12.571,10.43,4.31,0.600,0
12.571,10.43,4.28,0.600,0
12.571,10.43,4.28,0.600,0
12.572,10.43,4.28,0.600,0
12.572,10.43,4.28,0.600,0
12.572,10.43,4.25,0.600,0
12.572,10.43,4.25,0.600,0
12.573,10.43,4.25,0.600,0
12.573,10.43,4.25,0.600,0
12.573,10.43,4.21,0.600,0
12.573,10.43,4.21,0.600,0
12.574,10.43,4.21,0.600,0
12.574,10.43,4.21,0.600,0
12.574,10.43,4.21,0.600,0
12.574,10.43,4.18,0.600,0
12.575,10.43,4.18,0.600,0
12.575,10.43,4.18,0.600,0
12.575,10.43,4.15,0.600,0
12.575,10.43,4.15,0.600,0
12.576,10.43,4.15,0.600,0
12.576,10.43,4.15,0.600,0
12.576,10.43,4.15,0.600,0
12.576,10.43,4.12,0.600,0
12.577,10.43,4.12,0.600,0
12.577,10.43,4.12,0.600,0
12.577,10.43,4.08,0.600,0
12.577,10.43,4.08,0.600,0
12.578,10.43,4.08,0.600,0
12.578,10.43,4.08,0.600,0
12.578,10.43,4.05,0.600,0
12.578,10.43,4.05,0.600,0
12.579,10.43,4.05,0.600,0
12.579,10.43,4.05,0.600,0
12.579,10.43,4.02,0.600,0
12.579,10.43,4.02,0.600,0
12.580,10.43,4.02,0.600,0
12.580,10.43,4.02,0.600,0
12.580,10.43,4.02,0.600,0
12.580,10.43,3.99,0.600,0
12.580,10.43,3.99,0.600,0
12.581,10.43,3.99,0.600,0
12.581,10.43,3.99,0.600,0
12.581,10.43,3.95,0.600,0
12.581,10.43,3.95,0.600,0
12.582,10.43,3.95,0.600,0
12.582,10.43,3.95,0.600,0
12.582,10.43,3.92,0.600,0
12.582,10.43,3.92,0.600,0
12.583,10.43,3.92,0.600,0
12.583,10.43,3.92,0.600,0
12.583,10.43,3.89,0.600,0
12.584,10.43,3.89,0.600,0
12.584,10.43,3.89,0.600,0
12.584,10.43,3.85,0.600,0
12.584,10.43,3.85,0.600,0
12.585,10.43,3.85,0.600,0
12.585,10.43,3.85,0.600,0
12.585,10.43,3.82,0.600,0
12.585,10.43,3.82,0.600,0
12.586,10.43,3.82,0.600,0
12.586,10.43,3.82,0.600,0
12.586,10.43,3.82,0.600,0
12.586,10.43,3.79,0.600,0
12.587,10.43,3.79,0.600,0
12.587,10.43,3.79,0.600,0
12.587,10.43,3.79,0.600,0
12.587,10.43,3.76,0.600,0
12.587,10.43,3.76,0.600,0
12.588,10.43,3.76,0.600,0
12.588,10.43,3.76,0.600,0
12.588,10.43,3.72,0.600,0
12.588,10.43,3.72,0.600,0
12.589,10.43,3.72,0.600,0
12.589,10.43,3.72,0.600,0
12.589,10.43,3.69,0.600,0
12.589,10.43,3.69,0.600,0
12.590,10.43,3.69,0.600,0
12.590,10.43,3.69,0.600,0
12.590,10.43,3.66,0.600,0
12.590,10.43,3.66,0.600,0
12.591,10.43,3.66,0.600,0
12.591,10.43,3.66,0.600,0
12.591,10.43,3.63,0.600,0
12.592,10.43,3.63,0.600,0
12.592,10.43,3.63,0.600,0
12.592,10.43,3.63,0.600,0
12.592,10.43,3.59,0.600,0
12.593,10.43,3.59,0.600,0
12.593,10.43,3.59,0.600,0
12.593,10.43,3.59,0.600,0
12.593,10.43,3.56,0.600,0
12.594,10.43,3.56,0.600,0
12.594,10.43,3.56,0.600,0
12.594,10.43,3.56,0.600,0
12.594,10.43,3.53,0.600,0
12.595,10.43,3.53,0.600,0
12.595,10.43,3.53,0.600,0
12.595,10.43,3.53,0.600,0
12.595,10.43,3.50,0.600,0
12.595,10.43,3.50,0.600,0
12.596,10.43,3.50,0.600,0
12.596,10.43,3.50,0.600,0
12.596,10.43,3.46,0.600,0
12.597,10.43,3.46,0.600,0
12.597,10.43,3.46,0.600,0
12.597,10.43,3.43,0.600,0
12.597,10.43,3.43,0.600,0
12.598,10.43,3.43,0.600,0
12.598,10.43,3.43,0.600,0
12.598,10.43,3.43,0.600,0
12.598,10.43,3.40,0.600,0
12.599,10.43,3.40,0.600,0
12.599,10.43,3.40,0.600,0
12.599,10.43,3.37,0.600,0
12.599,10.43,3.37,0.600,0
12.600,10.43,3.37,0.600,0
12.600,10.43,3.37,0.600,0
12.600,10.43,3.33,0.600,0
12.600,10.43,3.33,0.600,0
12.601,10.43,3.33,0.600,0
12.601,10.43,3.33,0.600,0
12.601,10.43,3.30,0.600,0
12.601,10.43,3.30,0.600,0
12.602,10.43,3.30,0.600,0
12.602,10.43,3.30,0.600,0
12.602,10.43,3.27,0.600,0
12.602,10.43,3.27,0.600,0
12.603,10.43,3.27,0.600,0
12.603,10.43,3.27,0.600,0
12.603,10.43,3.24,0.600,0
12.603,10.43,3.24,0.600,0
12.604,10.43,3.24,0.600,0
12.604,10.43,3.24,0.600,0
12.604,10.43,3.20,0.600,0
12.605,10.43,3.20,0.600,0
12.605,10.43,3.20,0.600,0
12.605,10.43,3.20,0.600,0
12.605,10.43,3.17,0.600,0
12.606,10.43,3.17,0.600,0
12.606,10.43,3.17,0.600,0
12.606,10.43,3.17,0.600,0
12.606,10.43,3.14,0.600,0
12.607,10.43,3.14,0.600,0
12.607,10.43,3.14,0.600,0
12.607,10.43,3.14,0.600,0
12.607,10.43,3.11,0.600,0
12.608,10.43,3.11,0.600,0
12.608,10.43,3.11,0.600,0
12.608,10.43,3.11,0.600,0
12.608,10.43,3.07,0.600,0
12.609,10.43,3.07,0.600,0
12.609,10.43,3.07,0.600,0
12.609,10.43,3.07,0.600,0
12.609,10.43,3.04,0.600,0
12.610,10.43,3.04,0.600,0
12.610,10.43,3.04,0.600,0
12.610,10.43,3.04,0.600,0
12.610,10.43,3.01,0.600,0
12.611,10.43,3.01,0.600,0
12.611,10.43,3.01,0.600,0
12.612,10.43,2.98,0.600,0
12.612,10.43,2.98,0.600,0
12.612,10.43,2.94,0.600,0
12.613,10.43,2.94,0.600,0
12.613,10.43,2.94,0.600,0
12.613,10.43,2.94,0.600,0
12.613,10.43,2.91,0.600,0
12.614,10.43,2.91,0.600,0
12.614,10.43,2.91,0.600,0
12.614,10.43,2.88,0.600,0
12.614,10.43,2.88,0.600,0
12.615,10.43,2.88,0.600,0
12.615,10.43,2.88,0.600,0
12.615,10.43,2.85,0.600,0
12.615,10.43,2.85,0.600,0
12.616,10.43,2.85,0.600,0
12.616,10.43,2.85,0.600,0
12.616,10.43,2.81,0.600,0
12.616,10.43,2.81,0.600,0
12.617,10.43,2.81,0.600,0
12.617,10.43,2.81,0.600,0
12.617,10.43,2.78,0.600,0
12.618,10.43,2.78,0.600,0
12.618,10.43,2.78,0.600,0
12.618,10.43,2.78,0.600,0
12.619,10.43,2.75,0.600,0
12.619,10.43,2.75,0.600,0
12.619,10.43,2.72,0.600,0
12.620,10.43,2.72,0.600,0
12.620,10.43,2.72,0.600,0
12.620,10.43,2.68,0.600,0
12.620,10.43,2.68,0.600,0
12.621,10.43,2.68,0.600,0
12.621,10.43,2.68,0.600,0
12.621,10.43,2.65,0.600,0
12.622,10.43,2.65,0.600,0
12.622,10.43,2.65,0.600,0
12.622,10.43,2.65,0.600,0
12.622,10.43,2.62,0.600,0
12.623,10.43,2.62,0.600,0
12.623,10.43,2.62,0.600,0
12.623,10.43,2.58,0.600,0
12.623,10.43,2.58,0.600,0
12.624,10.43,2.58,0.600,0
12.624,10.43,2.58,0.600,0
12.624,10.43,2.58,0.600,0
12.624,10.43,2.55,0.600,0
12.625,10.43,2.55,0.600,0
12.625,10.43,2.55,0.600,0
12.625,10.43,2.52,0.600,0
12.625,10.43,2.52,0.600,0
12.626,10.43,2.52,0.600,0
12.626,10.43,2.52,0.600,0
12.626,10.43,2.49,0.600,0
12.627,10.43,2.49,0.600,0
12.627,10.43,2.49,0.600,0
12.627,10.43,2.45,0.600,0
12.628,10.43,2.45,0.600,0
12.628,10.43,2.45,0.600,0
12.629,10.43,2.42,0.600,0
12.629,10.43,2.42,0.600,0
12.629,10.43,2.42,0.600,0
12.629,10.43,2.39,0.600,0
12.630,10.43,2.39,0.600,0
12.630,10.43,2.39,0.600,0
12.630,10.43,2.39,0.600,0
12.630,10.43,2.36,0.600,0
12.631,10.43,2.36,0.600,0
12.631,10.43,2.36,0.600,0
12.631,10.43,2.32,0.600,0
12.631,10.43,2.32,0.600,0
12.632,10.43,2.32,0.600,0
12.632,10.43,2.32,0.600,0
12.632,10.43,2.29,0.600,0
12.632,10.43,2.29,0.600,0
12.633,10.43,2.29,0.600,0
12.633,10.43,2.29,0.600,0
12.633,10.43,2.26,0.600,0
12.633,10.43,2.26,0.600,0
12.634,10.43,2.26,0.600,0
12.634,10.43,2.26,0.600,0
12.634,10.43,2.23,0.600,0
12.635,10.43,2.23,0.600,0
12.635,10.43,2.23,0.600,0
12.635,10.43,2.19,0.600,0
12.636,10.43,2.19,0.600,0
12.636,10.43,2.19,0.600,0
12.636,10.43,2.19,0.600,0
12.636,10.43,2.16,0.600,0
12.637,10.43,2.16,0.600,0
12.637,10.43,2.16,0.600,0
12.637,10.43,2.16,0.600,0
12.637,10.43,2.13,0.600,0
12.638,10.43,2.13,0.600,0
12.638,10.43,2.13,0.600,0
12.639,10.43,2.10,0.600,1
12.639,15.87,2.06,0.600,0
12.640,15.87,2.06,0.600,0
12.640,15.87,2.06,0.600,0
12.640,15.87,2.03,0.600,0
12.641,15.87,2.03,0.600,0
12.641,15.87,2.03,0.600,0
12.641,15.87,2.00,0.600,0
12.641,15.87,2.00,0.600,0
12.642,15.87,2.00,0.600,0
12.642,15.87,2.00,0.600,0
12.642,15.87,1.97,0.600,0
12.643,15.87,1.97,0.600,0
12.643,15.87,1.97,0.600,0
12.643,15.87,1.97,0.600,0
12.643,15.87,1.93,0.600,0
12.644,15.87,1.93,0.600,0
12.644,15.87,1.93,0.600,0
12.644,15.87,1.93,0.600,0
12.644,15.87,1.90,0.600,0
12.644,15.87,1.90,0.600,0
12.645,15.87,1.90,0.600,0
12.645,15.87,1.87,0.600,0
12.645,15.87,1.87,0.600,0
12.646,15.87,1.87,0.600,0
12.646,15.87,1.87,0.600,0
12.646,15.87,1.84,0.600,0
12.647,15.87,1.84,0.600,0
12.647,15.87,1.84,0.600,0
12.647,15.87,1.80,0.600,0
12.647,15.87,1.80,0.600,0
12.648,15.87,1.80,0.600,0
12.648,15.87,1.80,0.600,0
12.648,15.87,1.80,0.600,0
12.648,15.87,1.77,0.600,0
12.648,15.87,1.77,0.600,0
12.649,15.87,1.77,0.600,0
12.649,15.87,1.77,0.600,0
12.649,15.87,1.74,0.600,0
12.649,15.87,1.74,0.600,0
12.650,15.87,1.74,0.600,0
12.650,15.87,1.74,0.600,0
12.650,15.87,1.74,0.600,0
12.650,15.87,1.71,0.600,0
12.651,15.87,1.71,0.600,0
12.651,15.87,1.71,0.600,0
12.651,15.87,1.71,0.600,0
12.651,15.87,1.67,0.600,0
12.652,15.87,1.67,0.600,0
12.652,15.87,1.67,0.600,0
12.652,15.87,1.67,0.600,0
12.652,15.87,1.64,0.600,0
12.653,15.87,1.64,0.600,0
12.653,15.87,1.64,0.600,0
12.653,15.87,1.61,0.600,0
12.653,15.87,1.61,0.600,0
12.654,15.87,1.61,0.600,0
12.654,15.87,1.61,0.600,0
12.654,15.87,1.58,0.600,0
12.654,15.87,1.58,0.600,0
12.655,15.87,1.58,0.600,0
12.655,15.87,1.58,0.600,0
12.655,15.87,1.54,0.600,0
12.655,15.87,1.54,0.600,0
12.656,15.87,1.54,0.600,0
12.656,15.87,1.54,0.600,0
12.656,15.87,1.51,0.600,0
12.657,15.87,1.51,0.600,0
12.657,15.87,1.51,0.600,0
12.657,15.87,1.51,0.600,0
12.657,15.87,1.48,0.600,0
12.658,15.87,1.48,0.600,0
12.658,15.87,1.48,0.600,0
12.658,15.87,1.44,0.600,0
12.658,15.87,1.44,0.600,0
12.659,15.87,1.44,0.600,0
12.659,15.87,1.44,0.600,0
12.659,15.87,1.44,0.600,0
12.659,15.87,1.41,0.600,0
12.660,15.87,1.41,0.600,0
12.660,15.87,1.41,0.600,0
12.660,15.87,1.41,0.600,0
12.660,15.87,1.38,0.600,0
12.661,15.87,1.38,0.600,0
12.661,15.87,1.38,0.600,0
12.661,15.87,1.35,0.600,0
12.661,15.87,1.35,0.600,0
12.662,15.87,1.35,0.600,0
12.662,15.87,1.35,0.600,0
12.662,15.87,1.31,0.600,0
12.662,15.87,1.31,0.600,0
12.663,15.87,1.31,0.600,0
12.663,15.87,1.31,0.600,0
12.663,15.87,1.28,0.600,0
12.664,15.87,1.28,0.600,0
12.664,15.87,1.28,0.600,0
12.664,15.87,1.28,0.600,0
12.664,15.87,1.25,0.600,0
12.665,15.87,1.25,0.600,0
12.665,15.87,1.25,0.600,0
12.665,15.87,1.25,0.600,0
12.665,15.87,1.22,0.600,0
12.666,15.87,1.22,0.600,0
12.666,15.87,1.22,0.600,0
12.666,15.87,1.18,0.600,0
12.666,15.87,1.18,0.600,0
12.667,15.87,1.18,0.600,0
12.667,15.87,1.18,0.600,0
12.667,15.87,1.15,0.600,0
12.667,15.87,1.15,0.600,0
12.668,15.87,1.15,0.600,0
12.668,15.87,1.15,0.600,0
12.668,15.87,1.12,0.600,0
12.668,15.87,1.12,0.600,0
12.669,15.87,1.12,0.600,0
12.669,15.87,1.12,0.600,0
12.669,15.87,1.09,0.600,0
12.670,15.87,1.09,0.600,0
12.670,15.87,1.09,0.600,0
12.670,15.87,1.05,0.600,0
12.671,15.87,1.05,0.600,0
12.671,15.87,1.05,0.600,0
12.671,15.87,1.05,0.600,0
12.671,15.87,1.02,0.600,0
12.672,15.87,1.02,0.600,0
12.672,15.87,1.02,0.600,0
12.672,15.87,1.02,0.600,0
12.672,15.87,0.99,0.600,0
12.673,15.87,0.99,0.600,0
12.673,15.87,0.99,0.600,0
12.673,15.87,0.96,0.600,0
12.673,15.87,0.96,0.600,0
12.674,15.87,0.96,0.600,0
12.674,15.87,0.96,0.600,0
12.674,15.87,0.92,0.600,0
12.675,15.87,0.92,0.600,0
12.675,15.87,0.92,0.600,0
12.675,15.87,0.89,0.600,0
12.675,15.87,0.89,0.600,0
12.676,15.87,0.89,0.600,0
12.676,15.87,0.89,0.600,0
12.676,15.87,0.86,0.600,0
12.676,15.87,0.86,0.600,0
12.677,15.87,0.86,0.600,0
12.677,15.87,0.86,0.600,0
12.677,15.87,0.86,0.600,0
12.677,15.87,0.83,0.600,0
12.678,15.87,0.83,0.600,0
12.678,15.87,0.83,0.600,0
12.678,15.87,0.83,0.600,0
12.678,15.87,0.79,0.600,0
12.679,15.87,0.79,0.600,0
12.679,15.87,0.79,0.600,0
12.679,15.87,0.79,0.600,0
12.679,15.87,0.76,0.600,0
12.680,15.87,0.76,0.600,0
12.680,15.87,0.76,0.600,0
12.680,15.87,0.73,0.600,0
12.680,15.87,0.73,0.600,0
12.681,15.87,0.73,0.600,0
12.681,15.87,0.73,0.600,0
12.681,15.87,0.70,0.600,0
12.682,15.87,0.70,0.600,0
12.682,15.87,0.70,0.600,0
12.682,15.87,0.70,0.600,0
12.682,15.87,0.66,0.600,0
12.683,15.87,0.66,0.600,0
12.683,15.87,0.66,0.600,0
12.683,15.87,0.66,0.600,0
12.683,15.87,0.63,0.600,0
12.684,15.87,0.63,0.600,0
12.684,15.87,0.63,0.600,0
12.684,15.87,0.63,0.600,0
12.684,15.87,0.60,0.600,0
12.684,15.87,0.60,0.600,0
12.685,15.87,0.60,0.600,0
12.685,15.87,0.60,0.600,0
12.685,15.87,0.57,0.600,0
12.685,15.87,0.57,0.600,0
12.686,15.87,0.57,0.600,0
12.686,15.87,0.57,0.600,0
12.686,15.87,0.53,0.600,0
12.686,15.87,0.53,0.600,0
12.687,15.87,0.53,0.600,0
12.687,15.87,0.53,0.600,0
12.687,15.87,0.50,0.600,0
12.688,15.87,0.50,0.600,0
12.688,15.87,0.50,0.600,0
12.688,15.87,0.47,0.600,0
12.688,15.87,0.47,0.600,0
12.689,15.87,0.47,0.600,0
12.689,15.87,0.47,0.600,0
12.689,15.87,0.43,0.600,0
12.689,15.87,0.43,0.600,0
12.690,15.87,0.43,0.600,0
12.690,15.87,0.43,0.600,0
12.690,15.87,0.40,0.600,0
12.690,15.87,0.40,0.600,0
12.691,15.87,0.40,0.600,0
12.691,15.87,0.40,0.600,0
12.691,15.87,0.37,0.600,0
12.691,15.87,0.37,0.600,0
12.692,15.87,0.37,0.600,0
12.692,15.87,0.37,0.600,0
12.692,15.87,0.34,0.600,0
12.692,15.87,0.34,0.600,0
12.693,15.87,0.34,0.600,0
12.693,15.87,0.34,0.600,0
12.693,15.87,0.30,0.600,0
12.693,15.87,0.30,0.600,0
12.694,15.87,0.30,0.600,0
12.694,15.87,0.30,0.600,0
12.694,15.87,0.27,0.600,0
12.695,15.87,0.27,0.600,0
12.695,15.87,0.27,0.600,0
12.695,15.87,0.27,0.600,0
12.695,15.87,0.24,0.600,0
12.696,15.87,0.24,0.600,0
12.696,15.87,0.24,0.600,0
12.696,15.87,0.21,0.600,0
12.697,15.87,0.21,0.600,0
12.697,15.87,0.21,0.600,0
12.697,15.87,0.17,0.600,0
12.698,15.87,0.17,0.600,0
12.698,15.87,0.17,0.600,0
12.698,15.87,0.14,0.600,0
12.698,15.87,0.14,0.600,0
12.699,15.87,0.14,0.600,0
12.699,15.87,0.14,0.600,0
12.699,15.87,0.11,0.600,0
12.699,15.87,0.11,0.600,0
12.700,15.87,0.11,0.600,0
12.700,15.87,0.11,0.600,0
12.700,15.87,0.08,0.600,0
12.700,15.87,0.08,0.600,0
12.701,15.87,0.08,0.600,0
12.701,15.87,0.08,0.600,0
12.701,15.87,0.04,0.600,0
12.701,15.87,0.04,0.600,0
12.702,15.87,0.04,0.600,0
12.702,15.87,0.04,0.600,0
12.702,15.87,0.01,0.600,0
12.703,15.87,0.01,0.600,0
12.703,15.87,0.01,0.600,0
12.703,15.87,-0.02,0.600,0
12.704,15.87,-0.02,0.600,0
12.704,15.87,-0.02,0.600,0
12.704,15.87,-0.05,0.600,0
12.704,15.87,-0.05,0.600,0
12.705,15.87,-0.05,0.600,0
12.705,15.87,-0.05,0.600,0
12.705,15.87,-0.05,0.600,0
12.705,15.87,-0.09,0.600,0
12.706,15.87,-0.09,0.600,0
12.706,15.87,-0.09,0.600,0
12.706,15.87,-0.09,0.600,0
12.706,15.87,-0.12,0.600,0
12.707,15.87,-0.12,0.600,0
12.707,15.87,-0.12,0.600,0
12.707,15.87,-0.12,0.600,0
12.707,15.87,-0.15,0.600,0
12.708,15.87,-0.15,0.600,0
12.708,15.87,-0.15,0.600,0
12.708,15.87,-0.15,0.600,0
12.708,15.87,-0.18,0.600,0
12.709,15.87,-0.18,0.600,0
12.709,15.87,-0.18,0.600,0
12.709,15.87,-0.22,0.600,0
12.710,15.87,-0.22,0.600,0
12.710,15.87,-0.22,0.600,0
12.710,15.87,-0.22,0.600,0
12.710,15.87,-0.25,0.600,0
12.710,15.87,-0.25,0.600,0
12.711,15.87,-0.25,0.600,0
12.711,15.87,-0.25,0.600,0
12.711,15.87,-0.28,0.600,0
12.711,15.87,-0.28,0.600,0
12.712,15.87,-0.28,0.600,0
12.712,15.87,-0.28,0.600,0
12.712,15.87,-0.31,0.600,0
12.712,15.87,-0.31,0.600,0
12.713,15.87,-0.31,0.600,0
12.713,15.87,-0.31,0.600,0
12.713,15.87,-0.35,0.600,0
12.714,15.87,-0.35,0.600,0
12.714,15.87,-0.35,0.600,0
12.714,15.87,-0.35,0.600,0
12.714,15.87,-0.38,0.600,0
12.715,15.87,-0.38,0.600,0
12.715,15.87,-0.38,0.600,0
12.715,15.87,-0.41,0.600,0
12.715,15.87,-0.41,0.600,0
12.716,15.87,-0.41,0.600,0
12.716,15.87,-0.41,0.600,0
12.716,15.87,-0.44,0.600,0
12.717,15.87,-0.44,0.600,0
12.717,15.87,-0.44,0.600,0
12.717,15.87,-0.44,0.600,0
12.717,15.87,-0.48,0.600,0
12.718,15.87,-0.48,0.600,0
12.718,15.87,-0.48,0.600,0
12.718,15.87,-0.48,0.600,0
12.718,15.87,-0.51,0.600,0
12.718,15.87,-0.51,0.600,0
12.719,15.87,-0.51,0.600,0
12.719,15.87,-0.51,0.600,0
12.719,15.87,-0.51,0.600,0
12.719,15.87,-0.54,0.600,0
12.720,15.87,-0.54,0.600,0
12.720,15.87,-0.54,0.600,0
12.720,15.87,-0.54,0.600,0
12.720,15.87,-0.58,0.600,0
12.721,15.87,-0.58,0.600,0
12.721,15.87,-0.58,0.600,0
12.721,15.87,-0.58,0.600,0
12.721,15.87,-0.61,0.600,0
12.722,15.87,-0.61,0.600,0
12.722,15.87,-0.64,0.600,0
12.723,15.87,-0.64,0.600,0
12.723,15.87,-0.64,0.600,0
12.723,15.87,-0.64,0.600,0
12.723,15.87,-0.67,0.600,0
12.724,15.87,-0.67,0.600,0
12.724,15.87,-0.67,0.600,0
12.724,15.87,-0.71,0.600,0
12.724,15.87,-0.71,0.600,0
12.725,15.87,-0.71,0.600,0
12.725,15.87,-0.71,0.600,0
12.725,15.87,-0.74,0.600,0
12.725,15.87,-0.74,0.600,0
12.726,15.87,-0.74,0.600,0
12.726,15.87,-0.74,0.600,0
12.726,15.87,-0.77,0.600,0
12.726,15.87,-0.77,0.600,0
12.727,15.87,-0.77,0.600,0
12.727,15.87,-0.77,0.600,0
12.727,15.87,-0.80,0.600,0
12.727,15.87,-0.80,0.600,0
12.728,15.87,-0.80,0.600,0
12.728,15.87,-0.80,0.600,0
12.728,15.87,-0.84,0.600,0
12.728,15.87,-0.84,0.600,0
12.729,15.87,-0.84,0.600,0
12.729,15.87,-0.84,0.600,0
12.729,15.87,-0.87,0.600,0
12.730,15.87,-0.87,0.600,0
12.730,15.87,-0.87,0.600,0
12.730,15.87,-0.90,0.600,0
12.730,15.87,-0.90,0.600,0
12.731,15.87,-0.90,0.600,0
12.731,15.87,-0.90,0.600,0
12.731,15.87,-0.90,0.600,0
12.731,15.87,-0.93,0.600,0
12.732,15.87,-0.93,0.600,0
12.732,15.87,-0.93,0.600,0
12.732,15.87,-0.93,0.600,0
12.732,15.87,-0.97,0.600,0
12.733,15.87,-0.97,0.600,0
12.733,15.87,-0.97,0.600,0
12.733,15.87,-0.97,0.600,0
12.733,15.87,-1.00,0.600,0
12.733,15.87,-1.00,0.600,0
12.734,15.87,-1.00,0.600,0
12.734,15.87,-1.00,0.600,0
12.734,15.87,-1.03,0.600,0
12.734,15.87,-1.03,0.600,0
12.735,15.87,-1.03,0.600,0
12.735,15.87,-1.03,0.600,0
12.735,15.87,-1.06,0.600,0
12.736,15.87,-1.06,0.600,0
12.736,15.87,-1.06,0.600,0
12.736,15.87,-1.06,0.600,0
12.736,15.87,-1.10,0.600,0
12.737,15.87,-1.10,0.600,0
12.737,15.87,-1.10,0.600,0
12.737,15.87,-1.10,0.600,0
12.737,15.87,-1.13,0.600,0
12.738,15.87,-1.13,0.600,0
12.738,15.87,-1.13,0.600,0
12.738,15.87,-1.13,0.600,0
12.738,15.87,-1.16,0.600,0
12.739,15.87,-1.16,0.600,0
12.739,15.87,-1.16,0.600,0
12.739,15.87,-1.19,0.600,0
12.739,15.87,-1.19,0.600,0
12.740,15.87,-1.19,0.600,0
12.740,15.87,-1.19,0.600,0
12.740,15.87,-1.23,0.600,0
12.740,15.87,-1.23,0.600,0
12.741,15.87,-1.23,0.600,0
12.741,15.87,-1.23,0.600,0
12.741,15.87,-1.26,0.600,0
12.742,15.87,-1.26,0.600,0
12.742,15.87,-1.26,0.600,0
12.742,15.87,-1.26,0.600,0
12.742,15.87,-1.29,0.600,0
12.743,15.87,-1.29,0.600,0
12.743,15.87,-1.29,0.600,0
12.743,15.87,-1.29,0.600,0
12.743,15.87,-1.32,0.600,0
12.744,15.87,-1.32,0.600,0
12.744,15.87,-1.32,0.600,0
12.744,15.87,-1.36,0.600,0
12.744,15.87,-1.36,0.600,0
12.745,15.87,-1.36,0.600,0
12.745,15.87,-1.36,0.600,0
12.745,15.87,-1.36,0.600,0
12.745,15.87,-1.39,0.600,0
12.746,15.87,-1.39,0.600,0
12.746,15.87,-1.39,0.600,0
12.746,15.87,-1.39,0.600,0
12.746,15.87,-1.42,0.600,0
12.747,15.87,-1.42,0.600,0
12.747,15.87,-1.42,0.600,0
12.747,15.87,-1.42,0.600,0
12.747,15.87,-1.45,0.600,0
12.748,15.87,-1.45,0.600,0
12.748,15.87,-1.45,0.600,0
12.748,15.87,-1.45,0.600,0
12.748,15.87,-1.49,0.600,0
12.749,15.87,-1.49,0.600,0
12.749,15.87,-1.49,0.600,0
12.749,15.87,-1.49,0.600,0
12.749,15.87,-1.52,0.600,0
12.750,15.87,-1.52,0.600,0
12.750,15.87,-1.52,0.600,0
12.750,15.87,-1.55,0.600,0
12.751,15.87,-1.55,0.600,0
12.751,15.87,-1.55,0.600,0
12.751,15.87,-1.55,0.600,0
12.751,15.87,-1.59,0.600,0
12.752,15.87,-1.59,0.600,0
12.752,15.87,-1.59,0.600,0
12.752,15.87,-1.59,0.600,0
12.752,15.87,-1.62,0.600,0
12.753,15.87,-1.62,0.600,0
12.753,15.87,-1.62,0.600,0
12.753,15.87,-1.62,0.600,0
12.753,15.87,-1.65,0.600,0
12.753,15.87,-1.65,0.600,0
12.754,15.87,-1.65,0.600,0
12.754,15.87,-1.65,0.600,0
12.754,15.87,-1.68,0.600,0
12.755,15.87,-1.68,0.600,0
12.755,15.87,-1.68,0.600,0
12.755,15.87,-1.68,0.600,0
12.755,15.87,-1.72,0.600,0
12.756,15.87,-1.72,0.600,0
12.756,15.87,-1.72,0.600,0
12.756,15.87,-1.72,0.600,0
12.756,15.87,-1.75,0.600,0
12.757,15.87,-1.75,0.600,0
12.757,15.87,-1.75,0.600,0
12.757,15.87,-1.78,0.600,0
12.758,15.87,-1.78,0.600,0
12.758,15.87,-1.78,0.600,0
12.758,15.87,-1.78,0.600,0
12.758,15.87,-1.80,0.600,0
12.759,15.87,-1.80,0.600,0
12.759,15.87,-1.80,0.600,0
12.759,15.87,-1.80,0.600,0
12.759,15.87,-1.83,0.600,0
12.760,15.87,-1.83,0.600,0
12.760,15.87,-1.83,0.600,0
12.760,15.87,-1.83,0.600,0
12.760,15.87,-1.86,0.600,0
12.761,15.87,-1.86,0.600,0
12.761,15.87,-1.86,0.600,0
12.761,15.87,-1.86,0.600,0
12.761,15.87,-1.89,0.600,0
12.762,15.87,-1.89,0.600,0
12.762,15.87,-1.89,0.600,0
12.762,15.87,-1.89,0.600,0
12.762,15.87,-1.92,0.600,0
12.762,15.87,-1.92,0.600,0
12.763,15.87,-1.92,0.600,0
12.763,15.87,-1.92,0.600,0
12.763,15.87,-1.95,0.600,0
12.764,15.87,-1.95,0.600,0
12.764,15.87,-1.95,0.600,0
12.764,15.87,-1.95,0.600,0
12.764,15.87,-1.98,0.600,0
12.765,15.87,-1.98,0.600,0
12.765,15.87,-1.98,0.600,0
12.765,15.87,-2.01,0.600,0
12.765,15.87,-2.01,0.600,0
12.766,15.87,-2.01,0.600,0
12.766,15.87,-2.01,0.600,0
12.766,15.87,-2.03,0.600,0
12.767,15.87,-2.03,0.600,0
12.767,15.87,-2.03,0.600,0
12.767,15.87,-2.03,0.600,0
12.767,15.87,-2.07,0.600,0
12.768,15.87,-2.07,0.600,0
12.768,15.87,-2.07,0.600,0
12.768,15.87,-2.10,0.600,0
12.768,15.87,-2.10,0.600,0
12.769,15.87,-2.10,0.600,0
12.769,15.87,-2.10,0.600,0
12.769,15.87,-2.13,0.600,0
12.770,15.87,-2.13,0.600,0
12.770,15.87,-2.13,0.600,0
12.770,15.87,-2.16,0.600,0
12.770,15.87,-2.16,0.600,0
12.771,15.87,-2.16,0.600,0
12.771,15.87,-2.16,0.600,0
12.771,15.87,-2.19,0.600,0
12.772,15.87,-2.19,0.600,0
12.772,15.87,-2.19,0.600,0
12.772,15.87,-2.22,0.600,1
12.773,12.00,-2.22,0.600,0
12.773,12.00,-2.22,0.600,0
12.773,12.00,-2.26,0.600,0
12.773,12.00,-2.26,0.600,0
12.774,12.00,-2.26,0.600,0
12.774,12.00,-2.26,0.600,0
12.774,12.00,-2.29,0.600,0
12.774,12.00,-2.29,0.600,0
12.775,12.00,-2.29,0.600,0
12.775,12.00,-2.29,0.600,0
12.775,12.00,-2.32,0.600,0
12.775,12.00,-2.32,0.600,0
12.776,12.00,-2.32,0.600,0
12.776,12.00,-2.32,0.600,0
12.776,12.00,-2.32,0.600,0
12.776,12.00,-2.35,0.600,0
12.777,12.00,-2.35,0.600,0
12.777,12.00,-2.35,0.600,0
12.777,12.00,-2.35,0.600,0
12.777,12.00,-2.39,0.600,0
12.778,12.00,-2.39,0.600,0
12.778,12.00,-2.39,0.600,0
12.778,12.00,-2.42,0.600,0
12.778,12.00,-2.42,0.600,0
12.779,12.00,-2.42,0.600,0
12.779,12.00,-2.42,0.600,0
12.779,12.00,-2.45,0.600,0
12.779,12.00,-2.45,0.600,0
12.780,12.00,-2.45,0.600,0
12.780,12.00,-2.45,0.600,0
12.780,12.00,-2.48,0.600,0
12.780,12.00,-2.48,0.600,0
12.781,12.00,-2.48,0.600,0
12.781,12.00,-2.48,0.600,0
12.781,12.00,-2.52,0.600,0
12.781,12.00,-2.52,0.600,0
12.782,12.00,-2.52,0.600,0
12.782,12.00,-2.52,0.600,0
12.782,12.00,-2.52,0.600,0
12.782,12.00,-2.55,0.600,0
12.783,12.00,-2.55,0.600,0
12.783,12.00,-2.55,0.600,0
12.783,12.00,-2.55,0.600,0
12.783,12.00,-2.58,0.600,0
12.784,12.00,-2.58,0.600,0
12.784,12.00,-2.58,0.600,0
12.784,12.00,-2.61,0.600,0
12.784,12.00,-2.61,0.600,0
12.785,12.00,-2.61,0.600,0
12.785,12.00,-2.61,0.600,0
12.785,12.00,-2.65,0.600,0
12.785,12.00,-2.65,0.600,0
12.786,12.00,-2.65,0.600,0
12.786,12.00,-2.65,0.600,0
12.786,12.00,-2.68,0.600,0
12.786,12.00,-2.68,0.600,0
12.787,12.00,-2.68,0.600,0
12.787,12.00,-2.68,0.600,0
12.787,12.00,-2.68,0.600,0
12.787,12.00,-2.71,0.600,0
12.788,12.00,-2.71,0.600,0
12.788,12.00,-2.71,0.600,0
12.788,12.00,-2.71,0.600,0
12.788,12.00,-2.74,0.600,0
12.789,12.00,-2.74,0.600,0
12.789,12.00,-2.74,0.600,0
12.789,12.00,-2.74,0.600,0
12.789,12.00,-2.78,0.600,0
12.789,12.00,-2.78,0.600,0
12.790,12.00,-2.78,0.600,0
12.790,12.00,-2.78,0.600,0
12.790,12.00,-2.78,0.600,0
12.790,12.00,-2.81,0.600,0
12.791,12.00,-2.81,0.600,0
12.791,12.00,-2.81,0.600,0
12.791,12.00,-2.81,0.600,0
12.791,12.00,-2.84,0.600,0
12.792,12.00,-2.84,0.600,0
12.792,12.00,-2.84,0.600,0
12.792,12.00,-2.84,0.600,0
12.792,12.00,-2.88,0.600,0
12.793,12.00,-2.88,0.600,0
12.793,12.00,-2.88,0.600,0
12.793,12.00,-2.91,0.600,0
12.793,12.00,-2.91,0.600,0
12.794,12.00,-2.91,0.600,0
12.794,12.00,-2.91,0.600,0
12.794,12.00,-2.91,0.600,0
12.794,12.00,-2.94,0.600,0
12.795,12.00,-2.94,0.600,0
12.795,12.00,-2.94,0.600,0
12.795,12.00,-2.94,0.600,0
12.795,12.00,-2.97,0.600,0
12.796,12.00,-2.97,0.600,0
12.796,12.00,-2.97,0.600,0
12.796,12.00,-2.97,0.600,0
12.796,12.00,-3.01,0.600,0
12.796,12.00,-3.01,0.600,0
12.797,12.00,-3.01,0.600,0
12.797,12.00,-3.01,0.600,0
12.797,12.00,-3.04,0.600,0
12.797,12.00,-3.04,0.600,0
12.798,12.00,-3.04,0.600,0
12.798,12.00,-3.04,0.600,0
12.798,12.00,-3.07,0.600,0
12.799,12.00,-3.07,0.600,0
12.799,12.00,-3.07,0.600,0
12.800,12.00,-3.10,0.600,0
12.800,12.00,-3.10,0.600,0
12.800,12.00,-3.10,0.600,0
12.800,12.00,-3.14,0.600,0
12.801,12.00,-3.14,0.600,0
12.801,12.00,-3.14,0.600,0
12.801,12.00,-3.14,0.600,0
12.801,12.00,-3.17,0.600,0
12.802,12.00,-3.17,0.600,0
12.802,12.00,-3.17,0.600,0
12.802,12.00,-3.17,0.600,0
12.802,12.00,-3.20,0.600,0
12.803,12.00,-3.20,0.600,0
12.803,12.00,-3.20,0.600,0
12.803,12.00,-3.20,0.600,0
12.803,12.00,-3.23,0.600,0
12.804,12.00,-3.23,0.600,0
12.804,12.00,-3.23,0.600,0
12.804,12.00,-3.27,0.600,0
12.804,12.00,-3.27,0.600,0
12.805,12.00,-3.27,0.600,0
12.805,12.00,-3.27,0.600,0
12.805,12.00,-3.27,0.600,0
12.805,12.00,-3.30,0.600,0
12.806,12.00,-3.30,0.600,0
12.806,12.00,-3.30,0.600,0
12.806,12.00,-3.33,0.600,0
12.807,12.00,-3.33,0.600,0
12.807,12.00,-3.33,0.600,0
12.807,12.00,-3.33,0.600,0
12.807,12.00,-3.36,0.600,0
12.808,12.00,-3.36,0.600,0
12.808,12.00,-3.36,0.600,0
12.808,12.00,-3.36,0.600,0
12.808,12.00,-3.40,0.600,0
12.808,12.00,-3.40,0.600,0
12.809,12.00,-3.40,0.600,0
12.809,12.00,-3.40,0.600,0
12.809,12.00,-3.43,0.600,0
12.809,12.00,-3.43,0.600,0
12.810,12.00,-3.43,0.600,0
12.810,12.00,-3.43,0.600,0
12.810,12.00,-3.43,0.600,0
12.810,12.00,-3.46,0.600,0
12.811,12.00,-3.46,0.600,0
12.811,12.00,-3.46,0.600,0
12.811,12.00,-3.49,0.600,0
12.812,12.00,-3.49,0.600,0
12.812,12.00,-3.49,0.600,0
12.812,12.00,-3.49,0.600,0
12.812,12.00,-3.53,0.600,0
12.813,12.00,-3.53,0.600,0
12.813,12.00,-3.53,0.600,0
12.813,12.00,-3.53,0.600,0
12.813,12.00,-3.56,0.600,0
12.814,12.00,-3.56,0.600,0
12.814,12.00,-3.56,0.600,0
12.814,12.00,-3.56,0.600,0
12.814,12.00,-3.59,0.600,0
12.815,12.00,-3.59,0.600,0
12.815,12.00,-3.59,0.600,0
12.815,12.00,-3.59,0.600,0
12.815,12.00,-3.63,0.600,0
12.816,12.00,-3.63,0.600,0
12.816,12.00,-3.63,0.600,0
12.816,12.00,-3.63,0.600,0
12.816,12.00,-3.66,0.600,0
12.817,12.00,-3.66,0.600,0
12.817,12.00,-3.66,0.600,0
12.817,12.00,-3.66,0.600,0
12.817,12.00,-3.69,0.600,0
12.818,12.00,-3.69,0.600,0
12.818,12.00,-3.69,0.600,0
12.818,12.00,-3.69,0.600,0
12.818,12.00,-3.72,0.600,0
12.819,12.00,-3.72,0.600,0
12.819,12.00,-3.72,0.600,0
12.819,12.00,-3.76,0.600,0
12.820,12.00,-3.76,0.600,0
12.820,12.00,-3.76,0.600,0
12.820,12.00,-3.76,0.600,0
12.820,12.00,-3.79,0.600,0
12.821,12.00,-3.79,0.600,0
12.821,12.00,-3.79,0.600,0
12.821,12.00,-3.79,0.600,0
12.821,12.00,-3.82,0.600,0
12.822,12.00,-3.82,0.600,0
12.822,12.00,-3.82,0.600,0
12.822,12.00,-3.82,0.600,0
12.822,12.00,-3.85,0.600,0
12.823,12.00,-3.85,0.600,0
12.823,12.00,-3.85,0.600,0
12.823,12.00,-3.85,0.600,0
12.823,12.00,-3.89,0.600,0
12.824,12.00,-3.89,0.600,0
12.824,12.00,-3.89,0.600,0
12.824,12.00,-3.89,0.600,0
12.824,12.00,-3.92,0.600,0
12.824,12.00,-3.92,0.600,0
12.825,12.00,-3.92,0.600,0
12.825,12.00,-3.92,0.600,0
12.825,12.00,-3.92,0.600,0
12.825,12.00,-3.95,0.600,0
12.826,12.00,-3.95,0.600,0
12.826,12.00,-3.95,0.600,0
12.826,12.00,-3.98,0.600,0
12.827,12.00,-3.98,0.600,0
12.827,12.00,-3.98,0.600,0
12.827,12.00,-3.98,0.600,0
12.827,12.00,-4.02,0.600,0
12.828,12.00,-4.02,0.600,0
12.828,12.00,-4.02,0.600,0
12.828,12.00,-4.02,0.600,0
12.828,12.00,-4.05,0.600,0
12.829,12.00,-4.05,0.600,0
12.829,12.00,-4.05,0.600,0
12.829,12.00,-4.05,0.600,0
12.829,12.00,-4.08,0.600,0
12.829,12.00,-4.08,0.600,0
12.830,12.00,-4.08,0.600,0
12.830,12.00,-4.08,0.600,0
12.830,12.00,-4.11,0.600,0
12.831,12.00,-4.11,0.600,0
12.831,12.00,-4.11,0.600,0
12.831,12.00,-4.11,0.600,0
12.831,12.00,-4.15,0.600,0
12.832,12.00,-4.15,0.600,0
12.832,12.00,-4.15,0.600,0
12.832,12.00,-4.15,0.600,0
12.833,12.00,-4.18,0.600,0
12.833,12.00,-4.18,0.600,0
12.833,12.00,-4.18,0.600,0
12.833,12.00,-4.21,0.600,0
12.834,12.00,-4.21,0.600,0
12.834,12.00,-4.21,0.600,0
12.834,12.00,-4.24,0.600,0
12.835,12.00,-4.24,0.600,0
12.835,12.00,-4.24,0.600,0
12.835,12.00,-4.24,0.600,0
12.835,12.00,-4.28,0.600,0
12.836,12.00,-4.28,0.600,0
12.836,12.00,-4.28,0.600,0
12.836,12.00,-4.28,0.600,0
12.836,12.00,-4.31,0.600,0
12.837,12.00,-4.31,0.600,0
12.837,12.00,-4.31,0.600,0
12.837,12.00,-4.31,0.600,0
12.837,12.00,-4.34,0.600,0
12.838,12.00,-4.34,0.600,0
12.838,12.00,-4.34,0.600,0
12.838,12.00,-4.34,0.600,0
12.838,12.00,-4.38,0.600,0
12.839,12.00,-4.38,0.600,0
12.839,12.00,-4.38,0.600,0
12.839,12.00,-4.38,0.600,0
12.839,12.00,-4.41,0.600,0
12.840,12.00,-4.41,0.600,0
12.840,12.00,-4.41,0.600,0
12.840,12.00,-4.41,0.600,0
12.840,12.00,-4.44,0.600,0
12.841,12.00,-4.44,0.600,0
12.841,12.00,-4.44,0.600,0
12.841,12.00,-4.44,0.600,0
12.841,12.00,-4.47,0.600,0
12.842,12.00,-4.47,0.600,0
12.842,12.00,-4.47,0.600,0
12.842,12.00,-4.47,0.600,0
12.842,12.00,-4.51,0.600,0
12.843,12.00,-4.51,0.600,0
12.843,12.00,-4.51,0.600,0
12.843,12.00,-4.54,0.600,0
12.844,12.00,-4.54,0.600,0
12.844,12.00,-4.54,0.600,0
12.844,12.00,-4.54,0.600,0
12.844,12.00,-4.57,0.600,0
12.844,12.00,-4.57,0.600,0
12.845,12.00,-4.57,0.600,0
12.845,12.00,-4.57,0.600,0
12.845,12.00,-4.57,0.600,0
12.845,12.00,-4.60,0.600,0
12.846,12.00,-4.60,0.600,0
12.846,12.00,-4.60,0.600,0
12.846,12.00,-4.60,0.600,0
12.846,12.00,-4.64,0.600,0
12.847,12.00,-4.64,0.600,0
12.847,12.00,-4.64,0.600,0
12.847,12.00,-4.64,0.600,0
12.847,12.00,-4.67,0.600,0
12.848,12.00,-4.67,0.600,0
12.848,12.00,-4.67,0.600,0
12.848,12.00,-4.67,0.600,0
12.848,12.00,-4.70,0.600,0
12.849,12.00,-4.70,0.600,0
12.849,12.00,-4.70,0.600,0
12.849,12.00,-4.70,0.600,0
12.849,12.00,-4.73,0.600,0
12.850,12.00,-4.73,0.600,0
12.850,12.00,-4.73,0.600,0
12.850,12.00,-4.73,0.600,0
12.850,12.00,-4.77,0.600,0
12.851,12.00,-4.77,0.600,0
12.851,12.00,-4.77,0.600,0
12.851,12.00,-4.77,0.600,0
12.851,12.00,-4.80,0.600,0
12.852,12.00,-4.80,0.600,0
12.852,12.00,-4.80,0.600,0
12.852,12.00,-4.80,0.600,0
12.852,12.00,-4.83,0.600,0
12.853,12.00,-4.83,0.600,0
12.853,12.00,-4.83,0.600,0
12.853,12.00,-4.83,0.600,0
12.854,12.00,-4.86,0.600,0
12.854,12.00,-4.86,0.600,0
12.854,12.00,-4.86,0.600,0
12.854,12.00,-4.86,0.600,0
12.855,12.00,-4.90,0.600,0
12.855,12.00,-4.90,0.600,0
12.855,12.00,-4.90,0.600,0
12.855,12.00,-4.93,0.600,0
12.855,12.00,-4.93,0.600,0
12.856,12.00,-4.93,0.600,0
12.856,12.00,-4.93,0.600,0
12.856,12.00,-4.93,0.600,0
12.856,12.00,-4.96,0.600,0
12.857,12.00,-4.96,0.600,0
12.857,12.00,-4.96,0.600,0
12.857,12.00,-4.96,0.600,0
12.857,12.00,-4.99,0.600,0
12.858,12.00,-4.99,0.600,0
12.858,12.00,-4.99,0.600,0
12.858,12.00,-4.99,0.600,0
12.858,12.00,-4.99,0.600,0
12.858,12.00,-5.02,0.600,0
12.859,12.00,-5.02,0.600,0
12.859,12.00,-5.02,0.600,0
12.859,12.00,-5.02,0.600,0
12.859,12.00,-5.05,0.600,0
12.860,12.00,-5.05,0.600,0
12.860,12.00,-5.05,0.600,0
12.860,12.00,-5.05,0.600,0
12.860,12.00,-5.08,0.600,0
12.861,12.00,-5.08,0.600,0
12.861,12.00,-5.08,0.600,0
12.861,12.00,-5.08,0.600,0
12.862,12.00,-5.11,0.600,0
12.862,12.00,-5.11,0.600,0
12.862,12.00,-5.11,0.600,0
12.862,12.00,-5.11,0.600,0
12.863,12.00,-5.14,0.600,0
12.863,12.00,-5.14,0.600,0
12.863,12.00,-5.14,0.600,0
12.863,12.00,-5.18,0.600,0
12.864,12.00,-5.18,0.600,0
12.864,12.00,-5.18,0.600,0
12.864,12.00,-5.18,0.600,0
12.864,12.00,-5.21,0.600,0
12.865,12.00,-5.21,0.600,0
12.865,12.00,-5.21,0.600,0
12.865,12.00,-5.21,0.600,0
12.865,12.00,-5.24,0.600,0
12.866,12.00,-5.24,0.600,0
12.866,12.00,-5.24,0.600,0
12.866,12.00,-5.24,0.600,0
12.866,12.00,-5.27,0.600,0
12.867,12.00,-5.27,0.600,0
12.867,12.00,-5.27,0.600,0
12.867,12.00,-5.27,0.600,0
12.867,12.00,-5.30,0.600,0
12.868,12.00,-5.30,0.600,0
12.868,12.00,-5.30,0.600,0
12.868,12.00,-5.30,0.600,0
12.869,12.00,-5.33,0.600,0
12.869,12.00,-5.33,0.600,0
12.869,12.00,-5.33,0.600,0
12.869,12.00,-5.37,0.600,0
12.870,12.00,-5.37,0.600,0
12.870,12.00,-5.37,0.600,0
12.870,12.00,-5.37,0.600,0
12.870,12.00,-5.40,0.600,0
12.871,12.00,-5.40,0.600,0
12.871,12.00,-5.40,0.600,0
12.871,12.00,-5.40,0.600,0
12.871,12.00,-5.43,0.600,0
12.872,12.00,-5.43,0.600,0
12.872,12.00,-5.43,0.600,0
12.872,12.00,-5.43,0.600,0
12.872,12.00,-5.43,0.600,0
12.872,12.00,-5.46,0.600,0
12.873,12.00,-5.46,0.600,0
12.873,12.00,-5.46,0.600,0
12.873,12.00,-5.46,0.600,0
12.873,12.00,-5.50,0.600,0
12.874,12.00,-5.50,0.600,0
12.874,12.00,-5.50,0.600,0
12.874,12.00,-5.50,0.600,0
12.874,12.00,-5.50,0.600,0
12.875,12.00,-5.53,0.600,0
12.875,12.00,-5.53,0.600,0
12.875,12.00,-5.53,0.600,0
12.876,12.00,-5.56,0.600,0
12.876,12.00,-5.56,0.600,0
12.876,12.00,-5.56,0.600,0
12.876,12.00,-5.56,0.600,0
12.877,12.00,-5.59,0.600,0
12.877,12.00,-5.59,0.600,0
12.877,12.00,-5.59,0.600,0
12.877,12.00,-5.63,0.600,0
12.878,12.00,-5.63,0.600,0
12.878,12.00,-5.63,0.600,0
12.878,12.00,-5.63,0.600,0
12.878,12.00,-5.66,0.600,0
12.879,12.00,-5.66,0.600,0
12.879,12.00,-5.66,0.600,0
12.879,12.00,-5.66,0.600,0
12.879,12.00,-5.69,0.600,0
12.880,12.00,-5.69,0.600,0
12.880,12.00,-5.69,0.600,0
12.880,12.00,-5.69,0.600,0
12.880,12.00,-5.72,0.600,0
12.881,12.00,-5.72,0.600,0
12.881,12.00,-5.72,0.600,0
12.881,12.00,-5.72,0.600,0
12.881,12.00,-5.76,0.600,0
12.882,12.00,-5.76,0.600,0
12.882,12.00,-5.76,0.600,0
12.882,12.00,-5.76,0.600,0
12.882,12.00,-5.76,0.600,0
12.883,12.00,-5.79,0.600,0
12.883,12.00,-5.79,0.600,0
12.883,12.00,-5.79,0.600,0
12.883,12.00,-5.79,0.600,0
12.884,12.00,-5.82,0.600,0
12.884,12.00,-5.82,0.600,0
12.884,12.00,-5.82,0.600,0
12.884,12.00,-5.85,0.600,0
12.885,12.00,-5.85,0.600,0
12.885,12.00,-5.85,0.600,0
12.885,12.00,-5.85,0.600,0
12.885,12.00,-5.89,0.600,0
12.886,12.00,-5.89,0.600,0
12.886,12.00,-5.89,0.600,0
12.886,12.00,-5.89,0.600,0
12.886,12.00,-5.92,0.600,0
12.887,12.00,-5.92,0.600,0
12.887,12.00,-5.92,0.600,0
12.887,12.00,-5.92,0.600,0
12.887,12.00,-5.95,0.600,0
12.888,12.00,-5.95,0.600,0
12.888,12.00,-5.95,0.600,0
12.888,12.00,-5.95,0.600,0
12.888,12.00,-5.99,0.600,0
12.889,12.00,-5.99,0.600,0
12.889,12.00,-5.99,0.600,0
12.889,12.00,-5.99,0.600,0
12.889,12.00,-6.02,0.600,0
12.890,12.00,-6.02,0.600,0
12.890,12.00,-6.02,0.600,0
12.890,12.00,-6.05,0.600,0
12.891,12.00,-6.05,0.600,0
12.891,12.00,-6.05,0.600,0
12.891,12.00,-6.05,0.600,0
12.891,12.00,-6.08,0.600,0
12.892,12.00,-6.08,0.600,0
12.892,12.00,-6.08,0.600,0
12.892,12.00,-6.08,0.600,0
12.892,12.00,-6.12,0.600,0
12.893,12.00,-6.12,0.600,0
12.893,12.00,-6.12,0.600,0
12.893,12.00,-6.12,0.600,0
12.893,12.00,-6.15,0.600,0
12.894,12.00,-6.15,0.600,0
12.894,12.00,-6.15,0.600,0
12.894,12.00,-6.15,0.600,0
12.894,12.00,-6.15,0.600,0
12.894,12.00,-6.18,0.600,0
12.895,12.00,-6.18,0.600,0
12.895,12.00,-6.18,0.600,0
12.895,12.00,-6.18,0.600,0
12.896,12.00,-6.21,0.600,0
12.896,12.00,-6.21,0.600,0
12.896,12.00,-6.21,0.600,0
12.896,12.00,-6.25,0.600,0
12.897,12.00,-6.25,0.600,0
12.897,12.00,-6.25,0.600,0
12.897,12.00,-6.25,0.600,0
12.897,12.00,-6.28,0.600,0
12.898,12.00,-6.28,0.600,0
12.898,12.00,-6.28,0.600,0
12.898,12.00,-6.28,0.600,0
12.898,12.00,-6.31,0.600,0
12.899,12.00,-6.31,0.600,0
12.899,12.00,-6.31,0.600,0
12.899,12.00,-6.31,0.600,0
12.899,12.00,-6.34,0.600,0
12.900,12.00,-6.34,0.600,0
12.900,12.00,-6.34,0.600,0
12.900,12.00,-6.34,0.600,0
12.900,12.00,-6.38,0.600,0
12.901,12.00,-6.38,0.600,0
12.901,12.00,-6.38,0.600,0
12.901,12.00,-6.38,0.600,0
12.901,12.00,-6.41,0.600,0
12.902,12.00,-6.41,0.600,0
12.902,12.00,-6.41,0.600,0
12.902,12.00,-6.44,0.600,0
12.903,12.00,-6.44,0.600,0
12.903,12.00,-6.44,0.600,0
12.903,12.00,-6.47,0.600,0
12.904,12.00,-6.47,0.600,1
12.904,8.25,-6.47,0.600,0
12.905,8.25,-6.51,0.600,0
12.905,8.25,-6.51,0.600,0
12.905,8.25,-6.51,0.600,0
12.905,8.25,-6.54,0.600,0
12.906,8.25,-6.54,0.600,0
12.906,8.25,-6.54,0.600,0
12.906,8.25,-6.54,0.600,0
12.906,8.25,-6.57,0.600,0
12.907,8.25,-6.57,0.600,0
12.907,8.25,-6.57,0.600,0
12.907,8.25,-6.57,0.600,0
12.907,8.25,-6.57,0.600,0
12.907,8.25,-6.61,0.600,0
12.908,8.25,-6.61,0.600,0
12.908,8.25,-6.61,0.600,0
12.908,8.25,-6.61,0.600,0
12.908,8.25,-6.64,0.600,0
12.909,8.25,-6.64,0.600,0
12.909,8.25,-6.64,0.600,0
12.909,8.25,-6.64,0.600,0
12.909,8.25,-6.67,0.600,0
12.910,8.25,-6.67,0.600,0
12.910,8.25,-6.67,0.600,0
12.910,8.25,-6.70,0.600,0
12.911,8.25,-6.70,0.600,0
12.911,8.25,-6.70,0.600,0
12.911,8.25,-6.70,0.600,0
12.911,8.25,-6.73,0.600,0
12.912,8.25,-6.73,0.600,0
12.912,8.25,-6.73,0.600,0
12.912,8.25,-6.73,0.600,0
12.912,8.25,-6.77,0.600,0
12.913,8.25,-6.77,0.600,0
12.913,8.25,-6.77,0.600,0
12.913,8.25,-6.77,0.600,0
12.913,8.25,-6.80,0.600,0
12.914,8.25,-6.80,0.600,0
12.914,8.25,-6.80,0.600,0
12.914,8.25,-6.80,0.600,0
12.914,8.25,-6.83,0.600,0
12.915,8.25,-6.83,0.600,0
12.915,8.25,-6.83,0.600,0
12.915,8.25,-6.83,0.600,0
12.915,8.25,-6.87,0.600,0
12.916,8.25,-6.87,0.600,0
12.916,8.25,-6.87,0.600,0
12.916,8.25,-6.87,0.600,0
12.916,8.25,-6.90,0.600,0
12.917,8.25,-6.90,0.600,0
12.917,8.25,-6.90,0.600,0
12.917,8.25,-6.93,0.600,0
12.918,8.25,-6.93,0.600,0
12.918,8.25,-6.93,0.600,0
12.918,8.25,-6.93,0.600,0
12.918,8.25,-6.96,0.600,0
12.919,8.25,-6.96,0.600,0
12.919,8.25,-6.96,0.600,0
12.919,8.25,-7.00,0.600,0
12.920,8.25,-7.00,0.600,0
12.920,8.25,-7.00,0.600,0
12.920,8.25,-7.00,0.600,0
12.920,8.25,-7.00,0.600,0
12.921,8.25,-7.03,0.600,0
12.921,8.25,-7.03,0.600,0
12.921,8.25,-7.03,0.600,0
12.921,8.25,-7.03,0.600,0
12.922,8.25,-7.06,0.600,0
12.922,8.25,-7.06,0.600,0
12.922,8.25,-7.06,0.600,0
12.922,8.25,-7.06,0.600,0
12.923,8.25,-7.09,0.600,0
12.923,8.25,-7.09,0.600,0
12.923,8.25,-7.09,0.600,0
12.923,8.25,-7.12,0.600,0
12.924,8.25,-7.12,0.600,0
12.924,8.25,-7.12,0.600,0
12.925,8.25,-7.16,0.600,0
12.925,8.25,-7.16,0.600,0
12.925,8.25,-7.16,0.600,0
12.925,8.25,-7.19,0.600,0
12.926,8.25,-7.19,0.600,0
12.926,8.25,-7.19,0.600,0
12.926,8.25,-7.19,0.600,0
12.926,8.25,-7.19,0.600,0
12.926,8.25,-7.22,0.600,0
12.927,8.25,-7.22,0.600,0
12.927,8.25,-7.22,0.600,0
12.927,8.25,-7.22,0.600,0
12.927,8.25,-7.26,0.600,0
12.928,8.25,-7.26,0.600,0
12.928,8.25,-7.26,0.600,0
12.928,8.25,-7.26,0.600,0
12.928,8.25,-7.29,0.600,0
12.929,8.25,-7.29,0.600,0
12.929,8.25,-7.29,0.600,0
12.929,8.25,-7.29,0.600,0
12.929,8.25,-7.32,0.600,0
12.930,8.25,-7.32,0.600,0
12.930,8.25,-7.32,0.600,0
12.931,8.25,-7.35,0.600,0
12.931,8.25,-7.35,0.600,0
12.931,8.25,-7.35,0.600,0
12.932,8.25,-7.39,0.600,0
12.932,8.25,-7.39,0.600,0
12.932,8.25,-7.39,0.600,0
12.932,8.25,-7.42,0.600,0
12.933,8.25,-7.42,0.600,0
12.933,8.25,-7.42,0.600,0
12.933,8.25,-7.42,0.600,0
12.933,8.25,-7.45,0.600,0
12.934,8.25,-7.45,0.600,0
12.934,8.25,-7.45,0.600,0
12.934,8.25,-7.45,0.600,0
12.934,8.25,-7.48,0.600,0
12.935,8.25,-7.48,0.600,0
12.935,8.25,-7.48,0.600,0
12.935,8.25,-7.48,0.600,0
12.935,8.25,-7.52,0.600,0
12.936,8.25,-7.52,0.600,0
12.936,8.25,-7.52,0.600,0
12.936,8.25,-7.55,0.600,0
12.937,8.25,-7.55,0.600,0
12.937,8.25,-7.55,0.600,0
12.937,8.25,-7.58,0.600,0
12.938,8.25,-7.58,0.600,0
12.938,8.25,-7.58,0.600,0
12.938,8.25,-7.58,0.600,0
12.938,8.25,-7.61,0.600,0
12.939,8.25,-7.61,0.600,0
12.939,8.25,-7.61,0.600,0
12.939,8.25,-7.61,0.600,0
12.940,8.25,-7.65,0.600,0
12.940,8.25,-7.65,0.600,0
12.940,8.25,-7.65,0.600,0
12.940,8.25,-7.68,0.600,0
12.941,8.25,-7.68,0.600,0
12.941,8.25,-7.68,0.600,0
12.941,8.25,-7.68,0.600,0
12.941,8.25,-7.71,0.600,0
12.942,8.25,-7.71,0.600,0
12.942,8.25,-7.71,0.600,0
12.942,8.25,-7.71,0.600,0
12.942,8.25,-7.74,0.600,0
12.943,8.25,-7.74,0.600,0
12.943,8.25,-7.74,0.600,0
12.943,8.25,-7.74,0.600,0
12.943,8.25,-7.78,0.600,0
12.944,8.25,-7.78,0.600,0
12.944,8.25,-7.78,0.600,0
12.944,8.25,-7.78,0.600,0
12.945,8.25,-7.81,0.600,0
12.945,8.25,-7.81,0.600,0
12.945,8.25,-7.81,0.600,0
12.945,8.25,-7.84,0.600,0
12.946,8.25,-7.84,0.600,0
12.946,8.25,-7.84,0.600,0
12.946,8.25,-7.84,0.600,0
12.946,8.25,-7.88,0.600,0
12.947,8.25,-7.88,0.600,0
12.947,8.25,-7.88,0.600,0
12.947,8.25,-7.88,0.600,0
12.947,8.25,-7.91,0.600,0
12.948,8.25,-7.91,0.600,0
12.948,8.25,-7.91,0.600,0
12.948,8.25,-7.91,0.600,0
12.948,8.25,-7.94,0.600,0
12.949,8.25,-7.94,0.600,0
12.949,8.25,-7.94,0.600,0
12.949,8.25,-7.94,0.600,0
12.949,8.25,-7.97,0.600,0
12.950,8.25,-7.97,0.600,0
12.950,8.25,-7.97,0.600,0
12.950,8.25,-7.97,0.600,0
12.950,8.25,-8.01,0.600,0
12.951,8.25,-8.01,0.600,0
12.951,8.25,-8.01,0.600,0
12.951,8.25,-8.01,0.600,0
12.952,8.25,-8.04,0.600,0
12.952,8.25,-8.04,0.600,0
12.952,8.25,-8.04,0.600,0
12.953,8.25,-8.07,0.600,0
12.953,8.25,-8.07,0.600,0
12.953,8.25,-8.07,0.600,0
12.953,8.25,-8.07,0.600,0
12.954,8.25,-8.10,0.600,0
12.954,8.25,-8.10,0.600,0
12.954,8.25,-8.10,0.600,0
12.954,8.25,-8.10,0.600,0
12.954,8.25,-8.14,0.600,0
12.955,8.25,-8.14,0.600,0
12.955,8.25,-8.14,0.600,0
12.955,8.25,-8.14,0.600,0
12.955,8.25,-8.17,0.600,0
12.956,8.25,-8.17,0.600,0
12.956,8.25,-8.17,0.600,0
12.956,8.25,-8.17,0.600,0
12.956,8.25,-8.20,0.600,0
12.957,8.25,-8.20,0.600,0
12.957,8.25,-8.20,0.600,0
12.957,8.25,-8.20,0.600,0
12.957,8.25,-8.23,0.600,0
12.958,8.25,-8.23,0.600,0
12.958,8.25,-8.23,0.600,0
12.958,8.25,-8.23,0.600,0
12.958,8.25,-8.27,0.600,0
12.959,8.25,-8.27,0.600,0
12.959,8.25,-8.27,0.600,0
12.959,8.25,-8.30,0.600,0
12.960,8.25,-8.30,0.600,0
12.960,8.25,-8.30,0.600,0
12.960,8.25,-8.30,0.600,0
12.960,8.25,-8.33,0.600,0
12.961,8.25,-8.33,0.600,0
12.961,8.25,-8.33,0.600,0
12.961,8.25,-8.33,0.600,0
12.961,8.25,-8.36,0.600,0
12.962,8.25,-8.36,0.600,0
12.962,8.25,-8.36,0.600,0
12.962,8.25,-8.36,0.600,0
12.962,8.25,-8.36,0.600,0
12.963,8.25,-8.40,0.600,0
12.963,8.25,-8.40,0.600,0
12.963,8.25,-8.40,0.600,0
12.963,8.25,-8.40,0.600,0
12.964,8.25,-8.43,0.600,0
12.964,8.25,-8.43,0.600,0
12.964,8.25,-8.43,0.600,0
12.964,8.25,-8.46,0.600,0
12.965,8.25,-8.46,0.600,0
12.965,8.25,-8.46,0.600,0
12.965,8.25,-8.46,0.600,0
12.966,8.25,-8.49,0.600,0
12.966,8.25,-8.49,0.600,0
12.966,8.25,-8.49,0.600,0
12.966,8.25,-8.53,0.600,0
12.967,8.25,-8.53,0.600,0
12.967,8.25,-8.53,0.600,0
12.967,8.25,-8.53,0.600,0
12.968,8.25,-8.56,0.600,0
12.968,8.25,-8.56,0.600,0
12.968,8.25,-8.56,0.600,0
12.968,8.25,-8.56,0.600,0
12.969,8.25,-8.59,0.600,0
12.969,8.25,-8.59,0.600,0
12.969,8.25,-8.59,0.600,0
12.969,8.25,-8.63,0.600,0
12.970,8.25,-8.63,0.600,0
12.970,8.25,-8.63,0.600,0
12.970,8.25,-8.63,0.600,0
12.970,8.25,-8.63,0.600,0
12.971,8.25,-8.66,0.600,0
12.971,8.25,-8.66,0.600,0
12.971,8.25,-8.66,0.600,0
12.971,8.25,-8.69,0.600,0
12.972,8.25,-8.69,0.600,0
12.972,8.25,-8.69,0.600,0
12.972,8.25,-8.69,0.600,0
12.972,8.25,-8.72,0.600,0
12.973,8.25,-8.72,0.600,0
12.973,8.25,-8.72,0.600,0
12.973,8.25,-8.72,0.600,0
12.973,8.25,-8.76,0.600,0
12.974,8.25,-8.76,0.600,0
12.974,8.25,-8.76,0.600,0
12.974,8.25,-8.76,0.600,0
12.974,8.25,-8.76,0.600,0
12.975,8.25,-8.79,0.600,0
12.975,8.25,-8.79,0.600,0
12.975,8.25,-8.79,0.600,0
12.975,8.25,-8.82,0.600,0
12.976,8.25,-8.82,0.600,0
12.976,8.25,-8.82,0.600,0
12.976,8.25,-8.82,0.600,0
12.976,8.25,-8.82,0.600,0
12.977,8.25,-8.85,0.600,0
12.977,8.25,-8.85,0.600,0
12.977,8.25,-8.85,0.600,0
12.977,8.25,-8.89,0.600,0
12.978,8.25,-8.89,0.600,0
12.978,8.25,-8.89,0.600,0
12.978,8.25,-8.89,0.600,0
12.978,8.25,-8.89,0.600,0
12.979,8.25,-8.92,0.600,0
12.979,8.25,-8.92,0.600,0
12.979,8.25,-8.92,0.600,0
12.979,8.25,-8.95,0.600,0
12.980,8.25,-8.95,0.600,0
12.980,8.25,-8.95,0.600,0
12.980,8.25,-8.95,0.600,0
12.980,8.25,-8.98,0.600,0
12.981,8.25,-8.98,0.600,0
12.981,8.25,-8.98,0.600,0
12.981,8.25,-8.98,0.600,0
12.981,8.25,-9.02,0.600,0
12.982,8.25,-9.02,0.600,0
12.982,8.25,-9.02,0.600,0
12.982,8.25,-9.02,0.600,0
12.982,8.25,-9.05,0.600,0
12.983,8.25,-9.05,0.600,0
12.983,8.25,-9.05,0.600,0
12.983,8.25,-9.05,0.600,0
12.983,8.25,-9.08,0.600,0
12.984,8.25,-9.08,0.600,0
12.984,8.25,-9.08,0.600,0
12.984,8.25,-9.08,0.600,0
12.984,8.25,-9.11,0.600,0
12.985,8.25,-9.11,0.600,0
12.985,8.25,-9.11,0.600,0
12.985,8.25,-9.11,0.600,0
12.985,8.25,-9.15,0.600,0
12.986,8.25,-9.15,0.600,0
12.986,8.25,-9.15,0.600,0
12.986,8.25,-9.15,0.600,0
12.987,8.25,-9.18,0.600,0
12.987,8.25,-9.18,0.600,0
12.987,8.25,-9.18,0.600,0
12.987,8.25,-9.21,0.600,0
12.988,8.25,-9.21,0.600,0
12.988,8.25,-9.21,0.600,0
12.988,8.25,-9.21,0.600,0
12.988,8.25,-9.21,0.600,0
12.988,8.25,-9.24,0.600,0
12.989,8.25,-9.24,0.600,0
12.989,8.25,-9.24,0.600,0
12.989,8.25,-9.24,0.600,0
12.989,8.25,-9.28,0.600,0
12.990,8.25,-9.28,0.600,0
12.990,8.25,-9.28,0.600,0
12.990,8.25,-9.28,0.600,0
12.990,8.25,-9.28,0.600,0
12.991,8.25,-9.31,0.600,0
12.991,8.25,-9.31,0.600,0
12.991,8.25,-9.31,0.600,0
12.991,8.25,-9.31,0.600,0
12.991,8.25,-9.34,0.600,0
12.992,8.25,-9.34,0.600,0
12.992,8.25,-9.34,0.600,0
12.992,8.25,-9.34,0.600,0
12.992,8.25,-9.37,0.600,0
12.993,8.25,-9.37,0.600,0
12.993,8.25,-9.37,0.600,0
12.993,8.25,-9.37,0.600,0
12.994,8.25,-9.41,0.600,0
12.994,8.25,-9.41,0.600,0
12.994,8.25,-9.41,0.600,0
12.994,8.25,-9.44,0.600,0
12.995,8.25,-9.44,0.600,0
12.995,8.25,-9.44,0.600,0
12.995,8.25,-9.44,0.600,0
12.995,8.25,-9.44,0.600,0
12.995,8.25,-9.47,0.600,0
12.996,8.25,-9.47,0.600,0
12.996,8.25,-9.47,0.600,0
12.996,8.25,-9.47,0.600,0
12.996,8.25,-9.50,0.600,0
12.997,8.25,-9.50,0.600,0
12.997,8.25,-9.50,0.600,0
12.997,8.25,-9.50,0.600,0
12.997,8.25,-9.54,0.600,0
12.998,8.25,-9.54,0.600,0
12.998,8.25,-9.54,0.600,0
12.998,8.25,-9.54,0.600,0
12.999,8.25,-9.57,0.600,0
12.999,8.25,-9.57,0.600,0
12.999,8.25,-9.57,0.600,0
12.999,8.25,-9.57,0.600,0
13.000,8.25,-9.60,0.600,0
13.000,8.25,-9.60,0.600,0
13.000,8.25,-9.60,0.600,0
13.000,8.25,-9.64,0.600,0
13.001,8.25,-9.64,0.600,0
13.001,8.25,-9.64,0.600,0
13.001,8.25,-9.64,0.600,0
13.001,8.25,-9.67,0.600,0
13.002,8.25,-9.67,0.600,0
13.002,8.25,-9.67,0.600,0
13.002,8.25,-9.67,0.600,0
13.003,8.25,-9.70,0.600,0
13.003,8.25,-9.70,0.600,0
13.003,8.25,-9.70,0.600,0
13.003,8.25,-9.70,0.600,0
13.004,8.25,-9.73,0.600,0
13.004,8.25,-9.73,0.600,0
13.004,8.25,-9.73,0.600,0
13.004,8.25,-9.73,0.600,0
13.005,8.25,-9.77,0.600,0
13.005,8.25,-9.77,0.600,0
13.005,8.25,-9.77,0.600,0
13.005,8.25,-9.77,0.600,0
13.006,8.25,-9.80,0.600,0
13.006,8.25,-9.80,0.600,0
13.006,8.25,-9.80,0.600,0
13.006,8.25,-9.80,0.600,0
13.007,8.25,-9.83,0.600,0
13.007,8.25,-9.83,0.600,0
13.007,8.25,-9.83,0.600,0
13.007,8.25,-9.86,0.600,0
13.008,8.25,-9.86,0.600,0
13.008,8.25,-9.86,0.600,0
13.008,8.25,-9.86,0.600,0
13.008,8.25,-9.90,0.600,0
13.009,8.25,-9.90,0.600,0
13.009,8.25,-9.90,0.600,0
13.009,8.25,-9.90,0.600,0
13.009,8.25,-9.93,0.600,0
13.010,8.25,-9.93,0.600,0
13.010,8.25,-9.93,0.600,0
13.010,8.25,-9.93,0.600,0
13.010,8.25,-9.96,0.600,0
13.011,8.25,-9.96,0.600,0
13.011,8.25,-9.96,0.600,0
13.011,8.25,-9.96,0.600,0
13.011,8.25,-9.99,0.600,0
13.012,8.25,-9.99,0.600,0
13.012,8.25,-9.99,0.600,0
13.012,8.25,-9.99,0.600,0
13.012,8.25,-10.03,0.600,0
13.013,8.25,-10.03,0.600,0
13.013,8.25,-10.03,0.600,0
13.013,8.25,-10.03,0.600,0
13.013,8.25,-10.06,0.600,0
13.014,8.25,-10.06,0.600,0
13.014,8.25,-10.06,0.600,0
13.014,8.25,-10.09,0.600,0
13.015,8.25,-10.09,0.600,0
13.015,8.25,-10.09,0.600,0
13.015,8.25,-10.09,0.600,0
13.015,8.25,-10.09,0.600,0
13.016,8.25,-10.12,0.600,0
13.016,8.25,-10.12,0.600,0
13.016,8.25,-10.12,0.600,0
13.016,8.25,-10.12,0.600,0
13.017,8.25,-10.16,0.600,0
13.017,8.25,-10.16,0.600,0
13.017,8.25,-10.16,0.600,0
13.017,8.25,-10.16,0.600,0
13.017,8.25,-10.19,0.600,0
13.018,8.25,-10.19,0.600,0
13.018,8.25,-10.19,0.600,0
13.018,8.25,-10.19,0.600,0
13.019,8.25,-10.22,0.600,0
13.019,8.25,-10.22,0.600,0
13.019,8.25,-10.22,0.600,0
13.019,8.25,-10.22,0.600,0
13.019,8.25,-10.25,0.600,0
13.020,8.25,-10.25,0.600,0
13.020,8.25,-10.25,0.600,0
13.020,8.25,-10.25,0.600,0
13.020,8.25,-10.29,0.600,0
13.021,8.25,-10.29,0.600,0
13.021,8.25,-10.29,0.600,0
13.021,8.25,-10.29,0.600,0
13.022,8.25,-10.32,0.600,0
13.022,8.25,-10.32,0.600,0
13.022,8.25,-10.32,0.600,0
13.022,8.25,-10.32,0.600,0
13.022,8.25,-10.35,0.600,0
13.023,8.25,-10.35,0.600,0
13.023,8.25,-10.35,0.600,0
13.023,8.25,-10.35,0.600,0
13.023,8.25,-10.38,0.600,0
13.024,8.25,-10.38,0.600,0
13.024,8.25,-10.38,0.600,0
13.024,8.25,-10.38,0.600,0
13.024,8.25,-10.42,0.600,0
13.025,8.25,-10.42,0.600,0
13.025,8.25,-10.42,0.600,0
13.025,8.25,-10.42,0.600,0
13.025,8.25,-10.45,0.600,0
13.026,8.25,-10.45,0.600,0
13.026,8.25,-10.45,0.600,0
13.026,8.25,-10.45,0.600,0
13.026,8.25,-10.48,0.600,0
13.027,8.25,-10.48,0.600,0
13.027,8.25,-10.48,0.600,0
13.027,8.25,-10.48,0.600,0
13.027,8.25,-10.52,0.600,0
13.028,8.25,-10.52,0.600,0
13.028,8.25,-10.52,0.600,0
13.028,8.25,-10.52,0.600,0
13.028,8.25,-10.55,0.600,0
13.029,8.25,-10.55,0.600,0
13.029,8.25,-10.55,0.600,0
13.029,8.25,-10.55,0.600,0
13.029,8.25,-10.58,0.600,0
13.030,8.25,-10.58,0.600,0
13.030,8.25,-10.58,0.600,0
13.030,8.25,-10.58,0.600,0
13.030,8.25,-10.61,0.600,0
13.031,8.25,-10.61,0.600,0
13.031,8.25,-10.61,0.600,0
13.031,8.25,-10.61,0.600,0
13.031,8.25,-10.65,0.600,0
13.032,8.25,-10.65,0.600,0
13.032,8.25,-10.65,0.600,0
13.032,8.25,-10.65,0.600,0
13.032,8.25,-10.65,0.600,0
13.033,8.25,-10.68,0.600,0
13.033,8.25,-10.68,0.600,0
13.033,8.25,-10.68,0.600,0
13.033,8.25,-10.68,0.600,0
13.033,8.25,-10.71,0.600,0
13.034,8.25,-10.71,0.600,0
13.034,8.25,-10.71,0.600,0
13.034,8.25,-10.71,0.600,0
13.035,8.25,-10.74,0.600,0
13.035,8.25,-10.74,0.600,0
13.035,8.25,-10.74,0.600,0
13.036,8.25,-10.78,0.600,0
13.036,8.25,-10.78,0.600,0
13.036,8.25,-10.78,0.600,0
13.036,8.25,-10.78,0.600,0
13.037,8.25,-10.81,0.600,0
13.037,8.25,-10.81,0.600,0
13.037,8.25,-10.81,0.600,0
13.037,8.25,-10.81,0.600,0
13.038,8.25,-10.84,0.600,0
13.038,8.25,-10.84,0.600,0
13.038,8.25,-10.84,0.600,0
13.038,8.25,-10.84,0.600,0
13.039,8.25,-10.87,0.600,0
13.039,8.25,-10.87,0.600,0
13.039,8.25,-10.87,0.600,0
13.039,8.25,-10.91,0.600,0
13.040,8.25,-10.91,0.600,0
13.040,8.25,-10.91,0.600,0
13.040,8.25,-10.91,0.600,0
13.040,8.25,-10.94,0.600,0
13.041,8.25,-10.94,0.600,0
13.041,8.25,-10.94,0.600,0
13.041,8.25,-10.94,0.600,0
13.041,8.25,-10.97,0.600,0
13.042,8.25,-10.97,0.600,0
13.042,8.25,-10.97,0.600,0
13.042,8.25,-10.97,0.600,0
13.042,8.25,-11.00,0.600,0
13.043,8.25,-11.00,0.600,0
13.043,8.25,-11.00,0.600,0
13.043,8.25,-11.00,0.600,0
13.043,8.25,-11.04,0.600,0
13.044,8.25,-11.04,0.600,0
13.044,8.25,-11.04,0.600,0
13.044,8.25,-11.04,0.600,0
13.044,8.25,-11.07,0.600,0
13.045,8.25,-11.07,0.600,0
13.045,8.25,-11.07,0.600,0
13.045,8.25,-11.07,0.600,0
13.045,8.25,-11.10,0.600,0
13.046,8.25,-11.10,0.600,0
13.046,8.25,-11.10,0.600,0
13.046,8.25,-11.10,0.600,0
13.046,8.25,-11.14,0.600,0
13.047,8.25,-11.14,0.600,0
13.047,8.25,-11.14,0.600,0
13.047,8.25,-11.14,0.600,0
13.048,8.25,-11.17,0.600,0
13.048,8.25,-11.17,0.600,0
13.048,8.25,-11.17,0.600,0
13.048,8.25,-11.20,0.600,0
13.049,8.25,-11.20,0.600,0
13.049,8.25,-11.20,0.600,0
13.049,8.25,-11.20,0.600,0
13.049,8.25,-11.23,0.600,0
13.050,8.25,-11.23,0.600,0
13.050,8.25,-11.23,0.600,0
13.050,8.25,-11.23,0.600,0
13.050,8.25,-11.27,0.600,0
13.051,8.25,-11.27,0.600,0
13.051,8.25,-11.27,0.600,0
13.051,8.25,-11.27,0.600,0
13.051,8.25,-11.30,0.600,0
13.052,8.25,-11.30,0.600,0
13.052,8.25,-11.30,0.600,0
13.052,8.25,-11.30,0.600,0
13.052,8.25,-11.33,0.600,0
13.053,8.25,-11.33,0.600,0
13.053,8.25,-11.33,0.600,0
13.053,8.25,-11.33,0.600,0
13.054,8.25,-11.36,0.600,0
13.054,8.25,-11.36,0.600,0
13.054,8.25,-11.36,0.600,0
13.054,8.25,-11.36,0.600,0
13.055,8.25,-11.40,0.600,0
13.055,8.25,-11.40,0.600,0
13.055,8.25,-11.40,0.600,0
13.055,8.25,-11.43,0.600,0
13.056,8.25,-11.43,0.600,0
13.056,8.25,-11.43,0.600,0
13.056,8.25,-11.43,0.600,0
13.056,8.25,-11.46,0.600,0
13.057,8.25,-11.46,0.600,0
13.057,8.25,-11.46,0.600,0
13.057,8.25,-11.46,0.600,0
13.057,8.25,-11.49,0.600,0
13.058,8.25,-11.49,0.600,0
13.058,8.25,-11.49,0.600,0
13.058,8.25,-11.49,0.600,0
13.058,8.25,-11.53,0.600,0
13.059,8.25,-11.53,0.600,0
13.059,8.25,-11.53,0.600,0
13.059,8.25,-11.53,0.600,0
13.059,8.25,-11.56,0.600,0
13.060,8.25,-11.56,0.600,0
13.060,8.25,-11.56,0.600,0
13.060,8.25,-11.56,0.600,0
13.060,8.25,-11.56,0.600,0
13.061,8.25,-11.59,0.600,0
13.061,8.25,-11.59,0.600,0
13.061,8.25,-11.59,0.600,0
13.061,8.25,-11.63,0.600,0
13.062,8.25,-11.63,0.600,0
13.062,8.25,-11.63,0.600,0
13.062,8.25,-11.63,0.600,0
13.063,8.25,-11.66,0.600,0
13.063,8.25,-11.66,0.600,0
13.063,8.25,-11.66,0.600,0
13.063,8.25,-11.69,0.600,0
13.064,8.25,-11.69,0.600,0
13.064,8.25,-11.69,0.600,0
13.064,8.25,-11.69,0.600,0
13.065,8.25,-11.72,0.600,0
13.065,8.25,-11.72,0.600,0
13.065,8.25,-11.72,0.600,0
13.065,8.25,-11.72,0.600,0
13.066,8.25,-11.76,0.600,0
13.066,8.25,-11.76,0.600,0
13.066,8.25,-11.76,0.600,0
13.066,8.25,-11.79,0.600,0
13.067,8.25,-11.79,0.600,0
13.067,8.25,-11.79,0.600,0
13.067,8.25,-11.79,0.600,0
13.067,8.25,-11.82,0.600,0
13.068,8.25,-11.82,0.600,0
13.068,8.25,-11.82,0.600,0
13.068,8.25,-11.82,0.600,0
13.069,8.25,-11.85,0.600,0
13.069,8.25,-11.85,0.600,0
13.069,8.25,-11.85,0.600,0
13.069,8.25,-11.89,0.600,0
13.070,8.25,-11.89,0.600,0
13.070,8.25,-11.89,0.600,0
13.070,8.25,-11.92,0.600,0
13.071,8.25,-11.92,0.600,0
13.071,8.25,-11.92,0.600,0
13.071,8.25,-11.92,0.600,0
13.071,8.25,-11.95,0.600,0
13.072,8.25,-11.95,0.600,0
13.072,8.25,-11.95,0.600,0
13.072,8.25,-11.95,0.600,0
13.072,8.25,-11.98,0.600,0
13.073,8.25,-11.98,0.600,0
13.073,8.25,-11.98,0.600,0
13.073,8.25,-11.98,0.600,0
13.073,8.25,-12.02,0.600,0
13.074,8.25,-12.02,0.600,0
13.074,8.25,-12.02,0.600,0
13.074,8.25,-12.02,0.600,0
13.074,8.25,-12.05,0.600,0
13.075,8.25,-12.05,0.600,0
13.075,8.25,-12.05,0.600,0
13.075,8.25,-12.05,0.600,0
13.076,8.25,-12.08,0.600,0
13.076,8.25,-12.08,0.600,0
13.076,8.25,-12.08,0.600,0
13.076,8.25,-12.12,0.600,0
13.077,8.25,-12.12,0.600,0
13.077,8.25,-12.12,0.600,0
13.077,8.25,-12.12,0.600,0
13.077,8.25,-12.15,0.600,0
13.078,8.25,-12.15,0.600,0
13.078,8.25,-12.15,0.600,0
13.078,8.25,-12.15,0.600,0
13.078,8.25,-12.18,0.600,0
13.079,8.25,-12.18,0.600,0
13.079,8.25,-12.18,0.600,0
13.079,8.25,-12.18,0.600,0
13.079,8.25,-12.18,0.600,0
13.080,8.25,-12.21,0.600,0
13.080,8.25,-12.21,0.600,0
13.080,8.25,-12.21,0.600,0
13.080,8.25,-12.21,0.600,0
13.081,8.25,-12.25,0.600,0
13.081,8.25,-12.25,0.600,0
13.081,8.25,-12.25,0.600,0
13.081,8.25,-12.25,0.600,0
13.081,8.25,-12.28,0.600,0
13.082,8.25,-12.28,0.600,0
13.082,8.25,-12.28,0.600,0
13.082,8.25,-12.28,0.600,0
13.082,8.25,-12.31,0.600,0
13.083,8.25,-12.31,0.600,0
13.083,8.25,-12.31,0.600,0
13.083,8.25,-12.31,0.600,0
13.084,8.25,-12.34,0.600,0
13.084,8.25,-12.34,0.600,0
13.084,8.25,-12.34,0.600,0
13.085,8.25,-12.38,0.600,0
13.085,8.25,-12.38,0.600,0
13.085,8.25,-12.38,0.600,0
13.085,8.25,-12.41,0.600,0
13.086,8.25,-12.41,0.600,0
13.086,8.25,-12.41,0.600,0
13.086,8.25,-12.41,0.600,0
13.086,8.25,-12.44,0.600,0
13.087,8.25,-12.44,0.600,0
13.087,8.25,-12.44,0.600,0
13.087,8.25,-12.44,0.600,0
13.088,8.25,-12.47,0.600,0
13.088,8.25,-12.47,0.600,0
13.088,8.25,-12.47,0.600,0
13.088,8.25,-12.47,0.600,0
13.089,8.25,-12.51,0.600,0
13.089,8.25,-12.51,0.600,0
13.089,8.25,-12.51,0.600,0
13.089,8.25,-12.54,0.600,0
13.090,8.25,-12.54,0.600,0
13.090,8.25,-12.54,0.600,0
13.090,8.25,-12.54,0.600,0
13.091,8.25,-12.57,0.600,0
13.091,8.25,-12.57,0.600,0
13.091,8.25,-12.57,0.600,0
13.092,8.25,-12.61,0.600,0
13.092,8.25,-12.61,0.600,0
13.092,8.25,-12.61,0.600,0
13.092,8.25,-12.61,0.600,0
13.093,8.25,-12.64,0.600,0
13.093,8.25,-12.64,0.600,0
13.093,8.25,-12.64,0.600,0
13.093,8.25,-12.64,0.600,0
13.094,8.25,-12.67,0.600,0
13.094,8.25,-12.67,0.600,0
13.094,8.25,-12.67,0.600,0
13.094,8.25,-12.70,0.600,0
13.095,8.25,-12.70,0.600,0
13.095,8.25,-12.70,0.600,0
13.095,8.25,-12.70,0.600,0
13.095,8.25,-12.74,0.600,0
13.096,8.25,-12.74,0.600,0
13.096,8.25,-12.74,0.600,0
13.096,8.25,-12.74,0.600,0
13.097,8.25,-12.77,0.600,0
13.097,8.25,-12.77,0.600,0
13.097,8.25,-12.77,0.600,0
13.097,8.25,-12.80,0.600,0
13.098,8.25,-12.80,0.600,0
13.098,8.25,-12.80,0.600,0
13.098,8.25,-12.80,0.600,0
13.099,8.25,-12.83,0.600,0
13.099,8.25,-12.83,0.600,0
13.099,8.25,-12.83,0.600,0
13.099,8.25,-12.83,0.600,0
13.099,8.25,-12.87,0.600,0
13.100,8.25,-12.87,0.600,0
13.100,8.25,-12.87,0.600,0
13.100,8.25,-12.87,0.600,0
13.100,8.25,-12.90,0.600,0
13.101,8.25,-12.90,0.600,0
13.101,8.25,-12.90,0.600,0
13.101,8.25,-12.90,0.600,0
13.101,8.25,-12.93,0.600,0
13.102,8.25,-12.93,0.600,0
13.102,8.25,-12.93,0.600,0
13.102,8.25,-12.93,0.600,0
13.102,8.25,-12.96,0.600,0
13.103,8.25,-12.96,0.600,0
13.103,8.25,-12.96,0.600,0
13.103,8.25,-12.96,0.600,0
13.104,8.25,-13.00,0.600,0
13.104,8.25,-13.00,0.600,0
13.104,8.25,-13.00,0.600,0
13.105,8.25,-13.03,0.600,0
13.105,8.25,-13.03,0.600,0
13.105,8.25,-13.03,0.600,0
13.105,8.25,-13.06,0.600,0
13.106,8.25,-13.06,0.600,0
13.106,8.25,-13.06,0.600,0
13.106,8.25,-13.06,0.600,0
13.106,8.25,-13.09,0.600,0
13.107,8.25,-13.09,0.600,0
13.107,8.25,-13.09,0.600,0
13.107,8.25,-13.09,0.600,0
13.107,8.25,-13.13,0.600,0
13.108,8.25,-13.13,0.600,0
13.108,8.25,-13.13,0.600,0
13.108,8.25,-13.13,0.600,0
13.108,8.25,-13.16,0.600,0
13.109,8.25,-13.16,0.600,0
13.109,8.25,-13.16,0.600,0
13.110,8.25,-13.19,0.600,0
13.110,8.25,-13.19,0.600,0
13.110,8.25,-13.19,0.600,0
13.111,8.25,-13.23,0.600,0
13.111,8.25,-13.23,0.600,0
13.111,8.25,-13.23,0.600,0
13.111,8.25,-13.26,0.600,0
13.112,8.25,-13.26,0.600,0
13.112,8.25,-13.26,0.600,0
13.112,8.25,-13.26,0.600,0
13.113,8.25,-13.29,0.600,0
13.113,8.25,-13.29,0.600,0
13.113,8.25,-13.29,0.600,0
13.113,8.25,-13.32,0.600,0
13.114,8.25,-13.32,0.600,0
13.114,8.25,-13.32,0.600,0
13.114,8.25,-13.32,0.600,0
13.114,8.25,-13.32,0.600,0
13.114,8.25,-13.36,0.600,0
13.115,8.25,-13.36,0.600,0
13.115,8.25,-13.36,0.600,0
13.115,8.25,-13.36,0.600,0
13.115,8.25,-13.39,0.600,0
13.116,8.25,-13.39,0.600,0
13.116,8.25,-13.39,0.600,0
13.116,8.25,-13.39,0.600,0
13.116,8.25,-13.42,0.600,0
13.117,8.25,-13.42,0.600,0
13.117,8.25,-13.42,0.600,0
13.117,8.25,-13.42,0.600,0
13.117,8.25,-13.45,0.600,0
13.118,8.25,-13.45,0.600,0
13.118,8.25,-13.45,0.600,0
13.118,8.25,-13.45,0.600,0
13.119,8.25,-13.49,0.600,0
13.119,8.25,-13.49,0.600,0
13.119,8.25,-13.49,0.600,0
13.119,8.25,-13.52,0.600,0
13.120,8.25,-13.52,0.600,0
13.120,8.25,-13.52,0.600,0
13.120,8.25,-13.52,0.600,0
13.120,8.25,-13.55,0.600,0
13.121,8.25,-13.55,0.600,0
13.121,8.25,-13.55,0.600,0
13.121,8.25,-13.55,0.600,0
13.121,8.25,-13.58,0.600,0
13.122,8.25,-13.58,0.600,0
13.122,8.25,-13.58,0.600,0
13.122,8.25,-13.58,0.600,0
13.122,8.25,-13.58,0.600,0
13.122,8.25,-13.62,0.600,0
13.123,8.25,-13.62,0.600,0
13.123,8.25,-13.62,0.600,0
13.123,8.25,-13.62,0.600,0
13.124,8.25,-13.65,0.600,0
13.124,8.25,-13.65,0.600,0
13.124,8.25,-13.68,0.600,0
13.125,8.25,-13.68,0.600,0
13.125,8.25,-13.68,0.600,0
13.125,8.25,-13.72,0.600,0
13.126,8.25,-13.72,0.600,0
13.126,8.25,-13.72,0.600,0
13.126,8.25,-13.72,0.600,0
13.126,8.25,-13.75,0.600,0
13.127,8.25,-13.75,0.600,0
13.127,8.25,-13.75,0.600,0
13.127,8.25,-13.75,0.600,0
13.127,8.25,-13.78,0.600,0
13.128,8.25,-13.78,0.600,0
13.128,8.25,-13.78,0.600,0
13.128,8.25,-13.78,0.600,0
13.128,8.25,-13.81,0.600,0
13.129,8.25,-13.81,0.600,0
13.129,8.25,-13.81,0.600,0
13.129,8.25,-13.81,0.600,0
13.129,8.25,-13.85,0.600,0
13.130,8.25,-13.85,0.600,0
13.130,8.25,-13.85,0.600,0
13.130,8.25,-13.85,0.600,0
13.130,8.25,-13.88,0.600,0
13.131,8.25,-13.88,0.600,0
13.131,8.25,-13.88,0.600,0
13.131,8.25,-13.91,0.600,0
13.132,8.25,-13.91,0.600,0
13.132,8.25,-13.91,0.600,0
13.132,8.25,-13.91,0.600,0
13.132,8.25,-13.94,0.600,0
13.133,8.25,-13.94,0.600,0
13.133,8.25,-13.94,0.600,0
13.133,8.25,-13.94,0.600,0
13.134,8.25,-13.98,0.600,0
13.134,8.25,-13.98,0.600,0
13.134,8.25,-13.98,0.600,0
13.134,8.25,-13.98,0.600,0
13.134,8.25,-14.01,0.600,0
13.135,8.25,-14.01,0.600,0
13.135,8.25,-14.01,0.600,0
13.135,8.25,-14.01,0.600,0
13.135,8.25,-14.04,0.600,0
13.136,8.25,-14.04,0.600,0
13.136,8.25,-14.04,0.600,0
13.136,8.25,-14.04,0.600,0
13.137,8.25,-14.07,0.600,0
13.137,8.25,-14.07,0.600,0
13.137,8.25,-14.07,0.600,0
13.137,8.25,-14.11,0.600,0
13.138,8.25,-14.11,0.600,0
13.138,8.25,-14.11,0.600,0
13.138,8.25,-14.11,0.600,0
13.138,8.25,-14.14,0.600,0
13.139,8.25,-14.14,0.600,0
13.139,8.25,-14.14,0.600,0
13.139,8.25,-14.14,0.600,0
13.139,8.25,-14.17,0.600,0
13.140,8.25,-14.17,0.600,0
13.140,8.25,-14.17,0.600,0
13.140,8.25,-14.17,0.600,0
13.140,8.25,-14.21,0.600,0
13.141,8.25,-14.21,0.600,0
13.141,8.25,-14.21,0.600,0
13.141,8.25,-14.21,0.600,0
13.141,8.25,-14.24,0.600,0
13.142,8.25,-14.24,0.600,0
13.142,8.25,-14.24,0.600,0
13.142,8.25,-14.24,0.600,0
13.142,8.25,-14.27,0.600,0
13.143,8.25,-14.27,0.600,0
13.143,8.25,-14.27,0.600,0
13.143,8.25,-14.27,0.600,0
13.143,8.25,-14.30,0.600,0
13.144,8.25,-14.30,0.600,0
13.144,8.25,-14.30,0.600,0
13.144,8.25,-14.30,0.600,0
13.144,8.25,-14.34,0.600,0
13.145,8.25,-14.34,0.600,0
13.145,8.25,-14.34,0.600,0
13.145,8.25,-14.34,0.600,0
13.145,8.25,-14.37,0.600,0
13.146,8.25,-14.37,0.600,0
13.146,8.25,-14.37,0.600,0
13.146,8.25,-14.37,0.600,0
13.146,8.25,-14.40,0.600,0
13.147,8.25,-14.40,0.600,0
13.147,8.25,-14.40,0.600,0
13.147,8.25,-14.40,0.600,0
13.147,8.25,-14.43,0.600,0
13.148,8.25,-14.43,0.600,0
13.148,8.25,-14.43,0.600,0
13.148,8.25,-14.43,0.600,0
13.148,8.25,-14.43,0.600,0
13.148,8.25,-14.47,0.600,0
13.149,8.25,-14.47,0.600,0
13.149,8.25,-14.47,0.600,0
13.149,8.25,-14.47,0.600,0
13.150,8.25,-14.50,0.600,0
13.150,8.25,-14.50,0.600,0
13.150,8.25,-14.50,0.600,0
13.150,8.25,-14.53,0.600,0
13.151,8.25,-14.53,0.600,0
13.151,8.25,-14.53,0.600,0
13.151,8.25,-14.53,0.600,0
13.151,8.25,-14.56,0.600,0
13.152,8.25,-14.56,0.600,0
13.152,8.25,-14.56,0.600,0
13.152,8.25,-14.56,0.600,0
13.152,8.25,-14.56,0.600,0
13.153,8.25,-14.60,0.600,0
13.153,8.25,-14.60,0.600,0
13.153,8.25,-14.60,0.600,0
13.153,8.25,-14.63,0.600,0
13.154,8.25,-14.63,0.600,0
13.154,8.25,-14.63,0.600,0
13.154,8.25,-14.66,0.600,0
13.155,8.25,-14.66,0.600,0
13.155,8.25,-14.66,0.600,0
13.155,8.25,-14.66,0.600,0
13.155,8.25,-14.70,0.600,0
13.156,8.25,-14.70,0.600,0
13.156,8.25,-14.70,0.600,0
13.156,8.25,-14.70,0.600,0
13.156,8.25,-14.73,0.600,0
13.157,8.25,-14.73,0.600,0
13.157,8.25,-14.73,0.600,0
13.157,8.25,-14.73,0.600,0
13.157,8.25,-14.76,0.600,0
13.157,8.25,-14.76,0.600,0
13.158,8.25,-14.76,0.600,0
13.158,8.25,-14.76,0.600,0
13.158,8.25,-14.76,0.600,0
13.159,8.25,-14.79,0.600,0
13.159,8.25,-14.79,0.600,0
13.159,8.25,-14.79,0.600,0
13.159,8.25,-14.83,0.600,0
13.160,8.25,-14.83,0.600,0
13.160,8.25,-14.83,0.600,0
13.160,8.25,-14.83,0.600,0
13.160,8.25,-14.86,0.600,0
13.161,8.25,-14.86,0.600,0
13.161,8.25,-14.86,0.600,0
13.161,8.25,-14.89,0.600,0
13.162,8.25,-14.89,0.600,0
13.162,8.25,-14.89,0.600,0
13.162,8.25,-14.89,0.600,0
13.162,8.25,-14.92,0.600,0
13.163,8.25,-14.92,0.600,0
13.163,8.25,-14.92,0.600,0
13.163,8.25,-14.92,0.600,0
13.163,8.25,-14.96,0.600,0
13.164,8.25,-14.96,0.600,0
13.164,8.25,-14.96,0.600,0
13.164,8.25,-14.96,0.600,0
13.165,8.25,-14.99,0.600,0
13.165,8.25,-14.99,0.600,0
13.165,8.25,-14.99,0.600,0
13.165,8.25,-14.99,0.600,0
13.166,8.25,-15.02,0.600,0
13.166,8.25,-15.02,0.600,0
13.166,8.25,-15.02,0.600,0
13.166,8.25,-15.05,0.600,0
13.167,8.25,-15.05,0.600,0
13.167,8.25,-15.05,0.600,0
13.167,8.25,-15.05,0.600,0
13.168,8.25,-15.09,0.600,0
13.168,8.25,-15.09,0.600,0
13.168,8.25,-15.09,0.600,0
13.168,8.25,-15.09,0.600,0
13.169,8.25,-15.12,0.600,0
13.169,8.25,-15.12,0.600,0
13.169,8.25,-15.12,0.600,0
13.169,8.25,-15.12,0.600,0
13.170,8.25,-15.15,0.600,0
13.170,8.25,-15.15,0.600,0
13.170,8.25,-15.15,0.600,0
13.170,8.25,-15.15,0.600,0
13.170,8.25,-15.19,0.600,0
13.171,8.25,-15.19,0.600,0
13.171,8.25,-15.19,0.600,0
13.171,8.25,-15.19,0.600,0
13.171,8.25,-15.22,0.600,0
13.172,8.25,-15.22,0.600,0
13.172,8.25,-15.22,0.600,0
13.172,8.25,-15.22,0.600,0
13.172,8.25,-15.22,0.600,0
13.173,8.25,-15.25,0.600,0
13.173,8.25,-15.25,0.600,0
13.173,8.25,-15.25,0.600,0
13.173,8.25,-15.28,0.600,0
13.174,8.25,-15.28,0.600,0
13.174,8.25,-15.28,0.600,0
13.174,8.25,-15.28,0.600,0
13.175,8.25,-15.32,0.600,0
13.175,8.25,-15.32,0.600,0
13.175,8.25,-15.32,0.600,0
13.175,8.25,-15.35,0.600,0
13.176,8.25,-15.35,0.600,0
13.176,8.25,-15.35,0.600,0
13.176,8.25,-15.35,0.600,0
13.176,8.25,-15.38,0.600,0
13.177,8.25,-15.38,0.600,0
13.177,8.25,-15.38,0.600,0
13.177,8.25,-15.38,0.600,0
13.177,8.25,-15.41,0.600,0
13.178,8.25,-15.41,0.600,0
13.178,8.25,-15.41,0.600,0
13.178,8.25,-15.41,0.600,0
13.178,8.25,-15.41,0.600,0
13.179,8.25,-15.45,0.600,0
13.179,8.25,-15.45,0.600,0
13.179,8.25,-15.45,0.600,0
13.179,8.25,-15.48,0.600,0
13.179,8.25,-15.48,0.600,0
13.180,8.25,-15.48,0.600,0
13.180,8.25,-15.48,0.600,0
13.180,8.25,-15.48,0.600,0
13.181,8.25,-15.51,0.600,0
13.181,8.25,-15.51,0.600,0
13.181,8.25,-15.51,0.600,0
13.181,8.25,-15.51,0.600,0
13.181,8.25,-15.54,0.600,0
13.182,8.25,-15.54,0.600,0
13.182,8.25,-15.54,0.600,0
13.182,8.25,-15.54,0.600,0
13.182,8.25,-15.58,0.600,0
13.183,8.25,-15.58,0.600,0
13.183,8.25,-15.58,0.600,0
13.183,8.25,-15.58,0.600,0
13.183,8.25,-15.61,0.600,0
13.184,8.25,-15.61,0.600,0
13.184,8.25,-15.61,0.600,0
13.184,8.25,-15.61,0.600,0
13.184,8.25,-15.61,0.600,0
13.184,8.25,-15.64,0.600,0
13.185,8.25,-15.64,0.600,0
13.185,8.25,-15.64,0.600,0
13.185,8.25,-15.64,0.600,0
13.185,8.25,-15.68,0.600,0
13.186,8.25,-15.68,0.600,0
13.186,8.25,-15.68,0.600,0
13.186,8.25,-15.68,0.600,0
13.186,8.25,-15.71,0.600,0
13.187,8.25,-15.71,0.600,0
13.187,8.25,-15.71,0.600,0
13.187,8.25,-15.71,0.600,0
13.187,8.25,-15.74,0.600,0
13.188,8.25,-15.74,0.600,0
13.188,8.25,-15.74,0.600,0
13.188,8.25,-15.74,0.600,0
13.188,8.25,-15.74,0.600,0
13.189,8.25,-15.77,0.600,0
13.189,8.25,-15.77,0.600,0
13.189,8.25,-15.77,0.600,0
13.189,8.25,-15.77,0.600,0
13.189,8.25,-15.81,0.600,0
13.190,8.25,-15.81,0.600,0
13.190,8.25,-15.81,0.600,0
13.190,8.25,-15.81,0.600,0
13.190,8.25,-15.84,0.600,0
13.191,8.25,-15.84,0.600,0
13.191,8.25,-15.84,0.600,0
13.191,8.25,-15.84,0.600,0
13.191,8.25,-15.84,0.600,0
13.191,8.25,-15.87,0.600,0
13.192,8.25,-15.87,0.600,0
13.192,8.25,-15.87,0.600,0
13.192,8.25,-15.87,0.600,0
13.192,8.25,-15.87,0.600,0
13.193,8.25,-15.90,0.600,0
13.193,8.25,-15.90,0.600,0
13.193,8.25,-15.90,0.600,0
13.193,8.25,-15.94,0.600,0
13.194,8.25,-15.94,0.600,0
13.194,8.25,-15.94,0.600,0
13.194,8.25,-15.94,0.600,0
13.194,8.25,-15.97,0.600,0
13.195,8.25,-15.97,0.600,0
13.195,8.25,-15.97,0.600,0
13.195,8.25,-15.97,0.600,0
13.195,8.25,-16.00,0.600,0
13.196,8.25,-16.00,0.600,0
13.196,8.25,-16.00,0.600,0
13.196,8.25,-16.00,0.600,0
13.196,8.25,-16.00,0.600,0
13.196,8.25,-16.03,0.600,0
13.197,8.25,-16.03,0.600,0
13.197,8.25,-16.03,0.600,0
13.197,8.25,-16.03,0.600,0
13.197,8.25,-16.07,0.600,0
13.198,8.25,-16.07,0.600,0
13.198,8.25,-16.07,0.600,0
13.198,8.25,-16.07,0.600,0
13.198,8.25,-16.10,0.600,0
13.199,8.25,-16.10,0.600,0
13.199,8.25,-16.10,0.600,0
13.199,8.25,-16.10,0.600,0
13.199,8.25,-16.13,0.600,0
13.200,8.25,-16.13,0.600,0
13.200,8.25,-16.13,0.600,0
13.200,8.25,-16.13,0.600,0
13.200,8.25,-16.17,0.600,0
13.201,8.25,-16.17,0.600,0
13.201,8.25,-16.17,0.600,0
13.201,8.25,-16.17,0.600,0
13.202,8.25,-16.20,0.600,0
13.202,8.25,-16.20,0.600,0
13.202,8.25,-16.20,0.600,0
13.202,8.25,-16.23,0.600,0
13.203,8.25,-16.23,0.600,0
13.203,8.25,-16.23,0.600,0
13.203,8.25,-16.23,0.600,0
13.203,8.25,-16.23,0.600,0
13.203,8.25,-16.26,0.600,0
13.204,8.25,-16.26,0.600,0
13.204,8.25,-16.26,0.600,0
13.204,8.25,-16.26,0.600,0
13.204,8.25,-16.30,0.600,0
13.205,8.25,-16.30,0.600,0
13.205,8.25,-16.30,0.600,0
13.205,8.25,-16.30,0.600,0
13.205,8.25,-16.33,0.600,0
13.206,8.25,-16.33,0.600,0
13.206,8.25,-16.33,0.600,0
13.206,8.25,-16.33,0.600,0
13.206,8.25,-16.36,0.600,0
13.207,8.25,-16.36,0.600,0
13.207,8.25,-16.36,0.600,0
13.207,8.25,-16.36,0.600,0
13.207,8.25,-16.39,0.600,0
13.208,8.25,-16.39,0.600,0
13.208,8.25,-16.39,0.600,0
13.208,8.25,-16.39,0.600,0
13.208,8.25,-16.43,0.600,0
13.209,8.25,-16.43,0.600,0
13.209,8.25,-16.43,0.600,0
13.209,8.25,-16.43,0.600,0
13.209,8.25,-16.46,0.600,0
13.210,8.25,-16.46,0.600,0
13.210,8.25,-16.46,0.600,0
13.210,8.25,-16.46,0.600,0
13.210,8.25,-16.49,0.600,0
13.211,8.25,-16.49,0.600,0
13.211,8.25,-16.49,0.600,0
13.211,8.25,-16.49,0.600,0
13.211,8.25,-16.49,0.600,0
13.211,8.25,-16.53,0.600,0
13.212,8.25,-16.53,0.600,0
13.212,8.25,-16.53,0.600,0
13.212,8.25,-16.53,0.600,0
13.212,8.25,-16.56,0.600,0
13.213,8.25,-16.56,0.600,0
13.213,8.25,-16.56,0.600,0
13.213,8.25,-16.56,0.600,0
13.213,8.25,-16.56,0.600,0
13.214,8.25,-16.59,0.600,0
13.214,8.25,-16.59,0.600,0
13.214,8.25,-16.59,0.600,0
13.214,8.25,-16.59,0.600,0
13.214,8.25,-16.62,0.600,0
13.215,8.25,-16.62,0.600,0
13.215,8.25,-16.62,0.600,0
13.215,8.25,-16.62,0.600,0
13.215,8.25,-16.66,0.600,0
13.216,8.25,-16.66,0.600,0
13.216,8.25,-16.66,0.600,0
13.216,8.25,-16.66,0.600,0
13.216,8.25,-16.69,0.600,0
13.217,8.25,-16.69,0.600,0
13.217,8.25,-16.69,0.600,0
13.217,8.25,-16.69,0.600,0
13.217,8.25,-16.72,0.600,0
13.218,8.25,-16.72,0.600,0
13.218,8.25,-16.72,0.600,0
13.218,8.25,-16.72,0.600,0
13.218,8.25,-16.72,0.600,0
13.218,8.25,-16.75,0.600,0
13.219,8.25,-16.75,0.600,0
13.219,8.25,-16.75,0.600,0
13.219,8.25,-16.75,0.600,0
13.219,8.25,-16.79,0.600,0
13.220,8.25,-16.79,0.600,0
13.220,8.25,-16.79,0.600,0
13.220,8.25,-16.79,0.600,0
13.220,8.25,-16.82,0.600,0
13.221,8.25,-16.82,0.600,0
13.221,8.25,-16.82,0.600,0
13.221,8.25,-16.82,0.600,0
13.221,8.25,-16.85,0.600,0
13.222,8.25,-16.85,0.600,0
13.222,8.25,-16.85,0.600,0
13.222,8.25,-16.85,0.600,0
13.222,8.25,-16.85,0.600,0
13.223,8.25,-16.88,0.600,0
13.223,8.25,-16.88,0.600,0
13.223,8.25,-16.88,0.600,0
13.223,8.25,-16.92,0.600,0
13.224,8.25,-16.92,0.600,0
13.224,8.25,-16.92,0.600,0
13.224,8.25,-16.92,0.600,0
13.224,8.25,-16.92,0.600,0
13.225,8.25,-16.95,0.600,0
13.225,8.25,-16.95,0.600,0
13.225,8.25,-16.95,0.600,0
13.225,8.25,-16.95,0.600,0
13.225,8.25,-16.98,0.600,0
13.226,8.25,-16.98,0.600,0
13.226,8.25,-16.98,0.600,0
13.226,8.25,-16.98,0.600,0
13.226,8.25,-17.02,0.600,0
13.227,8.25,-17.02,0.600,0
13.227,8.25,-17.02,0.600,0
13.227,8.25,-17.02,0.600,0
13.227,8.25,-17.05,0.600,0
13.228,8.25,-17.05,0.600,0
13.228,8.25,-17.05,0.600,0
13.228,8.25,-17.05,0.600,0
13.228,8.25,-17.05,0.600,0
13.229,8.25,-17.08,0.600,0
13.229,8.25,-17.08,0.600,0
13.229,8.25,-17.08,0.600,0
13.229,8.25,-17.11,0.600,0
13.230,8.25,-17.11,0.600,0
13.230,8.25,-17.11,0.600,0
13.230,8.25,-17.11,0.600,0
13.230,8.25,-17.11,0.600,0
13.231,8.25,-17.15,0.600,0
13.231,8.25,-17.15,0.600,0
13.231,8.25,-17.15,0.600,0
13.231,8.25,-17.18,0.600,0
13.232,8.25,-17.18,0.600,0
13.232,8.25,-17.18,0.600,0
13.232,8.25,-17.18,0.600,0
13.232,8.25,-17.18,0.600,0
13.233,8.25,-17.21,0.600,0
13.233,8.25,-17.21,0.600,0
13.233,8.25,-17.21,0.600,0
13.233,8.25,-17.21,0.600,0
13.233,8.25,-17.24,0.600,0
13.234,8.25,-17.24,0.600,0
13.234,8.25,-17.24,0.600,0
13.234,8.25,-17.24,0.600,0
13.234,8.25,-17.28,0.600,0
13.235,8.25,-17.28,0.600,0
13.235,8.25,-17.28,0.600,0
13.235,8.25,-17.28,0.600,0
13.235,8.25,-17.31,0.600,0
13.236,8.25,-17.31,0.600,0
13.236,8.25,-17.31,0.600,0
13.236,8.25,-17.31,0.600,0
13.236,8.25,-17.34,0.600,0
13.237,8.25,-17.34,0.600,0
13.237,8.25,-17.34,0.600,0
13.237,8.25,-17.34,0.600,0
13.237,8.25,-17.37,0.600,0
13.238,8.25,-17.37,0.600,0
13.238,8.25,-17.37,0.600,0
13.238,8.25,-17.37,0.600,0
13.238,8.25,-17.37,0.600,0
13.238,8.25,-17.41,0.600,0
13.239,8.25,-17.41,0.600,0
13.239,8.25,-17.41,0.600,0
13.239,8.25,-17.41,0.600,0
13.239,8.25,-17.44,0.600,0
13.240,8.25,-17.44,0.600,0
13.240,8.25,-17.44,0.600,0
13.240,8.25,-17.44,0.600,0
13.240,8.25,-17.44,0.600,0
13.241,8.25,-17.47,0.600,0
13.241,8.25,-17.47,0.600,0
13.241,8.25,-17.47,0.600,0
13.241,8.25,-17.47,0.600,0
13.242,8.25,-17.51,0.600,0
13.242,8.25,-17.51,0.600,0
13.242,8.25,-17.51,0.600,0
13.242,8.25,-17.51,0.600,0
13.243,8.25,-17.54,0.600,0
13.243,8.25,-17.54,0.600,0
13.243,8.25,-17.54,0.600,0
13.243,8.25,-17.54,0.600,0
13.244,8.25,-17.57,0.600,0
13.244,8.25,-17.57,0.600,0
13.244,8.25,-17.57,0.600,0
13.244,8.25,-17.57,0.600,0
13.244,8.25,-17.60,0.600,0
13.245,8.25,-17.60,0.600,0
13.245,8.25,-17.60,0.600,0
13.245,8.25,-17.60,0.600,0
13.245,8.25,-17.64,0.600,0
13.246,8.25,-17.64,0.600,0
13.246,8.25,-17.64,0.600,0
13.246,8.25,-17.64,0.600,0
13.246,8.25,-17.67,0.600,0
13.247,8.25,-17.67,0.600,0
13.247,8.25,-17.67,0.600,0
13.247,8.25,-17.67,0.600,0
13.247,8.25,-17.70,0.600,0
13.248,8.25,-17.70,0.600,0
13.248,8.25,-17.70,0.600,0
13.248,8.25,-17.70,0.600,0
13.248,8.25,-17.73,0.600,0
13.249,8.25,-17.73,0.600,0
13.249,8.25,-17.73,0.600,0
13.249,8.25,-17.73,0.600,0
13.249,8.25,-17.77,0.600,0
13.250,8.25,-17.77,0.600,0
13.250,8.25,-17.77,0.600,0
13.250,8.25,-17.77,0.600,0
13.250,8.25,-17.77,0.600,0
13.251,8.25,-17.80,0.600,0
13.251,8.25,-17.80,0.600,0
13.251,8.25,-17.80,0.600,0
13.251,8.25,-17.83,0.600,0
13.252,8.25,-17.83,0.600,0
13.252,8.25,-17.83,0.600,0
13.252,8.25,-17.83,0.600,0
13.252,8.25,-17.83,0.600,0
13.253,8.25,-17.86,0.600,0
13.253,8.25,-17.86,0.600,0
13.253,8.25,-17.86,0.600,0
13.253,8.25,-17.86,0.600,0
13.253,8.25,-17.90,0.600,0
13.254,8.25,-17.90,0.600,0
13.254,8.25,-17.90,0.600,0
13.254,8.25,-17.90,0.600,0
13.254,8.25,-17.90,0.600,0
13.255,8.25,-17.93,0.600,0
13.255,8.25,-17.93,0.600,0
13.255,8.25,-17.93,0.600,0
13.255,8.25,-17.93,0.600,0
13.255,8.25,-17.96,0.600,0
13.256,8.25,-17.96,0.600,0
13.256,8.25,-17.96,0.600,0
13.256,8.25,-17.96,0.600,0
13.256,8.25,-18.00,0.600,0
13.257,8.25,-18.00,0.600,0
13.257,8.25,-18.00,0.600,0
13.257,8.25,-18.00,0.600,0
13.258,8.25,-18.03,0.600,0
13.258,8.25,-18.03,0.600,0
13.258,8.25,-18.03,0.600,0
13.258,8.25,-18.03,0.600,0
13.259,8.25,-18.06,0.600,0
13.259,8.25,-18.06,0.600,0
13.259,8.25,-18.06,0.600,0
13.259,8.25,-18.06,0.600,0
13.259,8.25,-18.09,0.600,0
13.260,8.25,-18.09,0.600,0
13.260,8.25,-18.09,0.600,0
13.260,8.25,-18.09,0.600,0
13.260,8.25,-18.13,0.600,0
13.261,8.25,-18.13,0.600,0
13.261,8.25,-18.13,0.600,0
13.261,8.25,-18.13,0.600,0
13.261,8.25,-18.13,0.600,0
13.262,8.25,-18.16,0.600,0
13.262,8.25,-18.16,0.600,0
13.262,8.25,-18.16,0.600,0
13.262,8.25,-18.16,0.600,0
13.263,8.25,-18.19,0.600,0
13.263,8.25,-18.19,0.600,0
13.263,8.25,-18.19,0.600,0
13.263,8.25,-18.19,0.600,0
13.263,8.25,-18.22,0.600,0
13.264,8.25,-18.22,0.600,0
13.264,8.25,-18.22,0.600,0
13.264,8.25,-18.22,0.600,0
13.265,8.25,-18.26,0.600,0
13.265,8.25,-18.26,0.600,0
13.265,8.25,-18.26,0.600,0
13.265,8.25,-18.26,0.600,0
13.265,8.25,-18.29,0.600,0
13.266,8.25,-18.29,0.600,0
13.266,8.25,-18.29,0.600,0
13.266,8.25,-18.29,0.600,0
13.266,8.25,-18.32,0.600,0
13.267,8.25,-18.32,0.600,0
13.267,8.25,-18.32,0.600,0
13.267,8.25,-18.32,0.600,0
13.267,8.25,-18.35,0.600,0
13.268,8.25,-18.35,0.600,0
13.268,8.25,-18.35,0.600,0
13.268,8.25,-18.35,0.600,0
13.268,8.25,-18.35,0.600,0
13.269,8.25,-18.39,0.600,0
13.269,8.25,-18.39,0.600,0
13.269,8.25,-18.39,0.600,0
13.269,8.25,-18.39,0.600,0
13.270,8.25,-18.42,0.600,0
13.270,8.25,-18.42,0.600,0
13.270,8.25,-18.42,0.600,0
13.270,8.25,-18.42,0.600,0
13.270,8.25,-18.45,0.600,0
13.271,8.25,-18.45,0.600,0
13.271,8.25,-18.45,0.600,0
13.271,8.25,-18.45,0.600,0
13.272,8.25,-18.49,0.600,0
13.272,8.25,-18.49,0.600,0
13.272,8.25,-18.49,0.600,0
13.272,8.25,-18.49,0.600,0
13.272,8.25,-18.52,0.600,0
13.273,8.25,-18.52,0.600,0
13.273,8.25,-18.52,0.600,0
13.273,8.25,-18.52,0.600,0
13.273,8.25,-18.55,0.600,0
13.274,8.25,-18.55,0.600,0
13.274,8.25,-18.55,0.600,0
13.274,8.25,-18.55,0.600,0
13.274,8.25,-18.55,0.600,0
13.275,8.25,-18.58,0.600,0
13.275,8.25,-18.58,0.600,0
13.275,8.25,-18.58,0.600,0
13.275,8.25,-18.58,0.600,0
13.275,8.25,-18.62,0.600,0
13.276,8.25,-18.62,0.600,0
13.276,8.25,-18.62,0.600,0
13.276,8.25,-18.62,0.600,0
13.276,8.25,-18.65,0.600,0
13.277,8.25,-18.65,0.600,0
13.277,8.25,-18.65,0.600,0
13.277,8.25,-18.65,0.600,0
13.277,8.25,-18.68,0.600,0
13.278,8.25,-18.68,0.600,0
13.278,8.25,-18.68,0.600,0
13.278,8.25,-18.68,0.600,0
13.278,8.25,-18.71,0.600,0
13.279,8.25,-18.71,0.600,0
13.279,8.25,-18.71,0.600,0
13.279,8.25,-18.71,0.600,0
13.279,8.25,-18.75,0.600,0
13.280,8.25,-18.75,0.600,0
13.280,8.25,-18.75,0.600,0
13.280,8.25,-18.75,0.600,0
13.280,8.25,-18.75,0.600,0
13.280,8.25,-18.78,0.600,0
13.281,8.25,-18.78,0.600,0
13.281,8.25,-18.78,0.600,0
13.281,8.25,-18.78,0.600,0
13.281,8.25,-18.81,0.600,0
13.282,8.25,-18.81,0.600,0
13.282,8.25,-18.81,0.600,0
13.282,8.25,-18.81,0.600,0
13.282,8.25,-18.81,0.600,0
13.283,8.25,-18.85,0.600,0
13.283,8.25,-18.85,0.600,0
13.283,8.25,-18.85,0.600,0
13.283,8.25,-18.85,0.600,0
13.283,8.25,-18.88,0.600,0
13.284,8.25,-18.88,0.600,0
13.284,8.25,-18.88,0.600,0
13.284,8.25,-18.88,0.600,0
13.284,8.25,-18.91,0.600,0
13.285,8.25,-18.91,0.600,0
13.285,8.25,-18.91,0.600,0
13.285,8.25,-18.91,0.600,0
13.285,8.25,-18.94,0.600,0
13.286,8.25,-18.94,0.600,0
13.286,8.25,-18.94,0.600,0
13.286,8.25,-18.94,0.600,0
13.286,8.25,-18.98,0.600,0
13.287,8.25,-18.98,0.600,0
13.287,8.25,-18.98,0.600,0
13.287,8.25,-18.98,0.600,0
13.287,8.25,-19.01,0.600,0
13.288,8.25,-19.01,0.600,0
13.288,8.25,-19.01,0.600,0
13.288,8.25,-19.01,0.600,0
13.288,8.25,-19.01,0.600,0
13.289,8.25,-19.04,0.600,0
13.289,8.25,-19.04,0.600,0
13.289,8.25,-19.04,0.600,0
13.289,8.25,-19.04,0.600,0
13.289,8.25,-19.07,0.600,0
13.290,8.25,-19.07,0.600,0
13.290,8.25,-19.07,0.600,0
13.290,8.25,-19.07,0.600,0
13.290,8.25,-19.11,0.600,0
13.291,8.25,-19.11,0.600,0
13.291,8.25,-19.11,0.600,0
13.291,8.25,-19.11,0.600,0
13.291,8.25,-19.14,0.600,0
13.292,8.25,-19.14,0.600,0
13.292,8.25,-19.14,0.600,0
13.292,8.25,-19.14,0.600,0
13.292,8.25,-19.14,0.600,0
13.293,8.25,-19.17,0.600,0
13.293,8.25,-19.17,0.600,0
13.293,8.25,-19.17,0.600,0
13.293,8.25,-19.17,0.600,0
13.294,8.25,-19.20,0.600,0
13.294,8.25,-19.20,0.600,0
13.294,8.25,-19.20,0.600,0
13.294,8.25,-19.20,0.600,0
13.294,8.25,-19.24,0.600,0
13.295,8.25,-19.24,0.600,0
13.295,8.25,-19.24,0.600,0
13.295,8.25,-19.24,0.600,0
13.295,8.25,-19.27,0.600,0
13.296,8.25,-19.27,0.600,0
13.296,8.25,-19.27,0.600,0
13.296,8.25,-19.27,0.600,0
13.296,8.25,-19.27,0.600,0
13.297,8.25,-19.30,0.600,0
13.297,8.25,-19.30,0.600,0
13.297,8.25,-19.30,0.600,0
13.297,8.25,-19.30,0.600,0
13.298,8.25,-19.34,0.600,0
13.298,8.25,-19.34,0.600,0
13.298,8.25,-19.34,0.600,0
13.299,8.25,-19.37,0.600,0
13.299,8.25,-19.37,0.600,0
13.299,8.25,-19.37,0.600,0
13.300,8.25,-19.40,0.600,0
13.300,8.25,-19.40,0.600,0
13.300,8.25,-19.40,0.600,0
13.300,8.25,-19.40,0.600,0
13.301,8.25,-19.43,0.600,0
13.301,8.25,-19.43,0.600,0
13.301,8.25,-19.43,0.600,0
13.301,8.25,-19.43,0.600,0
13.301,8.25,-19.47,0.600,0
13.302,8.25,-19.47,0.600,0
13.302,8.25,-19.47,0.600,0
13.302,8.25,-19.47,0.600,0
13.303,8.25,-19.50,0.600,0
13.303,8.25,-19.50,0.600,0
13.303,8.25,-19.50,0.600,0
13.303,8.25,-19.53,0.600,0
13.304,8.25,-19.53,0.600,0
13.304,8.25,-19.53,0.600,0
13.304,8.25,-19.53,0.600,0
13.305,8.25,-19.56,0.600,0
13.305,8.25,-19.56,0.600,0
13.305,8.25,-19.60,0.600,0
13.306,8.25,-19.60,0.600,0
13.306,8.25,-19.60,0.600,0
13.306,8.25,-19.60,0.600,0
13.306,8.25,-19.63,0.600,0
13.307,8.25,-19.63,0.600,0
13.307,8.25,-19.63,0.600,0
13.307,8.25,-19.63,0.600,0
13.307,8.25,-19.66,0.600,0
13.308,8.25,-19.66,0.600,0
13.308,8.25,-19.66,0.600,0
13.308,8.25,-19.66,0.600,0
13.308,8.25,-19.69,0.600,0
13.309,8.25,-19.69,0.600,0
13.309,8.25,-19.69,0.600,0
13.309,8.25,-19.69,0.600,0
13.309,8.25,-19.69,0.600,0
13.310,8.25,-19.73,0.600,0
13.310,8.25,-19.73,0.600,0
13.310,8.25,-19.73,0.600,0
13.310,8.25,-19.73,0.600,0
13.310,8.25,-19.76,0.600,0
13.311,8.25,-19.76,0.600,0
13.311,8.25,-19.76,0.600,0
13.311,8.25,-19.76,0.600,0
13.311,8.25,-19.79,0.600,0
13.312,8.25,-19.79,0.600,0
13.312,8.25,-19.79,0.600,0
13.312,8.25,-19.79,0.600,0
13.313,8.25,-19.83,0.600,0
13.313,8.25,-19.83,0.600,0
13.313,8.25,-19.83,0.600,0
13.313,8.25,-19.83,0.600,0
13.314,8.25,-19.86,0.600,0
13.314,8.25,-19.86,0.600,0
13.314,8.25,-19.86,0.600,0
13.314,8.25,-19.86,0.600,0
13.314,8.25,-19.89,0.600,0
13.315,8.25,-19.89,0.600,0
13.315,8.25,-19.89,0.600,0
13.315,8.25,-19.89,0.600,0
13.315,8.25,-19.92,0.600,0
13.316,8.25,-19.92,0.600,0
13.316,8.25,-19.92,0.600,0
13.316,8.25,-19.92,0.600,0
13.316,8.25,-19.96,0.600,0
13.317,8.25,-19.96,0.600,0
13.317,8.25,-19.96,0.600,0
13.317,8.25,-19.96,0.600,0
13.317,8.25,-19.96,0.600,0
13.317,8.25,-19.99,0.600,0
13.318,8.25,-19.99,0.600,0
13.318,8.25,-19.99,0.600,0
13.318,8.25,-19.99,0.600,0
13.319,8.25,-20.02,0.600,0
13.319,8.25,-20.02,0.600,0
13.319,8.25,-20.02,0.600,0
13.319,8.25,-20.05,0.600,0
13.320,8.25,-20.05,0.600,0
13.320,8.25,-20.05,0.600,0
13.320,8.25,-20.05,0.600,0
13.320,8.25,-20.05,0.600,0
13.321,8.25,-20.09,0.600,0
13.321,8.25,-20.09,0.600,0
13.321,8.25,-20.09,0.600,0
13.321,8.25,-20.09,0.600,0
13.321,8.25,-20.12,0.600,0
13.322,8.25,-20.12,0.600,0
13.322,8.25,-20.12,0.600,0
13.322,8.25,-20.12,0.600,0
13.322,8.25,-20.12,0.600,0
13.323,8.25,-20.15,0.600,0
13.323,8.25,-20.15,0.600,0
13.323,8.25,-20.15,0.600,0
13.323,8.25,-20.15,0.600,0
13.324,8.25,-20.18,0.600,0
13.324,8.25,-20.18,0.600,0
13.324,8.25,-20.18,0.600,0
13.324,8.25,-20.22,0.600,0
13.325,8.25,-20.22,0.600,0
13.325,8.25,-20.22,0.600,0
13.325,8.25,-20.22,0.600,0
13.325,8.25,-20.25,0.600,0
13.326,8.25,-20.25,0.600,0
13.326,8.25,-20.25,0.600,0
13.326,8.25,-20.25,0.600,0
13.327,8.25,-20.28,0.600,0
13.327,8.25,-20.28,0.600,0
13.327,8.25,-20.28,0.600,0
13.327,8.25,-20.32,0.600,0
13.328,8.25,-20.32,0.600,0
13.328,8.25,-20.32,0.600,0
13.328,8.25,-20.32,0.600,0
13.328,8.25,-20.35,0.600,0
13.329,8.25,-20.35,0.600,0
13.329,8.25,-20.35,0.600,0
13.329,8.25,-20.35,0.600,0
13.330,8.25,-20.38,0.600,0
13.330,8.25,-20.38,0.600,0
13.330,8.25,-20.38,0.600,0
13.330,8.25,-20.41,0.600,0
13.331,8.25,-20.41,0.600,0
13.331,8.25,-20.41,0.600,0
13.331,8.25,-20.41,0.600,0
13.332,8.25,-20.45,0.600,0
13.332,8.25,-20.45,0.600,0
13.332,8.25,-20.45,0.600,0
13.332,8.25,-20.48,0.600,0
13.333,8.25,-20.48,0.600,0
13.333,8.25,-20.48,0.600,0
13.333,8.25,-20.51,0.600,0
13.334,8.25,-20.51,0.600,0
13.334,8.25,-20.51,0.600,0
13.334,8.25,-20.51,0.600,0
13.335,8.25,-20.54,0.600,0
13.335,8.25,-20.54,0.600,0
13.335,8.25,-20.54,0.600,0
13.335,8.25,-20.54,0.600,0
13.336,8.25,-20.58,0.600,0
13.336,8.25,-20.58,0.600,0
13.336,8.25,-20.58,0.600,0
13.336,8.25,-20.58,0.600,0
13.337,8.25,-20.61,0.600,0
13.337,8.25,-20.61,0.600,0
13.337,8.25,-20.61,0.600,0
13.338,8.25,-20.64,0.600,0
13.338,8.25,-20.64,0.600,0
13.338,8.25,-20.64,0.600,0
13.338,8.25,-20.64,0.600,0
13.339,8.25,-20.68,0.600,0
13.339,8.25,-20.68,0.600,0
13.339,8.25,-20.68,0.600,0
13.339,8.25,-20.68,0.600,0
13.340,8.25,-20.71,0.600,0
13.340,8.25,-20.71,0.600,0
13.340,8.25,-20.71,0.600,0
13.340,8.25,-20.71,0.600,0
13.341,8.25,-20.74,0.600,0
13.341,8.25,-20.74,0.600,0
13.341,8.25,-20.74,0.600,0
13.341,8.25,-20.77,0.600,0
13.342,8.25,-20.77,0.600,0
13.342,8.25,-20.77,0.600,0
13.342,8.25,-20.77,0.600,0
13.342,8.25,-20.81,0.600,0
13.343,8.25,-20.81,0.600,0
13.343,8.25,-20.81,0.600,0
13.343,8.25,-20.81,0.600,0
13.343,8.25,-20.81,0.600,0
13.344,8.25,-20.84,0.600,0
13.344,8.25,-20.84,0.600,0
13.344,8.25,-20.84,0.600,0
13.344,8.25,-20.84,0.600,0
13.344,8.25,-20.87,0.600,0
13.345,8.25,-20.87,0.600,0
13.345,8.25,-20.87,0.600,0
13.345,8.25,-20.87,0.600,0
13.345,8.25,-20.90,0.600,0
13.346,8.25,-20.90,0.600,0
13.346,8.25,-20.90,0.600,0
13.346,8.25,-20.90,0.600,0
13.346,8.25,-20.90,0.600,0
13.347,8.25,-20.94,0.600,0
13.347,8.25,-20.94,0.600,0
13.347,8.25,-20.94,0.600,0
13.347,8.25,-20.94,0.600,0
13.348,8.25,-20.97,0.600,0
13.348,8.25,-20.97,0.600,0
13.348,8.25,-20.97,0.600,0
13.348,8.25,-20.97,0.600,0
13.349,8.25,-21.00,0.600,0
13.349,8.25,-21.00,0.600,0
13.349,8.25,-21.00,0.600,0
13.349,8.25,-21.00,0.600,0
13.350,8.25,-21.03,0.600,0
13.350,8.25,-21.03,0.600,0
13.350,8.25,-21.03,0.600,0
13.350,8.25,-21.03,0.600,0
13.350,8.25,-21.07,0.600,0
13.351,8.25,-21.07,0.600,0
13.351,8.25,-21.07,0.600,0
13.351,8.25,-21.07,0.600,0
13.351,8.25,-21.10,0.600,0
13.352,8.25,-21.10,0.600,0
13.352,8.25,-21.10,0.600,0
13.352,8.25,-21.10,0.600,0
13.352,8.25,-21.10,0.600,0
13.353,8.25,-21.13,0.600,0
13.353,8.25,-21.13,0.600,0
13.353,8.25,-21.13,0.600,0
13.353,8.25,-21.13,0.600,0
13.354,8.25,-21.17,0.600,0
13.354,8.25,-21.17,0.600,0
13.354,8.25,-21.20,0.600,0
13.355,8.25,-21.20,0.600,0
13.355,8.25,-21.20,0.600,0
13.355,8.25,-21.20,0.600,0
13.356,8.25,-21.23,0.600,0
13.356,8.25,-21.23,0.600,0
13.356,8.25,-21.23,0.600,0
13.356,8.25,-21.23,0.600,0
13.356,8.25,-21.26,0.600,0
13.357,8.25,-21.26,0.600,0
13.357,8.25,-21.26,0.600,0
13.357,8.25,-21.26,0.600,0
13.357,8.25,-21.30,0.600,0
13.358,8.25,-21.30,0.600,0
13.358,8.25,-21.30,0.600,0
13.358,8.25,-21.30,0.600,0
13.358,8.25,-21.30,0.600,0
13.359,8.25,-21.33,0.600,0
13.359,8.25,-21.33,0.600,0
13.359,8.25,-21.33,0.600,0
13.359,8.25,-21.33,0.600,0
13.360,8.25,-21.36,0.600,0
13.360,8.25,-21.36,0.600,0
13.360,8.25,-21.36,0.600,0
13.360,8.25,-21.36,0.600,0
13.360,8.25,-21.39,0.600,0
13.361,8.25,-21.39,0.600,0
13.361,8.25,-21.39,0.600,0
13.361,8.25,-21.39,0.600,0
13.361,8.25,-21.43,0.600,0
13.362,8.25,-21.43,0.600,0
13.362,8.25,-21.43,0.600,0
13.362,8.25,-21.43,0.600,0
13.362,8.25,-21.46,0.600,0
13.363,8.25,-21.46,0.600,0
13.363,8.25,-21.46,0.600,0
13.363,8.25,-21.46,0.600,0
13.363,8.25,-21.46,0.600,0
13.364,8.25,-21.49,0.600,0
13.364,8.25,-21.49,0.600,0
13.364,8.25,-21.49,0.600,0
13.364,8.25,-21.49,0.600,0
13.365,8.25,-21.52,0.600,0
13.365,8.25,-21.52,0.600,0
13.365,8.25,-21.52,0.600,0
13.365,8.25,-21.52,0.600,0
13.366,8.25,-21.56,0.600,0
13.366,8.25,-21.56,0.600,0
13.366,8.25,-21.56,0.600,0
13.366,8.25,-21.56,0.600,0
13.367,8.25,-21.59,0.600,0
13.367,8.25,-21.59,0.600,0
13.367,8.25,-21.59,0.600,0
13.367,8.25,-21.59,0.600,0
13.368,8.25,-21.62,0.600,0
13.368,8.25,-21.62,0.600,0
13.369,8.25,-21.66,0.600,0
13.369,8.25,-21.66,0.600,0
13.369,8.25,-21.66,0.600,0
13.370,8.25,-21.69,0.600,1
13.370,-4.24,-21.69,-0.600,0
13.370,-4.24,-21.69,-0.600,0
13.370,-4.24,-21.72,-0.600,0
13.371,-4.24,-21.72,-0.600,0
13.371,-4.24,-21.72,-0.600,0
13.371,-4.24,-21.72,-0.600,0
13.371,-4.24,-21.75,-0.600,0
13.372,-4.24,-21.75,-0.600,0
13.372,-4.24,-21.75,-0.600,0
13.372,-4.24,-21.75,-0.600,0
13.372,-4.24,-21.75,-0.600,0
13.373,-4.24,-21.78,-0.600,0
13.373,-4.24,-21.78,-0.600,0
13.373,-4.24,-21.78,-0.600,0
13.373,-4.24,-21.78,-0.600,0
13.373,-4.24,-21.82,-0.600,0
13.374,-4.24,-21.82,-0.600,0
13.374,-4.24,-21.82,-0.600,0
13.374,-4.24,-21.82,-0.600,0
13.374,-4.24,-21.85,-0.600,0
13.375,-4.24,-21.85,-0.600,0
13.375,-4.24,-21.85,-0.600,0
13.375,-4.24,-21.87,-0.600,0
13.376,-4.24,-21.87,-0.600,0
13.376,-4.24,-21.87,-0.600,0
13.376,-4.24,-21.87,-0.600,0
13.376,-4.24,-21.87,-0.600,0
13.377,-4.24,-21.90,-0.600,0
13.377,-4.24,-21.90,-0.600,0
13.377,-4.24,-21.90,-0.600,0
13.377,-4.24,-21.93,-0.600,0
13.378,-4.24,-21.93,-0.600,0
13.378,-4.24,-21.93,-0.600,0
13.378,-4.24,-21.93,-0.600,0
13.378,-4.24,-21.93,-0.600,0
13.379,-4.24,-21.96,-0.600,0
13.379,-4.24,-21.96,-0.600,0
13.379,-4.24,-21.96,-0.600,0
13.379,-4.24,-21.96,-0.600,0
13.379,-4.24,-21.99,-0.600,0
13.380,-4.24,-21.99,-0.600,0
13.380,-4.24,-21.99,-0.600,0
13.380,-4.24,-21.99,-0.600,0
13.380,-4.24,-22.02,-0.600,0
13.381,-4.24,-22.02,-0.600,0
13.381,-4.24,-22.02,-0.600,0
13.381,-4.24,-22.02,-0.600,0
13.381,-4.24,-22.02,-0.600,0
13.382,-4.24,-22.05,-0.600,0
13.382,-4.24,-22.05,-0.600,0
13.382,-4.24,-22.05,-0.600,0
13.382,-4.24,-22.07,-0.600,0
13.383,-4.24,-22.07,-0.600,0
13.383,-4.24,-22.07,-0.600,0
13.383,-4.24,-22.07,-0.600,0
13.383,-4.24,-22.10,-0.600,0
13.384,-4.24,-22.10,-0.600,0
13.384,-4.24,-22.10,-0.600,0
13.384,-4.24,-22.10,-0.600,0
13.384,-4.24,-22.13,-0.600,0
13.385,-4.24,-22.13,-0.600,0
13.385,-4.24,-22.13,-0.600,0
13.385,-4.24,-22.13,-0.600,0
13.385,-4.24,-22.13,-0.600,0
13.386,-4.24,-22.15,-0.600,0
13.386,-4.24,-22.15,-0.600,0
13.386,-4.24,-22.15,-0.600,0
13.386,-4.24,-22.15,-0.600,0
13.386,-4.24,-22.18,-0.600,0
13.387,-4.24,-22.18,-0.600,0
13.387,-4.24,-22.18,-0.600,0
13.387,-4.24,-22.18,-0.600,0
13.387,-4.24,-22.20,-0.600,0
13.388,-4.24,-22.20,-0.600,0
13.388,-4.24,-22.20,-0.600,0
13.388,-4.24,-22.20,-0.600,0
13.388,-4.24,-22.20,-0.600,0
13.389,-4.24,-22.23,-0.600,0
13.389,-4.24,-22.23,-0.600,0
13.389,-4.24,-22.23,-0.600,0
13.389,-4.24,-22.23,-0.600,0
13.389,-4.24,-22.25,-0.600,0
13.390,-4.24,-22.25,-0.600,0
13.390,-4.24,-22.25,-0.600,0
13.390,-4.24,-22.25,-0.600,0
13.390,-4.24,-22.27,-0.600,0
13.391,-4.24,-22.27,-0.600,0
13.391,-4.24,-22.27,-0.600,0
13.391,-4.24,-22.27,-0.600,0
13.391,-4.24,-22.27,-0.600,0
13.392,-4.24,-22.30,-0.600,0
13.392,-4.24,-22.30,-0.600,0
13.392,-4.24,-22.30,-0.600,0
13.392,-4.24,-22.30,-0.600,0
13.392,-4.24,-22.32,-0.600,0
13.393,-4.24,-22.32,-0.600,0
13.393,-4.24,-22.32,-0.600,0
13.393,-4.24,-22.32,-0.600,0
13.393,-4.24,-22.34,-0.600,0
13.394,-4.24,-22.34,-0.600,0
13.394,-4.24,-22.34,-0.600,0
13.394,-4.24,-22.34,-0.600,0
13.394,-4.24,-22.36,-0.600,0
13.395,-4.24,-22.36,-0.600,0
13.395,-4.24,-22.36,-0.600,0
13.395,-4.24,-22.36,-0.600,0
13.395,-4.24,-22.36,-0.600,0
13.396,-4.24,-22.38,-0.600,0
13.396,-4.24,-22.38,-0.600,0
13.396,-4.24,-22.38,-0.600,0
13.396,-4.24,-22.38,-0.600,0
13.397,-4.24,-22.40,-0.600,0
13.397,-4.24,-22.40,-0.600,0
13.397,-4.24,-22.40,-0.600,0
13.397,-4.24,-22.40,-0.600,0
13.397,-4.24,-22.42,-0.600,0
13.398,-4.24,-22.42,-0.600,0
13.398,-4.24,-22.42,-0.600,0
13.398,-4.24,-22.42,-0.600,0
13.398,-4.24,-22.44,-0.600,0
13.399,-4.24,-22.44,-0.600,0
13.399,-4.24,-22.44,-0.600,0
13.399,-4.24,-22.44,-0.600,0
13.399,-4.24,-22.46,-0.600,0
13.400,-4.24,-22.46,-0.600,0
13.400,-4.24,-22.46,-0.600,0
13.400,-4.24,-22.46,-0.600,0
13.400,-4.24,-22.48,-0.600,0
13.401,-4.24,-22.48,-0.600,0
13.401,-4.24,-22.48,-0.600,0
13.401,-4.24,-22.48,-0.600,0
13.401,-4.24,-22.50,-0.600,0
13.402,-4.24,-22.50,-0.600,0
13.402,-4.24,-22.50,-0.600,0
13.402,-4.24,-22.50,-0.600,0
13.402,-4.24,-22.52,-0.600,0
13.403,-4.24,-22.52,-0.600,0
13.403,-4.24,-22.52,-0.600,0
13.403,-4.24,-22.52,-0.600,0
13.403,-4.24,-22.54,-0.600,0
13.404,-4.24,-22.54,-0.600,0
13.404,-4.24,-22.54,-0.600,0
13.404,-4.24,-22.54,-0.600,0
13.404,-4.24,-22.56,-0.600,0
13.405,-4.24,-22.56,-0.600,0
13.405,-4.24,-22.56,-0.600,0
13.405,-4.24,-22.56,-0.600,0
13.405,-4.24,-22.56,-0.600,0
13.406,-4.24,-22.58,-0.600,0
13.406,-4.24,-22.58,-0.600,0
13.406,-4.24,-22.58,-0.600,0
13.406,-4.24,-22.58,-0.600,0
13.407,-4.24,-22.59,-0.600,0
13.407,-4.24,-22.59,-0.600,0
13.407,-4.24,-22.59,-0.600,0
13.407,-4.24,-22.59,-0.600,0
13.407,-4.24,-22.61,-0.600,0
13.408,-4.24,-22.61,-0.600,0
13.408,-4.24,-22.61,-0.600,0
13.408,-4.24,-22.61,-0.600,0
13.408,-4.24,-22.61,-0.600,0
13.409,-4.24,-22.63,-0.600,0
13.409,-4.24,-22.63,-0.600,0
13.409,-4.24,-22.63,-0.600,0
13.409,-4.24,-22.63,-0.600,0
13.410,-4.24,-22.64,-0.600,0
13.410,-4.24,-22.64,-0.600,0
13.410,-4.24,-22.64,-0.600,0
13.410,-4.24,-22.64,-0.600,0
13.410,-4.24,-22.66,-0.600,0
13.411,-4.24,-22.66,-0.600,0
13.411,-4.24,-22.66,-0.600,0
13.411,-4.24,-22.67,-0.600,0
13.412,-4.24,-22.67,-0.600,0
13.412,-4.24,-22.67,-0.600,0
13.412,-4.24,-22.67,-0.600,0
13.412,-4.24,-22.67,-0.600,0
13.413,-4.24,-22.69,-0.600,0
13.413,-4.24,-22.69,-0.600,0
13.413,-4.24,-22.69,-0.600,0
13.413,-4.24,-22.69,-0.600,0
13.413,-4.24,-22.70,-0.600,0
13.414,-4.24,-22.70,-0.600,0
13.414,-4.24,-22.70,-0.600,0
13.414,-4.24,-22.70,-0.600,0
13.414,-4.24,-22.71,-0.600,0
13.415,-4.24,-22.71,-0.600,0
13.415,-4.24,-22.71,-0.600,0
13.415,-4.24,-22.71,-0.600,0
13.415,-4.24,-22.73,-0.600,0
13.416,-4.24,-22.73,-0.600,0
13.416,-4.24,-22.73,-0.600,0
13.416,-4.24,-22.73,-0.600,0
13.416,-4.24,-22.74,-0.600,0
13.417,-4.24,-22.74,-0.600,0
13.417,-4.24,-22.74,-0.600,0
13.417,-4.24,-22.74,-0.600,0
13.417,-4.24,-22.75,-0.600,0
13.418,-4.24,-22.75,-0.600,0
13.418,-4.24,-22.75,-0.600,0
13.418,-4.24,-22.75,-0.600,0
13.418,-4.24,-22.76,-0.600,0
13.419,-4.24,-22.76,-0.600,0
13.419,-4.24,-22.76,-0.600,0
13.419,-4.24,-22.76,-0.600,0
13.419,-4.24,-22.76,-0.600,0
13.420,-4.24,-22.78,-0.600,0
13.420,-4.24,-22.78,-0.600,0
13.420,-4.24,-22.78,-0.600,0
13.420,-4.24,-22.78,-0.600,0
13.420,-4.24,-22.79,-0.600,0
13.421,-4.24,-22.79,-0.600,0
13.421,-4.24,-22.79,-0.600,0
13.421,-4.24,-22.80,-0.600,0
13.422,-4.24,-22.80,-0.600,0
13.422,-4.24,-22.80,-0.600,0
13.422,-4.24,-22.80,-0.600,0
13.422,-4.24,-22.80,-0.600,0
13.423,-4.24,-22.81,-0.600,0
13.423,-4.24,-22.81,-0.600,0
13.423,-4.24,-22.81,-0.600,0
13.423,-4.24,-22.82,-0.600,0
13.424,-4.24,-22.82,-0.600,0
13.424,-4.24,-22.82,-0.600,0
13.424,-4.24,-22.82,-0.600,0
13.424,-4.24,-22.83,-0.600,0
13.425,-4.24,-22.83,-0.600,0
13.425,-4.24,-22.83,-0.600,0
13.425,-4.24,-22.83,-0.600,0
13.425,-4.24,-22.84,-0.600,0
13.426,-4.24,-22.84,-0.600,0
13.426,-4.24,-22.84,-0.600,0
13.426,-4.24,-22.84,-0.600,0
13.426,-4.24,-22.84,-0.600,0
13.427,-4.24,-22.85,-0.600,0
13.427,-4.24,-22.85,-0.600,0
13.427,-4.24,-22.85,-0.600,0
13.427,-4.24,-22.86,-0.600,0
13.428,-4.24,-22.86,-0.600,0
13.428,-4.24,-22.86,-0.600,0
13.428,-4.24,-22.86,-0.600,0
13.428,-4.24,-22.86,-0.600,0
13.429,-4.24,-22.86,-0.600,0
13.429,-4.24,-22.86,-0.600,0
13.429,-4.24,-22.86,-0.600,0
13.429,-4.24,-22.86,-0.600,0
13.430,-4.24,-22.87,-0.600,0
13.430,-4.24,-22.87,-0.600,0
13.430,-4.24,-22.87,-0.600,0
13.430,-4.24,-22.87,-0.600,0
13.431,-4.24,-22.88,-0.600,0
13.431,-4.24,-22.88,-0.600,0
13.431,-4.24,-22.88,-0.600,0
13.432,-4.24,-22.89,-0.600,0
13.432,-4.24,-22.89,-0.600,0
13.432,-4.24,-22.89,-0.600,0
13.432,-4.24,-22.89,-0.600,0
13.433,-4.24,-22.89,-0.600,0
13.433,-4.24,-22.89,-0.600,0
13.433,-4.24,-22.89,-0.600,0
13.433,-4.24,-22.89,-0.600,0
13.434,-4.24,-22.90,-0.600,0
13.434,-4.24,-22.90,-0.600,0
13.434,-4.24,-22.90,-0.600,0
13.434,-4.24,-22.90,-0.600,0
13.435,-4.24,-22.90,-0.600,0
13.435,-4.24,-22.90,-0.600,0
13.435,-4.24,-22.90,-0.600,0
13.435,-4.24,-22.91,-0.600,0
13.436,-4.24,-22.91,-0.600,0
13.436,-4.24,-22.91,-0.600,0
13.436,-4.24,-22.91,-0.600,0
13.436,-4.24,-22.91,-0.600,0
13.437,-4.24,-22.91,-0.600,0
13.437,-4.24,-22.91,-0.600,0
13.437,-4.24,-22.91,-0.600,0
13.437,-4.24,-22.92,-0.600,0
13.438,-4.24,-22.92,-0.600,0
13.438,-4.24,-22.92,-0.600,0
13.438,-4.24,-22.92,-0.600,0
13.438,-4.24,-22.92,-0.600,0
13.439,-4.24,-22.92,-0.600,0
13.439,-4.24,-22.92,-0.600,0
13.439,-4.24,-22.92,-0.600,0
13.439,-4.24,-22.92,-0.600,0
13.440,-4.24,-22.92,-0.600,0
13.440,-4.24,-22.92,-0.600,0
13.440,-4.24,-22.92,-0.600,0
13.440,-4.24,-22.92,-0.600,0
13.440,-4.24,-22.93,-0.600,0
13.441,-4.24,-22.93,-0.600,0
13.441,-4.24,-22.93,-0.600,0
13.441,-4.24,-22.93,-0.600,0
13.441,-4.24,-22.93,-0.600,0
13.442,-4.24,-22.93,-0.600,0
13.442,-4.24,-22.93,-0.600,0
13.442,-4.24,-22.93,-0.600,0
13.442,-4.24,-22.93,-0.600,0
13.443,-4.24,-22.93,-0.600,0
13.443,-4.24,-22.93,-0.600,0
13.443,-4.24,-22.93,-0.600,0
13.443,-4.24,-22.94,-0.600,0
13.444,-4.24,-22.94,-0.600,0
13.444,-4.24,-22.94,-0.600,0
13.444,-4.24,-22.94,-0.600,0
13.444,-4.24,-22.94,-0.600,0
13.445,-4.24,-22.94,-0.600,0
13.445,-4.24,-22.94,-0.600,0
13.445,-4.24,-22.94,-0.600,0
13.445,-4.24,-22.94,-0.600,0
13.446,-4.24,-22.94,-0.600,0
13.446,-4.24,-22.94,-0.600,0
13.446,-4.24,-22.94,-0.600,0
13.446,-4.24,-22.94,-0.600,0
13.446,-4.24,-22.94,-0.600,0
13.447,-4.24,-22.94,-0.600,0
13.447,-4.24,-22.94,-0.600,0
13.447,-4.24,-22.94,-0.600,0
13.447,-4.24,-22.94,-0.600,0
13.447,-4.24,-22.94,-0.600,0
13.448,-4.24,-22.94,-0.600,0
13.448,-4.24,-22.94,-0.600,0
13.448,-4.24,-22.94,-0.600,0
13.448,-4.24,-22.94,-0.600,0
13.449,-4.24,-22.94,-0.600,0
13.449,-4.24,-22.94,-0.600,0
13.449,-4.24,-22.94,-0.600,0
13.449,-4.24,-22.94,-0.600,0
13.450,-4.24,-22.94,-0.600,0
13.450,-4.24,-22.94,-0.600,0
13.450,-4.24,-22.94,-0.600,0
13.450,-4.24,-22.94,-0.600,0
13.451,-4.24,-22.94,-0.600,0
13.451,-4.24,-22.94,-0.600,0
13.451,-4.24,-22.94,-0.600,0
13.451,-4.24,-22.94,-0.600,0
13.452,-4.24,-22.94,-0.600,0
13.452,-4.24,-22.94,-0.600,0
13.452,-4.24,-22.94,-0.600,0
13.453,-4.24,-22.94,-0.600,0
13.453,-4.24,-22.94,-0.600,0
13.453,-4.24,-22.94,-0.600,0
13.453,-4.24,-22.94,-0.600,0
13.454,-4.24,-22.94,-0.600,0
13.454,-4.24,-22.94,-0.600,0
13.454,-4.24,-22.94,-0.600,0
13.454,-4.24,-22.94,-0.600,0
13.455,-4.24,-22.93,-0.600,0
13.455,-4.24,-22.93,-0.600,0
13.455,-4.24,-22.93,-0.600,0
13.455,-4.24,-22.93,-0.600,0
13.456,-4.24,-22.93,-0.600,0
13.456,-4.24,-22.93,-0.600,0
13.456,-4.24,-22.93,-0.600,0
13.456,-4.24,-22.93,-0.600,0
13.457,-4.24,-22.93,-0.600,0
13.457,-4.24,-22.93,-0.600,0
13.457,-4.24,-22.93,-0.600,0
13.457,-4.24,-22.93,-0.600,0
13.458,-4.24,-22.92,-0.600,0
13.458,-4.24,-22.92,-0.600,0
13.458,-4.24,-22.92,-0.600,0
13.458,-4.24,-22.92,-0.600,0
13.459,-4.24,-22.92,-0.600,0
13.459,-4.24,-22.92,-0.600,0
13.459,-4.24,-22.92,-0.600,0
13.459,-4.24,-22.92,-0.600,0
13.459,-4.24,-22.92,-0.600,0
13.460,-4.24,-22.92,-0.600,0
13.460,-4.24,-22.92,-0.600,0
13.460,-4.24,-22.92,-0.600,0
13.460,-4.24,-22.91,-0.600,0
13.461,-4.24,-22.91,-0.600,0
13.461,-4.24,-22.91,-0.600,0
13.461,-4.24,-22.91,-0.600,0
13.461,-4.24,-22.91,-0.600,0
13.462,-4.24,-22.91,-0.600,0
13.462,-4.24,-22.91,-0.600,0
13.462,-4.24,-22.91,-0.600,0
13.462,-4.24,-22.91,-0.600,0
13.462,-4.24,-22.90,-0.600,0
13.463,-4.24,-22.90,-0.600,0
13.463,-4.24,-22.90,-0.600,0
13.463,-4.24,-22.90,-0.600,0
13.463,-4.24,-22.90,-0.600,0
13.464,-4.24,-22.90,-0.600,0
13.464,-4.24,-22.90,-0.600,0
13.464,-4.24,-22.90,-0.600,0
13.464,-4.24,-22.90,-0.600,0
13.465,-4.24,-22.89,-0.600,0
13.465,-4.24,-22.89,-0.600,0
13.465,-4.24,-22.89,-0.600,0
13.466,-4.24,-22.89,-0.600,0
13.466,-4.24,-22.89,-0.600,0
13.466,-4.24,-22.89,-0.600,0
13.467,-4.24,-22.88,-0.600,0
13.467,-4.24,-22.88,-0.600,0
13.467,-4.24,-22.88,-0.600,0
13.467,-4.24,-22.88,-0.600,0
13.468,-4.24,-22.87,-0.600,0
13.468,-4.24,-22.87,-0.600,0
13.468,-4.24,-22.87,-0.600,0
13.468,-4.24,-22.86,-0.600,0
13.469,-4.24,-22.86,-0.600,0
13.469,-4.24,-22.86,-0.600,0
13.469,-4.24,-22.86,-0.600,0
13.469,-4.24,-22.86,-0.600,0
13.470,-4.24,-22.86,-0.600,0
13.470,-4.24,-22.86,-0.600,0
13.470,-4.24,-22.86,-0.600,0
13.470,-4.24,-22.85,-0.600,0
13.471,-4.24,-22.85,-0.600,0
13.471,-4.24,-22.85,-0.600,0
13.471,-4.24,-22.85,-0.600,0
13.471,-4.24,-22.84,-0.600,0
13.472,-4.24,-22.84,-0.600,0
13.472,-4.24,-22.84,-0.600,0
13.472,-4.24,-22.84,-0.600,0
13.473,-4.24,-22.83,-0.600,0
13.473,-4.24,-22.83,-0.600,0
13.473,-4.24,-22.83,-0.600,0
13.473,-4.24,-22.83,-0.600,0
13.474,-4.24,-22.82,-0.600,0
13.474,-4.24,-22.82,-0.600,0
13.474,-4.24,-22.82,-0.600,0
13.474,-4.24,-22.82,-0.600,0
13.475,-4.24,-22.81,-0.600,0
13.475,-4.24,-22.81,-0.600,0
13.475,-4.24,-22.81,-0.600,0
13.475,-4.24,-22.81,-0.600,0
13.476,-4.24,-22.80,-0.600,0
13.476,-4.24,-22.80,-0.600,0
13.476,-4.24,-22.80,-0.600,0
13.476,-4.24,-22.79,-0.600,0
13.477,-4.24,-22.79,-0.600,0
13.477,-4.24,-22.79,-0.600,0
13.477,-4.24,-22.79,-0.600,0
13.477,-4.24,-22.78,-0.600,0
13.478,-4.24,-22.78,-0.600,0
13.478,-4.24,-22.78,-0.600,0
13.478,-4.24,-22.78,-0.600,0
13.479,-4.24,-22.77,-0.600,0
13.479,-4.24,-22.77,-0.600,0
13.479,-4.24,-22.77,-0.600,0
13.479,-4.24,-22.76,-0.600,0
13.480,-4.24,-22.76,-0.600,0
13.480,-4.24,-22.76,-0.600,0
13.480,-4.24,-22.76,-0.600,0
13.480,-4.24,-22.75,-0.600,0
13.481,-4.24,-22.75,-0.600,0
13.481,-4.24,-22.75,-0.600,0
13.481,-4.24,-22.75,-0.600,0
13.482,-4.24,-22.73,-0.600,0
13.482,-4.24,-22.73,-0.600,0
13.482,-4.24,-22.73,-0.600,0
13.482,-4.24,-22.73,-0.600,0
13.483,-4.24,-22.72,-0.600,0
13.483,-4.24,-22.72,-0.600,0
13.483,-4.24,-22.72,-0.600,0
13.483,-4.24,-22.72,-0.600,0
13.484,-4.24,-22.71,-0.600,0
13.484,-4.24,-22.71,-0.600,0
13.484,-4.24,-22.71,-0.600,0
13.484,-4.24,-22.71,-0.600,0
13.485,-4.24,-22.70,-0.600,0
13.485,-4.24,-22.70,-0.600,0
13.486,-4.24,-22.68,-0.600,0
13.486,-4.24,-22.68,-0.600,0
13.486,-4.24,-22.68,-0.600,0
13.486,-4.24,-22.68,-0.600,0
13.487,-4.24,-22.67,-0.600,0
13.487,-4.24,-22.67,-0.600,0
13.487,-4.24,-22.67,-0.600,0
13.487,-4.24,-22.65,-0.600,0
13.488,-4.24,-22.65,-0.600,0
13.488,-4.24,-22.65,-0.600,0
13.488,-4.24,-22.65,-0.600,0
13.489,-4.24,-22.64,-0.600,0
13.489,-4.24,-22.64,-0.600,0
13.489,-4.24,-22.62,-0.600,0
13.490,-4.24,-22.62,-0.600,0
13.490,-4.24,-22.62,-0.600,0
13.490,-4.24,-22.62,-0.600,0
13.490,-4.24,-22.60,-0.600,0
13.491,-4.24,-22.60,-0.600,0
13.491,-4.24,-22.60,-0.600,0
13.491,-4.24,-22.60,-0.600,0
13.491,-4.24,-22.59,-0.600,0
13.492,-4.24,-22.59,-0.600,0
13.492,-4.24,-22.59,-0.600,0
13.492,-4.24,-22.59,-0.600,0
13.493,-4.24,-22.57,-0.600,0
13.493,-4.24,-22.57,-0.600,0
13.493,-4.24,-22.57,-0.600,0
13.493,-4.24,-22.55,-0.600,0
13.494,-4.24,-22.55,-0.600,0
13.494,-4.24,-22.55,-0.600,0
13.494,-4.24,-22.55,-0.600,0
13.494,-4.24,-22.54,-0.600,0
13.495,-4.24,-22.54,-0.600,0
13.495,-4.24,-22.54,-0.600,0
13.495,-4.24,-22.54,-0.600,0
13.495,-4.24,-22.52,-0.600,0
13.496,-4.24,-22.52,-0.600,0
13.496,-4.24,-22.52,-0.600,0
13.496,-4.24,-22.52,-0.600,0
13.497,-4.24,-22.50,-0.600,0
13.497,-4.24,-22.50,-0.600,0
13.497,-4.24,-22.50,-0.600,0
13.497,-4.24,-22.50,-0.600,0
13.498,-4.24,-22.48,-0.600,0
13.498,-4.24,-22.48,-0.600,0
13.498,-4.24,-22.48,-0.600,0
13.498,-4.24,-22.48,-0.600,0
13.498,-4.24,-22.46,-0.600,0
13.499,-4.24,-22.46,-0.600,0
13.499,-4.24,-22.46,-0.600,0
13.499,-4.24,-22.46,-0.600,0
13.500,-4.24,-22.44,-0.600,0
13.500,-4.24,-22.44,-0.600,0
13.500,-4.24,-22.44,-0.600,0
13.500,-4.24,-22.42,-0.600,0
13.501,-4.24,-22.42,-0.600,0
13.501,-4.24,-22.42,-0.600,0
13.501,-4.24,-22.42,-0.600,0
13.502,-4.24,-22.40,-0.600,0
13.502,-4.24,-22.40,-0.600,0
13.502,-4.24,-22.40,-0.600,0
13.502,-4.24,-22.40,-0.600,0
13.503,-4.24,-22.38,-0.600,0
13.503,-4.24,-22.38,-0.600,0
13.503,-4.24,-22.38,-0.600,0
13.504,-4.24,-22.36,-0.600,0
13.504,-4.24,-22.36,-0.600,1
13.504,-7.90,-22.36,-0.600,0
13.504,-7.90,-22.34,-0.600,0
13.505,-7.90,-22.34,-0.600,0
13.505,-7.90,-22.34,-0.600,0
13.505,-7.90,-22.34,-0.600,0
13.505,-7.90,-22.31,-0.600,0
13.506,-7.90,-22.31,-0.600,0
13.506,-7.90,-22.31,-0.600,0
13.506,-7.90,-22.31,-0.600,0
13.507,-7.90,-22.29,-0.600,0
13.507,-7.90,-22.29,-0.600,0
13.507,-7.90,-22.29,-0.600,0
13.507,-7.90,-22.29,-0.600,0
13.508,-7.90,-22.27,-0.600,0
13.508,-7.90,-22.27,-0.600,0
13.508,-7.90,-22.27,-0.600,0
13.508,-7.90,-22.27,-0.600,0
13.509,-7.90,-22.24,-0.600,0
13.509,-7.90,-22.24,-0.600,0
13.509,-7.90,-22.24,-0.600,0
13.509,-7.90,-22.24,-0.600,0
13.509,-7.90,-22.22,-0.600,0
13.510,-7.90,-22.22,-0.600,0
13.510,-7.90,-22.22,-0.600,0
13.510,-7.90,-22.22,-0.600,0
13.510,-7.90,-22.20,-0.600,0
13.511,-7.90,-22.20,-0.600,0
13.511,-7.90,-22.20,-0.600,0
13.511,-7.90,-22.20,-0.600,0
13.511,-7.90,-22.17,-0.600,0
13.512,-7.90,-22.17,-0.600,0
13.512,-7.90,-22.17,-0.600,0
13.512,-7.90,-22.17,-0.600,0
13.512,-7.90,-22.15,-0.600,0
13.513,-7.90,-22.15,-0.600,0
13.513,-7.90,-22.15,-0.600,0
13.513,-7.90,-22.15,-0.600,0
13.514,-7.90,-22.12,-0.600,0
13.514,-7.90,-22.12,-0.600,0
13.514,-7.90,-22.12,-0.600,0
13.514,-7.90,-22.10,-0.600,0
13.515,-7.90,-22.10,-0.600,0
13.515,-7.90,-22.10,-0.600,0
13.515,-7.90,-22.10,-0.600,0
13.515,-7.90,-22.10,-0.600,0
13.516,-7.90,-22.07,-0.600,0
13.516,-7.90,-22.07,-0.600,0
13.516,-7.90,-22.07,-0.600,0
13.517,-7.90,-22.04,-0.600,0
13.517,-7.90,-22.04,-0.600,0
13.517,-7.90,-22.04,-0.600,0
13.517,-7.90,-22.02,-0.600,0
13.518,-7.90,-22.02,-0.600,0
13.518,-7.90,-22.02,-0.600,0
13.518,-7.90,-22.02,-0.600,0
13.518,-7.90,-21.99,-0.600,0
13.519,-7.90,-21.99,-0.600,0
13.519,-7.90,-21.99,-0.600,0
13.519,-7.90,-21.99,-0.600,0
13.520,-7.90,-21.96,-0.600,0
13.520,-7.90,-21.96,-0.600,0
13.520,-7.90,-21.96,-0.600,0
13.520,-7.90,-21.93,-0.600,0
13.521,-7.90,-21.93,-0.600,0
13.521,-7.90,-21.93,-0.600,0
13.521,-7.90,-21.93,-0.600,0
13.521,-7.90,-21.90,-0.600,0
13.522,-7.90,-21.90,-0.600,0
13.522,-7.90,-21.90,-0.600,0
13.522,-7.90,-21.90,-0.600,0
13.522,-7.90,-21.88,-0.600,0
13.523,-7.90,-21.88,-0.600,0
13.523,-7.90,-21.88,-0.600,0
13.523,-7.90,-21.88,-0.600,0
13.524,-7.90,-21.85,-0.600,0
13.524,-7.90,-21.85,-0.600,0
13.524,-7.90,-21.85,-0.600,0
13.524,-7.90,-21.85,-0.600,0
13.525,-7.90,-21.82,-0.600,0
13.525,-7.90,-21.82,-0.600,0
13.525,-7.90,-21.82,-0.600,0
13.525,-7.90,-21.82,-0.600,0
13.526,-7.90,-21.79,-0.600,0
13.526,-7.90,-21.79,-0.600,0
13.526,-7.90,-21.79,-0.600,0
13.526,-7.90,-21.76,-0.600,0
13.527,-7.90,-21.76,-0.600,0
13.527,-7.90,-21.76,-0.600,0
13.527,-7.90,-21.76,-0.600,0
13.527,-7.90,-21.76,-0.600,0
13.528,-7.90,-21.73,-0.600,0
13.528,-7.90,-21.73,-0.600,0
13.528,-7.90,-21.73,-0.600,0
13.529,-7.90,-21.69,-0.600,0
13.529,-7.90,-21.69,-0.600,0
13.529,-7.90,-21.69,-0.600,0
13.529,-7.90,-21.69,-0.600,0
13.530,-7.90,-21.66,-0.600,0
13.530,-7.90,-21.66,-0.600,0
13.530,-7.90,-21.66,-0.600,0
13.530,-7.90,-21.63,-0.600,0
13.531,-7.90,-21.63,-0.600,0
13.531,-7.90,-21.63,-0.600,0
13.531,-7.90,-21.63,-0.600,0
13.531,-7.90,-21.60,-0.600,0
13.532,-7.90,-21.60,-0.600,0
13.532,-7.90,-21.60,-0.600,0
13.532,-7.90,-21.60,-0.600,0
13.533,-7.90,-21.57,-0.600,0
13.533,-7.90,-21.57,-0.600,0
13.533,-7.90,-21.57,-0.600,0
13.533,-7.90,-21.57,-0.600,0
13.534,-7.90,-21.53,-0.600,0
13.534,-7.90,-21.53,-0.600,0
13.534,-7.90,-21.53,-0.600,0
13.534,-7.90,-21.50,-0.600,0
13.535,-7.90,-21.50,-0.600,0
13.535,-7.90,-21.50,-0.600,0
13.535,-7.90,-21.50,-0.600,0
13.535,-7.90,-21.47,-0.600,0
13.536,-7.90,-21.47,-0.600,0
13.536,-7.90,-21.47,-0.600,0
13.536,-7.90,-21.47,-0.600,0
13.536,-7.90,-21.44,-0.600,0
13.537,-7.90,-21.44,-0.600,0
13.537,-7.90,-21.44,-0.600,0
13.537,-7.90,-21.44,-0.600,0
13.537,-7.90,-21.40,-0.600,0
13.538,-7.90,-21.40,-0.600,0
13.538,-7.90,-21.40,-0.600,0
13.538,-7.90,-21.40,-0.600,0
13.538,-7.90,-21.37,-0.600,0
13.539,-7.90,-21.37,-0.600,0
13.539,-7.90,-21.37,-0.600,0
13.539,-7.90,-21.37,-0.600,0
13.539,-7.90,-21.34,-0.600,0
13.540,-7.90,-21.34,-0.600,0
13.540,-7.90,-21.34,-0.600,0
13.540,-7.90,-21.34,-0.600,0
13.541,-7.90,-21.30,-0.600,0
13.541,-7.90,-21.30,-0.600,0
13.542,-7.90,-21.27,-0.600,0
13.542,-7.90,-21.27,-0.600,0
13.542,-7.90,-21.27,-0.600,0
13.543,-7.90,-21.24,-0.600,0
13.543,-7.90,-21.24,-0.600,0
13.543,-7.90,-21.24,-0.600,0
13.543,-7.90,-21.24,-0.600,0
13.544,-7.90,-21.21,-0.600,0
13.544,-7.90,-21.21,-0.600,0
13.544,-7.90,-21.21,-0.600,0
13.544,-7.90,-21.21,-0.600,0
13.544,-7.90,-21.17,-0.600,0
13.545,-7.90,-21.17,-0.600,0
13.545,-7.90,-21.17,-0.600,0
13.545,-7.90,-21.17,-0.600,0
13.546,-7.90,-21.14,-0.600,0
13.546,-7.90,-21.14,-0.600,0
13.546,-7.90,-21.14,-0.600,0
13.546,-7.90,-21.14,-0.600,0
13.547,-7.90,-21.11,-0.600,0
13.547,-7.90,-21.11,-0.600,0
13.547,-7.90,-21.11,-0.600,0
13.547,-7.90,-21.11,-0.600,0
13.548,-7.90,-21.08,-0.600,0
13.548,-7.90,-21.08,-0.600,0
13.548,-7.90,-21.08,-0.600,0
13.549,-7.90,-21.04,-0.600,0
13.549,-7.90,-21.04,-0.600,0
13.549,-7.90,-21.04,-0.600,0
13.549,-7.90,-21.01,-0.600,0
13.550,-7.90,-21.01,-0.600,0
13.550,-7.90,-21.01,-0.600,0
13.550,-7.90,-21.01,-0.600,0
13.550,-7.90,-21.01,-0.600,0
13.551,-7.90,-20.98,-0.600,0
13.551,-7.90,-20.98,-0.600,0
13.551,-7.90,-20.98,-0.600,0
13.551,-7.90,-20.98,-0.600,0
13.552,-7.90,-20.95,-0.600,0
13.552,-7.90,-20.95,-0.600,0
13.552,-7.90,-20.95,-0.600,0
13.552,-7.90,-20.95,-0.600,0
13.553,-7.90,-20.91,-0.600,0
13.553,-7.90,-20.91,-0.600,0
13.553,-7.90,-20.91,-0.600,0
13.553,-7.90,-20.88,-0.600,0
13.554,-7.90,-20.88,-0.600,0
13.554,-7.90,-20.88,-0.600,0
13.554,-7.90,-20.88,-0.600,0
13.554,-7.90,-20.85,-0.600,0
13.555,-7.90,-20.85,-0.600,0
13.555,-7.90,-20.85,-0.600,0
13.555,-7.90,-20.85,-0.600,0
13.555,-7.90,-20.82,-0.600,0
13.556,-7.90,-20.82,-0.600,0
13.556,-7.90,-20.82,-0.600,0
13.556,-7.90,-20.82,-0.600,0
13.557,-7.90,-20.78,-0.600,0
13.557,-7.90,-20.78,-0.600,0
13.557,-7.90,-20.78,-0.600,0
13.557,-7.90,-20.78,-0.600,0
13.557,-7.90,-20.75,-0.600,0
13.558,-7.90,-20.75,-0.600,0
13.558,-7.90,-20.75,-0.600,0
13.558,-7.90,-20.75,-0.600,0
13.558,-7.90,-20.72,-0.600,0
13.559,-7.90,-20.72,-0.600,0
13.559,-7.90,-20.72,-0.600,0
13.559,-7.90,-20.72,-0.600,0
13.559,-7.90,-20.68,-0.600,0
13.560,-7.90,-20.68,-0.600,0
13.560,-7.90,-20.68,-0.600,0
13.560,-7.90,-20.68,-0.600,0
13.560,-7.90,-20.65,-0.600,0
13.561,-7.90,-20.65,-0.600,0
13.561,-7.90,-20.65,-0.600,0
13.561,-7.90,-20.65,-0.600,0
13.561,-7.90,-20.62,-0.600,0
13.562,-7.90,-20.62,-0.600,0
13.562,-7.90,-20.62,-0.600,0
13.562,-7.90,-20.62,-0.600,0
13.563,-7.90,-20.59,-0.600,0
13.563,-7.90,-20.59,-0.600,0
13.563,-7.90,-20.59,-0.600,0
13.564,-7.90,-20.55,-0.600,0
13.564,-7.90,-20.55,-0.600,0
13.564,-7.90,-20.55,-0.600,0
13.564,-7.90,-20.55,-0.600,0
13.564,-7.90,-20.52,-0.600,0
13.565,-7.90,-20.52,-0.600,0
13.565,-7.90,-20.52,-0.600,0
13.565,-7.90,-20.52,-0.600,0
13.565,-7.90,-20.49,-0.600,0
13.566,-7.90,-20.49,-0.600,0
13.566,-7.90,-20.49,-0.600,0
13.566,-7.90,-20.49,-0.600,0
13.566,-7.90,-20.46,-0.600,0
13.567,-7.90,-20.46,-0.600,0
13.567,-7.90,-20.46,-0.600,0
13.567,-7.90,-20.46,-0.600,0
13.568,-7.90,-20.42,-0.600,0
13.568,-7.90,-20.42,-0.600,0
13.568,-7.90,-20.42,-0.600,0
13.568,-7.90,-20.42,-0.600,0
13.569,-7.90,-20.39,-0.600,0
13.569,-7.90,-20.39,-0.600,0
13.569,-7.90,-20.39,-0.600,0
13.569,-7.90,-20.36,-0.600,0
13.570,-7.90,-20.36,-0.600,0
13.570,-7.90,-20.36,-0.600,0
13.570,-7.90,-20.36,-0.600,0
13.570,-7.90,-20.33,-0.600,0
13.571,-7.90,-20.33,-0.600,0
13.571,-7.90,-20.33,-0.600,0
13.571,-7.90,-20.33,-0.600,0
13.571,-7.90,-20.33,-0.600,0
13.572,-7.90,-20.29,-0.600,0
13.572,-7.90,-20.29,-0.600,0
13.572,-7.90,-20.29,-0.600,0
13.572,-7.90,-20.29,-0.600,0
13.573,-7.90,-20.26,-0.600,0
13.573,-7.90,-20.26,-0.600,0
13.573,-7.90,-20.26,-0.600,0
13.573,-7.90,-20.26,-0.600,0
13.573,-7.90,-20.23,-0.600,0
13.574,-7.90,-20.23,-0.600,0
13.574,-7.90,-20.23,-0.600,0
13.574,-7.90,-20.23,-0.600,0
13.574,-7.90,-20.19,-0.600,0
13.575,-7.90,-20.19,-0.600,0
13.575,-7.90,-20.19,-0.600,0
13.575,-7.90,-20.19,-0.600,0
13.576,-7.90,-20.16,-0.600,0
13.576,-7.90,-20.16,-0.600,0
13.576,-7.90,-20.16,-0.600,0
13.576,-7.90,-20.13,-0.600,0
13.577,-7.90,-20.13,-0.600,0
13.577,-7.90,-20.13,-0.600,0
13.577,-7.90,-20.13,-0.600,0
13.577,-7.90,-20.10,-0.600,0
13.578,-7.90,-20.10,-0.600,0
13.578,-7.90,-20.10,-0.600,0
13.578,-7.90,-20.10,-0.600,0
13.579,-7.90,-20.06,-0.600,0
13.579,-7.90,-20.06,-0.600,0
13.579,-7.90,-20.06,-0.600,0
13.579,-7.90,-20.06,-0.600,0
13.580,-7.90,-20.03,-0.600,0
13.580,-7.90,-20.03,-0.600,0
13.580,-7.90,-20.03,-0.600,0
13.580,-7.90,-20.03,-0.600,0
13.580,-7.90,-20.00,-0.600,0
13.581,-7.90,-20.00,-0.600,0
13.581,-7.90,-20.00,-0.600,0
13.581,-7.90,-20.00,-0.600,0
13.581,-7.90,-19.97,-0.600,0
13.582,-7.90,-19.97,-0.600,0
13.582,-7.90,-19.97,-0.600,0
13.582,-7.90,-19.97,-0.600,0
13.582,-7.90,-19.93,-0.600,0
13.583,-7.90,-19.93,-0.600,0
13.583,-7.90,-19.93,-0.600,0
13.583,-7.90,-19.93,-0.600,0
13.584,-7.90,-19.90,-0.600,0
13.584,-7.90,-19.90,-0.600,0
13.584,-7.90,-19.90,-0.600,0
13.584,-7.90,-19.90,-0.600,0
13.584,-7.90,-19.87,-0.600,0
13.585,-7.90,-19.87,-0.600,0
13.585,-7.90,-19.87,-0.600,0
13.585,-7.90,-19.87,-0.600,0
13.585,-7.90,-19.84,-0.600,0
13.586,-7.90,-19.84,-0.600,0
13.586,-7.90,-19.84,-0.600,0
13.586,-7.90,-19.84,-0.600,0
13.586,-7.90,-19.80,-0.600,0
13.587,-7.90,-19.80,-0.600,0
13.587,-7.90,-19.80,-0.600,0
13.587,-7.90,-19.80,-0.600,0
13.587,-7.90,-19.80,-0.600,0
13.588,-7.90,-19.77,-0.600,0
13.588,-7.90,-19.77,-0.600,0
13.588,-7.90,-19.77,-0.600,0
13.588,-7.90,-19.77,-0.600,0
13.589,-7.90,-19.74,-0.600,0
13.589,-7.90,-19.74,-0.600,0
13.589,-7.90,-19.74,-0.600,0
13.590,-7.90,-19.71,-0.600,0
13.590,-7.90,-19.71,-0.600,0
13.590,-7.90,-19.71,-0.600,0
13.590,-7.90,-19.71,-0.600,0
13.591,-7.90,-19.67,-0.600,0
13.591,-7.90,-19.67,-0.600,0
13.591,-7.90,-19.67,-0.600,0
13.591,-7.90,-19.67,-0.600,0
13.592,-7.90,-19.64,-0.600,0
13.592,-7.90,-19.64,-0.600,0
13.592,-7.90,-19.64,-0.600,0
13.592,-7.90,-19.64,-0.600,0
13.592,-7.90,-19.61,-0.600,0
13.593,-7.90,-19.61,-0.600,0
13.593,-7.90,-19.61,-0.600,0
13.593,-7.90,-19.61,-0.600,0
13.593,-7.90,-19.58,-0.600,0
13.594,-7.90,-19.58,-0.600,0
13.594,-7.90,-19.58,-0.600,0
13.594,-7.90,-19.58,-0.600,0
13.594,-7.90,-19.58,-0.600,0
13.595,-7.90,-19.54,-0.600,0
13.595,-7.90,-19.54,-0.600,0
13.595,-7.90,-19.54,-0.600,0
13.595,-7.90,-19.54,-0.600,0
13.596,-7.90,-19.51,-0.600,0
13.596,-7.90,-19.51,-0.600,0
13.596,-7.90,-19.51,-0.600,0
13.596,-7.90,-19.48,-0.600,0
13.597,-7.90,-19.48,-0.600,0
13.597,-7.90,-19.48,-0.600,0
13.597,-7.90,-19.48,-0.600,0
13.598,-7.90,-19.44,-0.600,0
13.598,-7.90,-19.44,-0.600,0
13.598,-7.90,-19.44,-0.600,0
13.598,-7.90,-19.44,-0.600,0
13.599,-7.90,-19.41,-0.600,0
13.599,-7.90,-19.41,-0.600,0
13.599,-7.90,-19.41,-0.600,0
13.599,-7.90,-19.41,-0.600,0
13.599,-7.90,-19.38,-0.600,0
13.600,-7.90,-19.38,-0.600,0
13.600,-7.90,-19.38,-0.600,0
13.600,-7.90,-19.38,-0.600,0
13.600,-7.90,-19.35,-0.600,0
13.601,-7.90,-19.35,-0.600,0
13.601,-7.90,-19.35,-0.600,0
13.601,-7.90,-19.35,-0.600,0
13.601,-7.90,-19.31,-0.600,0
13.602,-7.90,-19.31,-0.600,0
13.602,-7.90,-19.31,-0.600,0
13.602,-7.90,-19.31,-0.600,0
13.602,-7.90,-19.28,-0.600,0
13.603,-7.90,-19.28,-0.600,0
13.603,-7.90,-19.28,-0.600,0
13.603,-7.90,-19.28,-0.600,0
13.603,-7.90,-19.25,-0.600,0
13.604,-7.90,-19.25,-0.600,0
13.604,-7.90,-19.25,-0.600,0
13.604,-7.90,-19.25,-0.600,0
13.605,-7.90,-19.22,-0.600,0
13.605,-7.90,-19.22,-0.600,0
13.605,-7.90,-19.22,-0.600,0
13.605,-7.90,-19.18,-0.600,0
13.606,-7.90,-19.18,-0.600,0
13.606,-7.90,-19.18,-0.600,0
13.606,-7.90,-19.18,-0.600,0
13.606,-7.90,-19.18,-0.600,0
13.607,-7.90,-19.15,-0.600,0
13.607,-7.90,-19.15,-0.600,0
13.607,-7.90,-19.15,-0.600,0
13.607,-7.90,-19.15,-0.600,0
13.608,-7.90,-19.12,-0.600,0
13.608,-7.90,-19.12,-0.600,0
13.608,-7.90,-19.12,-0.600,0
13.608,-7.90,-19.12,-0.600,0
13.608,-7.90,-19.09,-0.600,0
13.609,-7.90,-19.09,-0.600,0
13.609,-7.90,-19.09,-0.600,0
13.609,-7.90,-19.09,-0.600,0
13.609,-7.90,-19.05,-0.600,0
13.610,-7.90,-19.05,-0.600,0
13.610,-7.90,-19.05,-0.600,0
13.610,-7.90,-19.05,-0.600,0
13.611,-7.90,-19.02,-0.600,0
13.611,-7.90,-19.02,-0.600,0
13.611,-7.90,-19.02,-0.600,0
13.611,-7.90,-19.02,-0.600,0
13.612,-7.90,-18.99,-0.600,0
13.612,-7.90,-18.99,-0.600,0
13.612,-7.90,-18.99,-0.600,0
13.613,-7.90,-18.96,-0.600,0
13.613,-7.90,-18.96,-0.600,0
13.613,-7.90,-18.96,-0.600,0
13.613,-7.90,-18.96,-0.600,0
13.614,-7.90,-18.92,-0.600,0
13.614,-7.90,-18.92,-0.600,0
13.614,-7.90,-18.92,-0.600,0
13.614,-7.90,-18.92,-0.600,0
13.615,-7.90,-18.89,-0.600,0
13.615,-7.90,-18.89,-0.600,0
13.615,-7.90,-18.89,-0.600,0
13.615,-7.90,-18.89,-0.600,0
13.616,-7.90,-18.86,-0.600,0
13.616,-7.90,-18.86,-0.600,0
13.616,-7.90,-18.86,-0.600,0
13.616,-7.90,-18.86,-0.600,0
13.616,-7.90,-18.82,-0.600,0
13.617,-7.90,-18.82,-0.600,0
13.617,-7.90,-18.82,-0.600,0
13.617,-7.90,-18.82,-0.600,0
13.618,-7.90,-18.79,-0.600,0
13.618,-7.90,-18.79,-0.600,0
13.618,-7.90,-18.79,-0.600,0
13.618,-7.90,-18.79,-0.600,0
13.619,-7.90,-18.76,-0.600,0
13.619,-7.90,-18.76,-0.600,0
13.619,-7.90,-18.76,-0.600,0
13.619,-7.90,-18.73,-0.600,0
13.620,-7.90,-18.73,-0.600,0
13.620,-7.90,-18.73,-0.600,0
13.620,-7.90,-18.73,-0.600,0
13.620,-7.90,-18.69,-0.600,0
13.621,-7.90,-18.69,-0.600,0
13.621,-7.90,-18.69,-0.600,0
13.621,-7.90,-18.69,-0.600,0
13.621,-7.90,-18.69,-0.600,0
13.621,-7.90,-18.66,-0.600,0
13.622,-7.90,-18.66,-0.600,0
13.622,-7.90,-18.66,-0.600,0
13.622,-7.90,-18.66,-0.600,0
13.622,-7.90,-18.63,-0.600,0
13.623,-7.90,-18.63,-0.600,0
13.623,-7.90,-18.63,-0.600,0
13.623,-7.90,-18.63,-0.600,0
13.623,-7.90,-18.63,-0.600,0
13.624,-7.90,-18.60,-0.600,0
13.624,-7.90,-18.60,-0.600,0
13.624,-7.90,-18.60,-0.600,0
13.624,-7.90,-18.60,-0.600,0
13.625,-7.90,-18.56,-0.600,0
13.625,-7.90,-18.56,-0.600,0
13.625,-7.90,-18.56,-0.600,0
13.625,-7.90,-18.53,-0.600,0
13.626,-7.90,-18.53,-0.600,0
13.626,-7.90,-18.53,-0.600,0
13.626,-7.90,-18.53,-0.600,0
13.627,-7.90,-18.50,-0.600,0
13.627,-7.90,-18.50,-0.600,0
13.627,-7.90,-18.50,-0.600,0
13.627,-7.90,-18.50,-0.600,0
13.628,-7.90,-18.47,-0.600,0
13.628,-7.90,-18.47,-0.600,0
13.628,-7.90,-18.47,-0.600,0
13.628,-7.90,-18.43,-0.600,0
13.629,-7.90,-18.43,-0.600,0
13.629,-7.90,-18.43,-0.600,0
13.629,-7.90,-18.43,-0.600,0
13.629,-7.90,-18.40,-0.600,0
13.630,-7.90,-18.40,-0.600,0
13.630,-7.90,-18.40,-0.600,0
13.630,-7.90,-18.40,-0.600,0
13.630,-7.90,-18.40,-0.600,0
13.631,-7.90,-18.37,-0.600,0
13.631,-7.90,-18.37,-0.600,0
13.631,-7.90,-18.37,-0.600,0
13.631,-7.90,-18.34,-0.600,0
13.632,-7.90,-18.34,-0.600,0
13.632,-7.90,-18.34,-0.600,0
13.632,-7.90,-18.34,-0.600,0
13.633,-7.90,-18.30,-0.600,0
13.633,-7.90,-18.30,-0.600,0
13.633,-7.90,-18.30,-0.600,0
13.633,-7.90,-18.27,-0.600,0
13.634,-7.90,-18.27,-0.600,0
13.634,-7.90,-18.27,-0.600,0
13.634,-7.90,-18.27,-0.600,0
13.634,-7.90,-18.27,-0.600,0
13.635,-7.90,-18.24,-0.600,0
13.635,-7.90,-18.24,-0.600,0
13.635,-7.90,-18.24,-0.600,0
13.635,-7.90,-18.24,-0.600,0
13.636,-7.90,-18.21,-0.600,0
13.636,-7.90,-18.21,-0.600,0
13.636,-7.90,-18.21,-0.600,0
13.637,-7.90,-18.17,-0.600,0
13.637,-7.90,-18.17,-0.600,1
13.638,-11.67,-18.14,-0.600,0
13.638,-11.67,-18.14,-0.600,0
13.638,-11.67,-18.14,-0.600,0
13.639,-11.67,-18.11,-0.600,0
13.639,-11.67,-18.11,-0.600,0
13.639,-11.67,-18.11,-0.600,0
13.639,-11.67,-18.07,-0.600,0
13.640,-11.67,-18.07,-0.600,0
13.640,-11.67,-18.07,-0.600,0
13.640,-11.67,-18.07,-0.600,0
13.641,-11.67,-18.04,-0.600,0
13.641,-11.67,-18.04,-0.600,0
13.641,-11.67,-18.04,-0.600,0
13.641,-11.67,-18.04,-0.600,0
13.641,-11.67,-18.01,-0.600,0
13.642,-11.67,-18.01,-0.600,0
13.642,-11.67,-18.01,-0.600,0
13.642,-11.67,-18.01,-0.600,0
13.643,-11.67,-17.98,-0.600,0
13.643,-11.67,-17.98,-0.600,0
13.643,-11.67,-17.98,-0.600,0
13.643,-11.67,-17.94,-0.600,0
13.644,-11.67,-17.94,-0.600,0
13.644,-11.67,-17.94,-0.600,0
13.644,-11.67,-17.94,-0.600,0
13.645,-11.67,-17.91,-0.600,0
13.645,-11.67,-17.91,-0.600,0
13.645,-11.67,-17.91,-0.600,0
13.645,-11.67,-17.91,-0.600,0
13.646,-11.67,-17.88,-0.600,0
13.646,-11.67,-17.88,-0.600,0
13.646,-11.67,-17.88,-0.600,0
13.647,-11.67,-17.85,-0.600,0
13.647,-11.67,-17.85,-0.600,0
13.647,-11.67,-17.85,-0.600,0
13.647,-11.67,-17.81,-0.600,0
13.648,-11.67,-17.81,-0.600,0
13.648,-11.67,-17.81,-0.600,0
13.648,-11.67,-17.81,-0.600,0
13.648,-11.67,-17.81,-0.600,0
13.649,-11.67,-17.78,-0.600,0
13.649,-11.67,-17.78,-0.600,0
13.649,-11.67,-17.78,-0.600,0
13.649,-11.67,-17.78,-0.600,0
13.650,-11.67,-17.75,-0.600,0
13.650,-11.67,-17.75,-0.600,0
13.650,-11.67,-17.75,-0.600,0
13.650,-11.67,-17.75,-0.600,0
13.651,-11.67,-17.72,-0.600,0
13.651,-11.67,-17.72,-0.600,0
13.651,-11.67,-17.72,-0.600,0
13.651,-11.67,-17.72,-0.600,0
13.652,-11.67,-17.68,-0.600,0
13.652,-11.67,-17.68,-0.600,0
13.652,-11.67,-17.68,-0.600,0
13.653,-11.67,-17.65,-0.600,0
13.653,-11.67,-17.65,-0.600,0
13.653,-11.67,-17.65,-0.600,0
13.653,-11.67,-17.62,-0.600,0
13.654,-11.67,-17.62,-0.600,0
13.654,-11.67,-17.62,-0.600,0
13.654,-11.67,-17.62,-0.600,0
13.654,-11.67,-17.59,-0.600,0
13.655,-11.67,-17.59,-0.600,0
13.655,-11.67,-17.59,-0.600,0
13.655,-11.67,-17.59,-0.600,0
13.655,-11.67,-17.55,-0.600,0
13.656,-11.67,-17.55,-0.600,0
13.656,-11.67,-17.55,-0.600,0
13.656,-11.67,-17.55,-0.600,0
13.657,-11.67,-17.52,-0.600,0
13.657,-11.67,-17.52,-0.600,0
13.657,-11.67,-17.52,-0.600,0
13.657,-11.67,-17.52,-0.600,0
13.658,-11.67,-17.49,-0.600,0
13.658,-11.67,-17.49,-0.600,0
13.658,-11.67,-17.49,-0.600,0
13.658,-11.67,-17.45,-0.600,0
13.659,-11.67,-17.45,-0.600,0
13.659,-11.67,-17.45,-0.600,0
13.659,-11.67,-17.45,-0.600,0
13.660,-11.67,-17.42,-0.600,0
13.660,-11.67,-17.42,-0.600,0
13.660,-11.67,-17.42,-0.600,0
13.660,-11.67,-17.42,-0.600,0
13.661,-11.67,-17.39,-0.600,0
13.661,-11.67,-17.39,-0.600,0
13.661,-11.67,-17.39,-0.600,0
13.661,-11.67,-17.36,-0.600,0
13.662,-11.67,-17.36,-0.600,0
13.662,-11.67,-17.36,-0.600,0
13.662,-11.67,-17.36,-0.600,0
13.662,-11.67,-17.32,-0.600,0
13.663,-11.67,-17.32,-0.600,0
13.663,-11.67,-17.32,-0.600,0
13.663,-11.67,-17.32,-0.600,0
13.663,-11.67,-17.29,-0.600,0
13.664,-11.67,-17.29,-0.600,0
13.664,-11.67,-17.29,-0.600,0
13.664,-11.67,-17.29,-0.600,0
13.664,-11.67,-17.26,-0.600,0
13.665,-11.67,-17.26,-0.600,0
13.665,-11.67,-17.26,-0.600,0
13.665,-11.67,-17.26,-0.600,0
13.666,-11.67,-17.23,-0.600,0
13.666,-11.67,-17.23,-0.600,0
13.666,-11.67,-17.23,-0.600,0
13.667,-11.67,-17.19,-0.600,0
13.667,-11.67,-17.19,-0.600,0
13.667,-11.67,-17.19,-0.600,0
13.667,-11.67,-17.16,-0.600,0
13.668,-11.67,-17.16,-0.600,0
13.668,-11.67,-17.16,-0.600,0
13.668,-11.67,-17.16,-0.600,0
13.669,-11.67,-17.13,-0.600,0
13.669,-11.67,-17.13,-0.600,0
13.669,-11.67,-17.13,-0.600,0
13.669,-11.67,-17.13,-0.600,0
13.670,-11.67,-17.10,-0.600,0
13.670,-11.67,-17.10,-0.600,0
13.670,-11.67,-17.10,-0.600,0
13.670,-11.67,-17.10,-0.600,0
13.671,-11.67,-17.06,-0.600,0
13.671,-11.67,-17.06,-0.600,0
13.671,-11.67,-17.06,-0.600,0
13.671,-11.67,-17.06,-0.600,0
13.671,-11.67,-17.03,-0.600,0
13.672,-11.67,-17.03,-0.600,0
13.672,-11.67,-17.03,-0.600,0
13.672,-11.67,-17.03,-0.600,0
13.672,-11.67,-17.00,-0.600,0
13.673,-11.67,-17.00,-0.600,0
13.673,-11.67,-17.00,-0.600,0
13.673,-11.67,-17.00,-0.600,0
13.674,-11.67,-16.97,-0.600,0
13.674,-11.67,-16.97,-0.600,0
13.674,-11.67,-16.97,-0.600,0
13.675,-11.67,-16.93,-0.600,0
13.675,-11.67,-16.93,-0.600,0
13.675,-11.67,-16.93,-0.600,0
13.675,-11.67,-16.93,-0.600,0
13.676,-11.67,-16.90,-0.600,0
13.676,-11.67,-16.90,-0.600,0
13.676,-11.67,-16.90,-0.600,0
13.676,-11.67,-16.90,-0.600,0
13.677,-11.67,-16.87,-0.600,0
13.677,-11.67,-16.87,-0.600,0
13.677,-11.67,-16.87,-0.600,0
13.677,-11.67,-16.87,-0.600,0
13.678,-11.67,-16.83,-0.600,0
13.678,-11.67,-16.83,-0.600,0
13.678,-11.67,-16.83,-0.600,0
13.678,-11.67,-16.83,-0.600,0
13.679,-11.67,-16.80,-0.600,0
13.679,-11.67,-16.80,-0.600,0
13.679,-11.67,-16.80,-0.600,0
13.679,-11.67,-16.80,-0.600,0
13.680,-11.67,-16.77,-0.600,0
13.680,-11.67,-16.77,-0.600,0
13.680,-11.67,-16.77,-0.600,0
13.681,-11.67,-16.74,-0.600,0
13.682,-11.67,-16.70,-0.600,0
13.682,-11.67,-16.70,-0.600,0
13.682,-11.67,-16.70,-0.600,0
13.683,-11.67,-16.67,-0.600,0
13.683,-11.67,-16.67,-0.600,0
13.683,-11.67,-16.67,-0.600,0
13.683,-11.67,-16.67,-0.600,0
13.684,-11.67,-16.64,-0.600,0
13.684,-11.67,-16.64,-0.600,0
13.684,-11.67,-16.64,-0.600,0
13.684,-11.67,-16.64,-0.600,0
13.684,-11.67,-16.61,-0.600,0
13.685,-11.67,-16.61,-0.600,0
13.685,-11.67,-16.61,-0.600,0
13.685,-11.67,-16.61,-0.600,0
13.685,-11.67,-16.57,-0.600,0
13.686,-11.67,-16.57,-0.600,0
13.686,-11.67,-16.57,-0.600,0
13.686,-11.67,-16.57,-0.600,0
13.687,-11.67,-16.54,-0.600,0
13.687,-11.67,-16.54,-0.600,0
13.687,-11.67,-16.54,-0.600,0
13.688,-11.67,-16.51,-0.600,0
13.688,-11.67,-16.51,-0.600,0
13.688,-11.67,-16.51,-0.600,0
13.688,-11.67,-16.51,-0.600,0
13.689,-11.67,-16.48,-0.600,0
13.689,-11.67,-16.48,-0.600,0
13.689,-11.67,-16.48,-0.600,0
13.689,-11.67,-16.44,-0.600,0
13.690,-11.67,-16.44,-0.600,0
13.690,-11.67,-16.44,-0.600,0
13.690,-11.67,-16.44,-0.600,0
13.690,-11.67,-16.41,-0.600,0
13.691,-11.67,-16.41,-0.600,0
13.691,-11.67,-16.41,-0.600,0
13.691,-11.67,-16.41,-0.600,0
13.691,-11.67,-16.38,-0.600,0
13.692,-11.67,-16.38,-0.600,0
13.692,-11.67,-16.38,-0.600,0
13.692,-11.67,-16.38,-0.600,0
13.692,-11.67,-16.38,-0.600,0
13.693,-11.67,-16.35,-0.600,0
13.693,-11.67,-16.35,-0.600,0
13.693,-11.67,-16.35,-0.600,0
13.693,-11.67,-16.35,-0.600,0
13.694,-11.67,-16.31,-0.600,0
13.694,-11.67,-16.31,-0.600,0
13.694,-11.67,-16.31,-0.600,0
13.695,-11.67,-16.28,-0.600,0
13.695,-11.67,-16.28,-0.600,0
13.695,-11.67,-16.28,-0.600,0
13.696,-11.67,-16.25,-0.600,0
13.696,-11.67,-16.25,-0.600,0
13.696,-11.67,-16.25,-0.600,0
13.696,-11.67,-16.25,-0.600,0
13.696,-11.67,-16.22,-0.600,0
13.697,-11.67,-16.22,-0.600,0
13.697,-11.67,-16.22,-0.600,0
13.697,-11.67,-16.22,-0.600,0
13.697,-11.67,-16.18,-0.600,0
13.698,-11.67,-16.18,-0.600,0
13.698,-11.67,-16.18,-0.600,0
13.698,-11.67,-16.18,-0.600,0
13.698,-11.67,-16.15,-0.600,0
13.699,-11.67,-16.15,-0.600,0
13.699,-11.67,-16.15,-0.600,0
13.699,-11.67,-16.15,-0.600,0
13.699,-11.67,-16.12,-0.600,0
13.700,-11.67,-16.12,-0.600,0
13.700,-11.67,-16.12,-0.600,0
13.700,-11.67,-16.12,-0.600,0
13.701,-11.67,-16.09,-0.600,0
13.701,-11.67,-16.09,-0.600,0
13.701,-11.67,-16.09,-0.600,0
13.701,-11.67,-16.09,-0.600,0
13.702,-11.67,-16.05,-0.600,0
13.702,-11.67,-16.05,-0.600,0
13.702,-11.67,-16.05,-0.600,0
13.703,-11.67,-16.02,-0.600,0
13.703,-11.67,-16.02,-0.600,0
13.703,-11.67,-16.02,-0.600,0
13.703,-11.67,-15.99,-0.600,0
13.704,-11.67,-15.99,-0.600,0
13.704,-11.67,-15.99,-0.600,0
13.704,-11.67,-15.99,-0.600,0
13.704,-11.67,-15.99,-0.600,0
13.705,-11.67,-15.95,-0.600,0
13.705,-11.67,-15.95,-0.600,0
13.705,-11.67,-15.95,-0.600,0
13.705,-11.67,-15.95,-0.600,0
13.706,-11.67,-15.92,-0.600,0
13.706,-11.67,-15.92,-0.600,0
13.706,-11.67,-15.92,-0.600,0
13.706,-11.67,-15.92,-0.600,0
13.707,-11.67,-15.89,-0.600,0
13.707,-11.67,-15.89,-0.600,0
13.707,-11.67,-15.89,-0.600,0
13.707,-11.67,-15.86,-0.600,0
13.708,-11.67,-15.86,-0.600,0
13.708,-11.67,-15.86,-0.600,0
13.708,-11.67,-15.86,-0.600,0
13.709,-11.67,-15.82,-0.600,0
13.709,-11.67,-15.82,-0.600,0
13.709,-11.67,-15.82,-0.600,0
13.709,-11.67,-15.79,-0.600,0
13.710,-11.67,-15.79,-0.600,0
13.710,-11.67,-15.79,-0.600,0
13.710,-11.67,-15.79,-0.600,0
13.710,-11.67,-15.76,-0.600,0
13.711,-11.67,-15.76,-0.600,0
13.711,-11.67,-15.76,-0.600,0
13.711,-11.67,-15.76,-0.600,0
13.711,-11.67,-15.76,-0.600,0
13.712,-11.67,-15.73,-0.600,0
13.712,-11.67,-15.73,-0.600,0
13.712,-11.67,-15.73,-0.600,0
13.712,-11.67,-15.73,-0.600,0
13.713,-11.67,-15.69,-0.600,0
13.713,-11.67,-15.69,-0.600,0
13.713,-11.67,-15.69,-0.600,0
13.713,-11.67,-15.66,-0.600,0
13.714,-11.67,-15.66,-0.600,0
13.714,-11.67,-15.66,-0.600,0
13.714,-11.67,-15.66,-0.600,0
13.714,-11.67,-15.63,-0.600,0
13.715,-11.67,-15.63,-0.600,0
13.715,-11.67,-15.63,-0.600,0
13.715,-11.67,-15.63,-0.600,0
13.716,-11.67,-15.60,-0.600,0
13.716,-11.67,-15.60,-0.600,0
13.716,-11.67,-15.60,-0.600,0
13.716,-11.67,-15.56,-0.600,0
13.717,-11.67,-15.56,-0.600,0
13.717,-11.67,-15.56,-0.600,0
13.717,-11.67,-15.56,-0.600,0
13.717,-11.67,-15.56,-0.600,0
13.718,-11.67,-15.53,-0.600,0
13.718,-11.67,-15.53,-0.600,0
13.718,-11.67,-15.53,-0.600,0
13.718,-11.67,-15.50,-0.600,0
13.719,-11.67,-15.50,-0.600,0
13.719,-11.67,-15.50,-0.600,0
13.719,-11.67,-15.50,-0.600,0
13.719,-11.67,-15.50,-0.600,0
13.720,-11.67,-15.47,-0.600,0
13.720,-11.67,-15.47,-0.600,0
13.720,-11.67,-15.47,-0.600,0
13.720,-11.67,-15.47,-0.600,0
13.721,-11.67,-15.43,-0.600,0
13.721,-11.67,-15.43,-0.600,0
13.721,-11.67,-15.43,-0.600,0
13.721,-11.67,-15.43,-0.600,0
13.722,-11.67,-15.40,-0.600,0
13.722,-11.67,-15.40,-0.600,0
13.722,-11.67,-15.40,-0.600,0
13.722,-11.67,-15.40,-0.600,0
13.723,-11.67,-15.37,-0.600,0
13.723,-11.67,-15.37,-0.600,0
13.723,-11.67,-15.37,-0.600,0
13.723,-11.67,-15.34,-0.600,0
13.724,-11.67,-15.34,-0.600,0
13.724,-11.67,-15.34,-0.600,0
13.724,-11.67,-15.34,-0.600,0
13.724,-11.67,-15.30,-0.600,0
13.725,-11.67,-15.30,-0.600,0
13.725,-11.67,-15.30,-0.600,0
13.725,-11.67,-15.30,-0.600,0
13.725,-11.67,-15.30,-0.600,0
13.726,-11.67,-15.27,-0.600,0
13.726,-11.67,-15.27,-0.600,0
13.726,-11.67,-15.27,-0.600,0
13.726,-11.67,-15.24,-0.600,0
13.727,-11.67,-15.24,-0.600,0
13.727,-11.67,-15.24,-0.600,0
13.727,-11.67,-15.24,-0.600,0
13.727,-11.67,-15.20,-0.600,0
13.728,-11.67,-15.20,-0.600,0
13.728,-11.67,-15.20,-0.600,0
13.728,-11.67,-15.20,-0.600,0
13.728,-11.67,-15.17,-0.600,0
13.729,-11.67,-15.17,-0.600,0
13.729,-11.67,-15.17,-0.600,0
13.729,-11.67,-15.17,-0.600,0
13.729,-11.67,-15.14,-0.600,0
13.730,-11.67,-15.14,-0.600,0
13.730,-11.67,-15.14,-0.600,0
13.730,-11.67,-15.14,-0.600,0
13.730,-11.67,-15.11,-0.600,0
13.731,-11.67,-15.11,-0.600,0
13.731,-11.67,-15.11,-0.600,0
13.731,-11.67,-15.11,-0.600,0
13.731,-11.67,-15.07,-0.600,0
13.732,-11.67,-15.07,-0.600,0
13.732,-11.67,-15.07,-0.600,0
13.732,-11.67,-15.07,-0.600,0
13.732,-11.67,-15.07,-0.600,0
13.733,-11.67,-15.04,-0.600,0
13.733,-11.67,-15.04,-0.600,0
13.733,-11.67,-15.04,-0.600,0
13.733,-11.67,-15.04,-0.600,0
13.734,-11.67,-15.01,-0.600,0
13.734,-11.67,-15.01,-0.600,0
13.734,-11.67,-15.01,-0.600,0
13.734,-11.67,-15.01,-0.600,0
13.735,-11.67,-14.98,-0.600,0
13.735,-11.67,-14.98,-0.600,0
13.735,-11.67,-14.98,-0.600,0
13.735,-11.67,-14.94,-0.600,0
13.736,-11.67,-14.94,-0.600,0
13.736,-11.67,-14.94,-0.600,0
13.736,-11.67,-14.94,-0.600,0
13.736,-11.67,-14.94,-0.600,0
13.737,-11.67,-14.91,-0.600,0
13.737,-11.67,-14.91,-0.600,0
13.737,-11.67,-14.91,-0.600,0
13.737,-11.67,-14.91,-0.600,0
13.738,-11.67,-14.88,-0.600,0
13.738,-11.67,-14.88,-0.600,0
13.738,-11.67,-14.88,-0.600,0
13.738,-11.67,-14.88,-0.600,0
13.738,-11.67,-14.85,-0.600,0
13.739,-11.67,-14.85,-0.600,0
13.739,-11.67,-14.85,-0.600,0
13.739,-11.67,-14.85,-0.600,0
13.739,-11.67,-14.81,-0.600,0
13.740,-11.67,-14.81,-0.600,0
13.740,-11.67,-14.81,-0.600,0
13.740,-11.67,-14.81,-0.600,0
13.740,-11.67,-14.78,-0.600,0
13.741,-11.67,-14.78,-0.600,0
13.741,-11.67,-14.78,-0.600,0
13.741,-11.67,-14.78,-0.600,0
13.741,-11.67,-14.75,-0.600,0
13.742,-11.67,-14.75,-0.600,0
13.742,-11.67,-14.75,-0.600,0
13.742,-11.67,-14.75,-0.600,0
13.742,-11.67,-14.75,-0.600,0
13.743,-11.67,-14.72,-0.600,0
13.743,-11.67,-14.72,-0.600,0
13.743,-11.67,-14.72,-0.600,0
13.743,-11.67,-14.72,-0.600,0
13.744,-11.67,-14.68,-0.600,0
13.744,-11.67,-14.68,-0.600,0
13.744,-11.67,-14.68,-0.600,0
13.744,-11.67,-14.68,-0.600,0
13.744,-11.67,-14.65,-0.600,0
13.745,-11.67,-14.65,-0.600,0
13.745,-11.67,-14.65,-0.600,0
13.745,-11.67,-14.65,-0.600,0
13.745,-11.67,-14.62,-0.600,0
13.746,-11.67,-14.62,-0.600,0
13.746,-11.67,-14.62,-0.600,0
13.746,-11.67,-14.62,-0.600,0
13.746,-11.67,-14.62,-0.600,0
13.747,-11.67,-14.58,-0.600,0
13.747,-11.67,-14.58,-0.600,0
13.747,-11.67,-14.58,-0.600,0
13.747,-11.67,-14.58,-0.600,0
13.748,-11.67,-14.55,-0.600,0
13.748,-11.67,-14.55,-0.600,0
13.748,-11.67,-14.55,-0.600,0
13.748,-11.67,-14.55,-0.600,0
13.749,-11.67,-14.52,-0.600,0
13.749,-11.67,-14.52,-0.600,0
13.749,-11.67,-14.52,-0.600,0
13.749,-11.67,-14.52,-0.600,0
13.750,-11.67,-14.49,-0.600,0
13.750,-11.67,-14.49,-0.600,0
13.750,-11.67,-14.49,-0.600,0
13.750,-11.67,-14.45,-0.600,0
13.751,-11.67,-14.45,-0.600,0
13.751,-11.67,-14.45,-0.600,0
13.751,-11.67,-14.45,-0.600,0
13.751,-11.67,-14.42,-0.600,0
13.752,-11.67,-14.42,-0.600,0
13.752,-11.67,-14.42,-0.600,0
13.752,-11.67,-14.42,-0.600,0
13.752,-11.67,-14.42,-0.600,0
13.753,-11.67,-14.39,-0.600,0
13.753,-11.67,-14.39,-0.600,0
13.753,-11.67,-14.39,-0.600,0
13.753,-11.67,-14.39,-0.600,0
13.753,-11.67,-14.36,-0.600,0
13.754,-11.67,-14.36,-0.600,0
13.754,-11.67,-14.36,-0.600,0
13.754,-11.67,-14.36,-0.600,0
13.754,-11.67,-14.32,-0.600,0
13.755,-11.67,-14.32,-0.600,0
13.755,-11.67,-14.32,-0.600,0
13.755,-11.67,-14.32,-0.600,0
13.755,-11.67,-14.32,-0.600,0
13.756,-11.67,-14.29,-0.600,0
13.756,-11.67,-14.29,-0.600,0
13.756,-11.67,-14.29,-0.600,0
13.756,-11.67,-14.29,-0.600,0
13.757,-11.67,-14.26,-0.600,0
13.757,-11.67,-14.26,-0.600,0
13.757,-11.67,-14.26,-0.600,0
13.757,-11.67,-14.23,-0.600,0
13.758,-11.67,-14.23,-0.600,0
13.758,-11.67,-14.23,-0.600,0
13.758,-11.67,-14.23,-0.600,0
13.758,-11.67,-14.19,-0.600,0
13.759,-11.67,-14.19,-0.600,0
13.759,-11.67,-14.19,-0.600,0
13.759,-11.67,-14.19,-0.600,0
13.759,-11.67,-14.19,-0.600,0
13.760,-11.67,-14.16,-0.600,0
13.760,-11.67,-14.16,-0.600,0
13.760,-11.67,-14.16,-0.600,0
13.760,-11.67,-14.16,-0.600,0
13.760,-11.67,-14.13,-0.600,0
13.761,-11.67,-14.13,-0.600,0
13.761,-11.67,-14.13,-0.600,0
13.761,-11.67,-14.13,-0.600,0
13.761,-11.67,-14.10,-0.600,0
13.762,-11.67,-14.10,-0.600,0
13.762,-11.67,-14.10,-0.600,0
13.762,-11.67,-14.10,-0.600,0
13.763,-11.67,-14.06,-0.600,0
13.763,-11.67,-14.06,-0.600,0
13.763,-11.67,-14.06,-0.600,0
13.763,-11.67,-14.06,-0.600,0
13.764,-11.67,-14.03,-0.600,0
13.764,-11.67,-14.03,-0.600,0
13.764,-11.67,-14.03,-0.600,0
13.764,-11.67,-14.00,-0.600,0
13.765,-11.67,-14.00,-0.600,0
13.765,-11.67,-14.00,-0.600,0
13.765,-11.67,-14.00,-0.600,0
13.765,-11.67,-13.97,-0.600,0
13.766,-11.67,-13.97,-0.600,0
13.766,-11.67,-13.97,-0.600,0
13.766,-11.67,-13.97,-0.600,0
13.766,-11.67,-13.93,-0.600,0
13.767,-11.67,-13.93,-0.600,0
13.767,-11.67,-13.93,-0.600,0
13.767,-11.67,-13.93,-0.600,0
13.767,-11.67,-13.93,-0.600,0
13.768,-11.67,-13.90,-0.600,0
13.768,-11.67,-13.90,-0.600,0
13.768,-11.67,-13.90,-0.600,0
13.768,-11.67,-13.87,-0.600,0
13.769,-11.67,-13.87,-0.600,0
13.769,-11.67,-13.87,-0.600,0
13.769,-11.67,-13.87,-0.600,0
13.769,-11.67,-13.84,-0.600,0
13.770,-11.67,-13.84,-0.600,0
13.770,-11.67,-13.84,-0.600,0
13.770,-11.67,-13.84,-0.600,0
13.771,-11.67,-13.80,-0.600,0
13.771,-11.67,-13.80,-0.600,0
13.771,-11.67,-13.80,-0.600,0
13.771,-11.67,-13.77,-0.600,0
13.772,-11.67,-13.77,-0.600,0
13.772,-11.67,-13.77,-0.600,0
13.772,-11.67,-13.77,-0.600,0
13.772,-11.67,-13.74,-0.600,0
13.773,-11.67,-13.74,-0.600,0
13.773,-11.67,-13.74,-0.600,0
13.773,-11.67,-13.74,-0.600,0
13.773,-11.67,-13.71,-0.600,0
13.774,-11.67,-13.71,-0.600,0
13.774,-11.67,-13.71,-0.600,0
13.774,-11.67,-13.71,-0.600,0
13.774,-11.67,-13.71,-0.600,0
13.775,-11.67,-13.67,-0.600,0
13.775,-11.67,-13.67,-0.600,0
13.775,-11.67,-13.67,-0.600,0
13.775,-11.67,-13.67,-0.600,0
13.775,-11.67,-13.64,-0.600,0
13.776,-11.67,-13.64,-0.600,0
13.776,-11.67,-13.64,-0.600,0
13.776,-11.67,-13.64,-0.600,0
13.777,-11.67,-13.61,-0.600,0
13.777,-11.67,-13.61,-0.600,0
13.777,-11.67,-13.61,-0.600,0
13.777,-11.67,-13.61,-0.600,0
13.778,-11.67,-13.57,-0.600,0
13.778,-11.67,-13.57,-0.600,0
13.778,-11.67,-13.57,-0.600,0
13.778,-11.67,-13.54,-0.600,0
13.779,-11.67,-13.54,-0.600,0
13.779,-11.67,-13.54,-0.600,0
13.779,-11.67,-13.54,-0.600,0
13.779,-11.67,-13.54,-0.600,0
13.779,-11.67,-13.51,-0.600,0
13.780,-11.67,-13.51,-0.600,0
13.780,-11.67,-13.51,-0.600,0
13.780,-11.67,-13.51,-0.600,0
13.780,-11.67,-13.48,-0.600,0
13.781,-11.67,-13.48,-0.600,0
13.781,-11.67,-13.48,-0.600,0
13.781,-11.67,-13.48,-0.600,0
13.781,-11.67,-13.44,-0.600,0
13.782,-11.67,-13.44,-0.600,0
13.782,-11.67,-13.44,-0.600,0
13.782,-11.67,-13.44,-0.600,0
13.782,-11.67,-13.41,-0.600,0
13.783,-11.67,-13.41,-0.600,0
13.783,-11.67,-13.41,-0.600,0
13.783,-11.67,-13.41,-0.600,0
13.784,-11.67,-13.38,-0.600,0
13.784,-11.67,-13.38,-0.600,0
13.784,-11.67,-13.38,-0.600,0
13.784,-11.67,-13.38,-0.600,0
13.785,-11.67,-13.35,-0.600,0
13.785,-11.67,-13.35,-0.600,0
13.785,-11.67,-13.35,-0.600,0
13.785,-11.67,-13.31,-0.600,0
13.786,-11.67,-13.31,-0.600,0
13.786,-11.67,-13.31,-0.600,0
13.786,-11.67,-13.31,-0.600,0
13.786,-11.67,-13.31,-0.600,0
13.787,-11.67,-13.28,-0.600,0
13.787,-11.67,-13.28,-0.600,0
13.787,-11.67,-13.28,-0.600,0
13.787,-11.67,-13.28,-0.600,0
13.787,-11.67,-13.25,-0.600,0
13.788,-11.67,-13.25,-0.600,0
13.788,-11.67,-13.25,-0.600,0
13.788,-11.67,-13.25,-0.600,0
13.788,-11.67,-13.22,-0.600,0
13.789,-11.67,-13.22,-0.600,0
13.789,-11.67,-13.22,-0.600,0
13.789,-11.67,-13.22,-0.600,0
13.789,-11.67,-13.18,-0.600,0
13.790,-11.67,-13.18,-0.600,0
13.790,-11.67,-13.18,-0.600,0
13.790,-11.67,-13.18,-0.600,0
13.790,-11.67,-13.15,-0.600,0
13.791,-11.67,-13.15,-0.600,0
13.791,-11.67,-13.15,-0.600,0
13.791,-11.67,-13.15,-0.600,0
13.792,-11.67,-13.12,-0.600,0
13.792,-11.67,-13.12,-0.600,0
13.792,-11.67,-13.12,-0.600,0
13.793,-11.67,-13.09,-0.600,0
13.793,-11.67,-13.09,-0.600,0
13.793,-11.67,-13.09,-0.600,0
13.793,-11.67,-13.05,-0.600,0
13.794,-11.67,-13.05,-0.600,0
13.794,-11.67,-13.05,-0.600,0
13.794,-11.67,-13.05,-0.600,0
13.794,-11.67,-13.02,-0.600,0
13.795,-11.67,-13.02,-0.600,0
13.795,-11.67,-13.02,-0.600,0
13.795,-11.67,-13.02,-0.600,0
13.795,-11.67,-13.02,-0.600,0
13.796,-11.67,-12.99,-0.600,0
13.796,-11.67,-12.99,-0.600,0
13.796,-11.67,-12.99,-0.600,0
13.796,-11.67,-12.95,-0.600,0
13.797,-11.67,-12.95,-0.600,0
13.797,-11.67,-12.95,-0.600,0
13.797,-11.67,-12.95,-0.600,0
13.797,-11.67,-12.92,-0.600,0
13.798,-11.67,-12.92,-0.600,0
13.798,-11.67,-12.92,-0.600,0
13.798,-11.67,-12.89,-0.600,0
13.799,-11.67,-12.89,-0.600,0
13.799,-11.67,-12.89,-0.600,0
13.799,-11.67,-12.89,-0.600,0
13.799,-11.67,-12.86,-0.600,0
13.800,-11.67,-12.86,-0.600,0
13.800,-11.67,-12.86,-0.600,0
13.800,-11.67,-12.86,-0.600,0
13.801,-11.67,-12.82,-0.600,0
13.801,-11.67,-12.82,-0.600,0
13.801,-11.67,-12.82,-0.600,0
13.801,-11.67,-12.82,-0.600,0
13.802,-11.67,-12.79,-0.600,0
13.802,-11.67,-12.79,-0.600,0
13.802,-11.67,-12.79,-0.600,0
13.802,-11.67,-12.79,-0.600,0
13.802,-11.67,-12.76,-0.600,0
13.803,-11.67,-12.76,-0.600,0
13.803,-11.67,-12.76,-0.600,0
13.803,-11.67,-12.76,-0.600,0
13.804,-11.67,-12.73,-0.600,0
13.804,-11.67,-12.73,-0.600,0
13.804,-11.67,-12.73,-0.600,0
13.804,-11.67,-12.73,-0.600,0
13.805,-11.67,-12.69,-0.600,0
13.805,-11.67,-12.69,-0.600,0
13.805,-11.67,-12.69,-0.600,0
13.805,-11.67,-12.69,-0.600,0
13.805,-11.67,-12.66,-0.600,0
13.806,-11.67,-12.66,-0.600,0
13.806,-11.67,-12.66,-0.600,0
13.806,-11.67,-12.66,-0.600,0
13.806,-11.67,-12.63,-0.600,0
13.807,-11.67,-12.63,-0.600,0
13.807,-11.67,-12.63,-0.600,0
13.807,-11.67,-12.63,-0.600,0
13.807,-11.67,-12.60,-0.600,0
13.808,-11.67,-12.60,-0.600,0
13.808,-11.67,-12.60,-0.600,0
13.808,-11.67,-12.60,-0.600,0
13.808,-11.67,-12.60,-0.600,0
13.809,-11.67,-12.56,-0.600,0
13.809,-11.67,-12.56,-0.600,0
13.809,-11.67,-12.56,-0.600,0
13.809,-11.67,-12.56,-0.600,0
13.810,-11.67,-12.53,-0.600,0
13.810,-11.67,-12.53,-0.600,0
13.810,-11.67,-12.53,-0.600,0
13.810,-11.67,-12.53,-0.600,0
13.811,-11.67,-12.50,-0.600,0
13.811,-11.67,-12.50,-0.600,0
13.811,-11.67,-12.50,-0.600,0
13.811,-11.67,-12.47,-0.600,0
13.812,-11.67,-12.47,-0.600,0
13.812,-11.67,-12.47,-0.600,0
13.812,-11.67,-12.47,-0.600,0
13.812,-11.67,-12.43,-0.600,0
13.813,-11.67,-12.43,-0.600,0
13.813,-11.67,-12.43,-0.600,0
13.813,-11.67,-12.43,-0.600,0
13.813,-11.67,-12.40,-0.600,0
13.814,-11.67,-12.40,-0.600,0
13.814,-11.67,-12.40,-0.600,0
13.814,-11.67,-12.40,-0.600,0
13.814,-11.67,-12.40,-0.600,0
13.815,-11.67,-12.37,-0.600,0
13.815,-11.67,-12.37,-0.600,0
13.815,-11.67,-12.37,-0.600,0
13.815,-11.67,-12.37,-0.600,0
13.816,-11.67,-12.33,-0.600,0
13.816,-11.67,-12.33,-0.600,0
13.816,-11.67,-12.33,-0.600,0
13.816,-11.67,-12.33,-0.600,0
13.817,-11.67,-12.30,-0.600,0
13.817,-11.67,-12.30,-0.600,0
13.817,-11.67,-12.30,-0.600,0
13.817,-11.67,-12.30,-0.600,0
13.817,-11.67,-12.27,-0.600,0
13.818,-11.67,-12.27,-0.600,0
13.818,-11.67,-12.27,-0.600,0
13.818,-11.67,-12.27,-0.600,0
13.819,-11.67,-12.24,-0.600,0
13.819,-11.67,-12.24,-0.600,0
13.819,-11.67,-12.24,-0.600,0
13.819,-11.67,-12.24,-0.600,0
13.819,-11.67,-12.20,-0.600,0
13.820,-11.67,-12.20,-0.600,0
13.820,-11.67,-12.20,-0.600,0
13.820,-11.67,-12.20,-0.600,0
13.820,-11.67,-12.17,-0.600,0
13.821,-11.67,-12.17,-0.600,0
13.821,-11.67,-12.17,-0.600,0
13.821,-11.67,-12.17,-0.600,0
13.821,-11.67,-12.14,-0.600,0
13.822,-11.67,-12.14,-0.600,0
13.822,-11.67,-12.14,-0.600,0
13.822,-11.67,-12.14,-0.600,0
13.822,-11.67,-12.11,-0.600,0
13.823,-11.67,-12.11,-0.600,0
13.823,-11.67,-12.11,-0.600,0
13.823,-11.67,-12.11,-0.600,0
13.823,-11.67,-12.11,-0.600,0
13.824,-11.67,-12.07,-0.600,0
13.824,-11.67,-12.07,-0.600,0
13.824,-11.67,-12.07,-0.600,0
13.824,-11.67,-12.07,-0.600,0
13.824,-11.67,-12.04,-0.600,0
13.825,-11.67,-12.04,-0.600,0
13.825,-11.67,-12.04,-0.600,0
13.825,-11.67,-12.04,-0.600,0
13.825,-11.67,-12.01,-0.600,0
13.826,-11.67,-12.01,-0.600,0
13.826,-11.67,-12.01,-0.600,0
13.826,-11.67,-12.01,-0.600,0
13.826,-11.67,-11.98,-0.600,0
13.827,-11.67,-11.98,-0.600,0
13.827,-11.67,-11.98,-0.600,0
13.827,-11.67,-11.98,-0.600,0
13.828,-11.67,-11.94,-0.600,0
13.828,-11.67,-11.94,-0.600,0
13.828,-11.67,-11.94,-0.600,0
13.828,-11.67,-11.94,-0.600,0
13.828,-11.67,-11.91,-0.600,0
13.829,-11.67,-11.91,-0.600,0
13.829,-11.67,-11.91,-0.600,0
13.829,-11.67,-11.91,-0.600,0
13.829,-11.67,-11.88,-0.600,0
13.830,-11.67,-11.88,-0.600,0
13.830,-11.67,-11.88,-0.600,0
13.830,-11.67,-11.88,-0.600,0
13.830,-11.67,-11.85,-0.600,0
13.831,-11.67,-11.85,-0.600,0
13.831,-11.67,-11.85,-0.600,0
13.831,-11.67,-11.85,-0.600,0
13.831,-11.67,-11.85,-0.600,0
13.832,-11.67,-11.81,-0.600,0
13.832,-11.67,-11.81,-0.600,0
13.832,-11.67,-11.81,-0.600,0
13.832,-11.67,-11.78,-0.600,0
13.833,-11.67,-11.78,-0.600,0
13.833,-11.67,-11.78,-0.600,0
13.833,-11.67,-11.78,-0.600,0
13.834,-11.67,-11.75,-0.600,0
13.834,-11.67,-11.75,-0.600,0
13.834,-11.67,-11.75,-0.600,0
13.834,-11.67,-11.75,-0.600,0
13.835,-11.67,-11.71,-0.600,0
13.835,-11.67,-11.71,-0.600,0
13.835,-11.67,-11.71,-0.600,0
13.835,-11.67,-11.68,-0.600,0
13.836,-11.67,-11.68,-0.600,0
13.836,-11.67,-11.68,-0.600,0
13.836,-11.67,-11.68,-0.600,0
13.836,-11.67,-11.65,-0.600,0
13.837,-11.67,-11.65,-0.600,0
13.837,-11.67,-11.65,-0.600,0
13.837,-11.67,-11.65,-0.600,0
13.837,-11.67,-11.62,-0.600,0
13.838,-11.67,-11.62,-0.600,0
13.838,-11.67,-11.62,-0.600,0
13.838,-11.67,-11.62,-0.600,0
13.838,-11.67,-11.62,-0.600,0
13.838,-11.67,-11.58,-0.600,0
13.839,-11.67,-11.58,-0.600,0
13.839,-11.67,-11.58,-0.600,0
13.839,-11.67,-11.58,-0.600,0
13.840,-11.67,-11.55,-0.600,0
13.840,-11.67,-11.55,-0.600,0
13.840,-11.67,-11.55,-0.600,0
13.840,-11.67,-11.55,-0.600,0
13.841,-11.67,-11.52,-0.600,0
13.841,-11.67,-11.52,-0.600,0
13.841,-11.67,-11.52,-0.600,0
13.841,-11.67,-11.52,-0.600,0
13.841,-11.67,-11.49,-0.600,0
13.842,-11.67,-11.49,-0.600,0
13.842,-11.67,-11.49,-0.600,0
13.842,-11.67,-11.49,-0.600,0
13.842,-11.67,-11.45,-0.600,0
13.843,-11.67,-11.45,-0.600,0
13.843,-11.67,-11.45,-0.600,0
13.843,-11.67,-11.45,-0.600,0
13.843,-11.67,-11.45,-0.600,0
13.844,-11.67,-11.42,-0.600,0
13.844,-11.67,-11.42,-0.600,0
13.844,-11.67,-11.42,-0.600,0
13.844,-11.67,-11.42,-0.600,0
13.845,-11.67,-11.39,-0.600,0
13.845,-11.67,-11.39,-0.600,0
13.845,-11.67,-11.39,-0.600,0
13.845,-11.67,-11.39,-0.600,0
13.845,-11.67,-11.36,-0.600,0
13.846,-11.67,-11.36,-0.600,0
13.846,-11.67,-11.36,-0.600,0
13.846,-11.67,-11.36,-0.600,0
13.847,-11.67,-11.32,-0.600,0
13.847,-11.67,-11.32,-0.600,0
13.847,-11.67,-11.32,-0.600,0
13.847,-11.67,-11.29,-0.600,0
13.848,-11.67,-11.29,-0.600,0
13.848,-11.67,-11.29,-0.600,0
13.848,-11.67,-11.29,-0.600,0
13.848,-11.67,-11.26,-0.600,0
13.849,-11.67,-11.26,-0.600,0
13.849,-11.67,-11.26,-0.600,0
13.849,-11.67,-11.26,-0.600,0
13.849,-11.67,-11.26,-0.600,0
13.850,-11.67,-11.23,-0.600,0
13.850,-11.67,-11.23,-0.600,0
13.850,-11.67,-11.23,-0.600,0
13.850,-11.67,-11.23,-0.600,0
13.851,-11.67,-11.19,-0.600,0
13.851,-11.67,-11.19,-0.600,0
13.851,-11.67,-11.19,-0.600,0
13.851,-11.67,-11.19,-0.600,0
13.851,-11.67,-11.16,-0.600,0
13.852,-11.67,-11.16,-0.600,0
13.852,-11.67,-11.16,-0.600,0
13.852,-11.67,-11.16,-0.600,0
13.852,-11.67,-11.13,-0.600,0
13.853,-11.67,-11.13,-0.600,0
13.853,-11.67,-11.13,-0.600,0
13.853,-11.67,-11.13,-0.600,0
13.854,-11.67,-11.10,-0.600,0
13.854,-11.67,-11.10,-0.600,0
13.854,-11.67,-11.06,-0.600,0
13.855,-11.67,-11.06,-0.600,0
13.855,-11.67,-11.06,-0.600,0
13.855,-11.67,-11.06,-0.600,0
13.855,-11.67,-11.03,-0.600,0
13.856,-11.67,-11.03,-0.600,0
13.856,-11.67,-11.03,-0.600,0
13.856,-11.67,-11.03,-0.600,0
13.856,-11.67,-11.00,-0.600,0
13.857,-11.67,-11.00,-0.600,0
13.857,-11.67,-11.00,-0.600,0
13.857,-11.67,-11.00,-0.600,0
13.857,-11.67,-10.97,-0.600,0
13.858,-11.67,-10.97,-0.600,0
13.858,-11.67,-10.97,-0.600,0
13.858,-11.67,-10.97,-0.600,0
13.858,-11.67,-10.93,-0.600,0
13.859,-11.67,-10.93,-0.600,0
13.859,-11.67,-10.93,-0.600,0
13.859,-11.67,-10.93,-0.600,0
13.859,-11.67,-10.90,-0.600,0
13.860,-11.67,-10.90,-0.600,0
13.860,-11.67,-10.90,-0.600,0
13.860,-11.67,-10.90,-0.600,0
13.861,-11.67,-10.87,-0.600,0
13.861,-11.67,-10.87,-0.600,0
13.861,-11.67,-10.87,-0.600,0
13.861,-11.67,-10.83,-0.600,0
13.862,-11.67,-10.83,-0.600,0
13.862,-11.67,-10.83,-0.600,0
13.862,-11.67,-10.83,-0.600,0
13.862,-11.67,-10.80,-0.600,0
13.863,-11.67,-10.80,-0.600,0
13.863,-11.67,-10.80,-0.600,0
13.863,-11.67,-10.80,-0.600,0
13.863,-11.67,-10.77,-0.600,0
13.864,-11.67,-10.77,-0.600,0
13.864,-11.67,-10.77,-0.600,0
13.864,-11.67,-10.77,-0.600,0
13.864,-11.67,-10.74,-0.600,0
13.865,-11.67,-10.74,-0.600,0
13.865,-11.67,-10.74,-0.600,0
13.865,-11.67,-10.74,-0.600,0
13.865,-11.67,-10.70,-0.600,0
13.866,-11.67,-10.70,-0.600,0
13.866,-11.67,-10.70,-0.600,0
13.866,-11.67,-10.70,-0.600,0
13.866,-11.67,-10.70,-0.600,0
13.867,-11.67,-10.67,-0.600,0
13.867,-11.67,-10.67,-0.600,0
13.867,-11.67,-10.67,-0.600,0
13.867,-11.67,-10.67,-0.600,0
13.868,-11.67,-10.64,-0.600,0
13.868,-11.67,-10.64,-0.600,0
13.868,-11.67,-10.64,-0.600,0
13.868,-11.67,-10.61,-0.600,0
13.869,-11.67,-10.61,-0.600,0
13.869,-11.67,-10.61,-0.600,0
13.869,-11.67,-10.61,-0.600,0
13.870,-11.67,-10.57,-0.600,0
13.870,-11.67,-10.57,-0.600,0
13.870,-11.67,-10.57,-0.600,0
13.870,-11.67,-10.57,-0.600,0
13.871,-11.67,-10.54,-0.600,0
13.871,-11.67,-10.54,-0.600,0
13.871,-11.67,-10.54,-0.600,0
13.871,-11.67,-10.54,-0.600,0
13.871,-11.67,-10.51,-0.600,0
13.872,-11.67,-10.51,-0.600,0
13.872,-11.67,-10.51,-0.600,0
13.872,-11.67,-10.51,-0.600,0
13.872,-11.67,-10.51,-0.600,0
13.873,-11.67,-10.48,-0.600,0
13.873,-11.67,-10.48,-0.600,0
13.873,-11.67,-10.48,-0.600,0
13.873,-11.67,-10.48,-0.600,0
13.874,-11.67,-10.44,-0.600,0
13.874,-11.67,-10.44,-0.600,0
13.874,-11.67,-10.44,-0.600,0
13.874,-11.67,-10.44,-0.600,0
13.875,-11.67,-10.41,-0.600,0
13.875,-11.67,-10.41,-0.600,0
13.875,-11.67,-10.41,-0.600,0
13.876,-11.67,-10.38,-0.600,0
13.876,-11.67,-10.38,-0.600,0
13.876,-11.67,-10.38,-0.600,0
13.876,-11.67,-10.38,-0.600,0
13.877,-11.67,-10.35,-0.600,0
13.877,-11.67,-10.35,-0.600,0
13.877,-11.67,-10.35,-0.600,0
13.877,-11.67,-10.35,-0.600,0
13.877,-11.67,-10.31,-0.600,0
13.878,-11.67,-10.31,-0.600,0
13.878,-11.67,-10.31,-0.600,0
13.878,-11.67,-10.31,-0.600,0
13.878,-11.67,-10.28,-0.600,0
13.879,-11.67,-10.28,-0.600,0
13.879,-11.67,-10.28,-0.600,0
13.879,-11.67,-10.28,-0.600,0
13.879,-11.67,-10.28,-0.600,0
13.880,-11.67,-10.25,-0.600,0
13.880,-11.67,-10.25,-0.600,0
13.880,-11.67,-10.25,-0.600,0
13.880,-11.67,-10.25,-0.600,0
13.881,-11.67,-10.22,-0.600,0
13.881,-11.67,-10.22,-0.600,0
13.881,-11.67,-10.22,-0.600,0
13.881,-11.67,-10.22,-0.600,0
13.882,-11.67,-10.18,-0.600,0
13.882,-11.67,-10.18,-0.600,0
13.882,-11.67,-10.18,-0.600,0
13.882,-11.67,-10.15,-0.600,0
13.883,-11.67,-10.15,-0.600,0
13.883,-11.67,-10.15,-0.600,0
13.883,-11.67,-10.15,-0.600,0
13.883,-11.67,-10.15,-0.600,0
13.884,-11.67,-10.12,-0.600,0
13.884,-11.67,-10.12,-0.600,0
13.884,-11.67,-10.12,-0.600,0
13.884,-11.67,-10.12,-0.600,0
13.884,-11.67,-10.08,-0.600,0
13.885,-11.67,-10.08,-0.600,0
13.885,-11.67,-10.08,-0.600,0
13.885,-11.67,-10.08,-0.600,0
13.885,-11.67,-10.05,-0.600,0
13.886,-11.67,-10.05,-0.600,0
13.886,-11.67,-10.05,-0.600,0
13.886,-11.67,-10.05,-0.600,0
13.886,-11.67,-10.05,-0.600,0
13.886,-11.67,-10.02,-0.600,0
13.887,-11.67,-10.02,-0.600,0
13.887,-11.67,-10.02,-0.600,0
13.887,-11.67,-10.02,-0.600,0
13.888,-11.67,-9.99,-0.600,0
13.888,-11.67,-9.99,-0.600,0
13.888,-11.67,-9.99,-0.600,0
13.888,-11.67,-9.95,-0.600,0
13.889,-11.67,-9.95,-0.600,0
13.889,-11.67,-9.95,-0.600,0
13.889,-11.67,-9.95,-0.600,0
13.889,-11.67,-9.92,-0.600,0
13.890,-11.67,-9.92,-0.600,0
13.890,-11.67,-9.92,-0.600,0
13.890,-11.67,-9.92,-0.600,0
13.890,-11.67,-9.89,-0.600,0
13.891,-11.67,-9.89,-0.600,0
13.891,-11.67,-9.89,-0.600,0
13.891,-11.67,-9.89,-0.600,0
13.891,-11.67,-9.89,-0.600,0
13.892,-11.67,-9.86,-0.600,0
13.892,-11.67,-9.86,-0.600,0
13.892,-11.67,-9.86,-0.600,0
13.892,-11.67,-9.86,-0.600,0
13.893,-11.67,-9.82,-0.600,0
13.893,-11.67,-9.82,-0.600,0
13.893,-11.67,-9.82,-0.600,0
13.893,-11.67,-9.82,-0.600,0
13.893,-11.67,-9.82,-0.600,0
13.894,-11.67,-9.79,-0.600,0
13.894,-11.67,-9.79,-0.600,0
13.894,-11.67,-9.79,-0.600,0
13.894,-11.67,-9.79,-0.600,0
13.895,-11.67,-9.76,-0.600,0
13.895,-11.67,-9.76,-0.600,0
13.895,-11.67,-9.76,-0.600,0
13.895,-11.67,-9.73,-0.600,0
13.896,-11.67,-9.73,-0.600,0
13.896,-11.67,-9.73,-0.600,0
13.896,-11.67,-9.73,-0.600,0
13.897,-11.67,-9.69,-0.600,0
13.897,-11.67,-9.69,-0.600,0
13.897,-11.67,-9.69,-0.600,0
13.897,-11.67,-9.69,-0.600,0
13.897,-11.67,-9.66,-0.600,0
13.898,-11.67,-9.66,-0.600,0
13.898,-11.67,-9.66,-0.600,0
13.898,-11.67,-9.66,-0.600,0
13.898,-11.67,-9.63,-0.600,0
13.899,-11.67,-9.63,-0.600,0
13.899,-11.67,-9.63,-0.600,0
13.899,-11.67,-9.63,-0.600,0
13.899,-11.67,-9.63,-0.600,0
13.900,-11.67,-9.60,-0.600,0
13.900,-11.67,-9.60,-0.600,0
13.900,-11.67,-9.60,-0.600,0
13.900,-11.67,-9.60,-0.600,0
13.900,-11.67,-9.56,-0.600,0
13.901,-11.67,-9.56,-0.600,0
13.901,-11.67,-9.56,-0.600,0
13.901,-11.67,-9.56,-0.600,0
13.902,-11.67,-9.53,-0.600,0
13.902,-11.67,-9.53,-0.600,0
13.902,-11.67,-9.53,-0.600,0
13.903,-11.67,-9.50,-0.600,0
13.903,-11.67,-9.50,-0.600,0
13.903,-11.67,-9.50,-0.600,0
13.903,-11.67,-9.50,-0.600,0
13.903,-11.67,-9.47,-0.600,0
13.904,-11.67,-9.47,-0.600,0
13.904,-11.67,-9.47,-0.600,0
13.904,-11.67,-9.47,-0.600,0
13.904,-11.67,-9.43,-0.600,0
13.905,-11.67,-9.43,-0.600,0
13.905,-11.67,-9.43,-0.600,0
13.905,-11.67,-9.43,-0.600,0
13.905,-11.67,-9.43,-0.600,0
13.906,-11.67,-9.40,-0.600,0
13.906,-11.67,-9.40,-0.600,0
13.906,-11.67,-9.40,-0.600,0
13.906,-11.67,-9.40,-0.600,0
13.907,-11.67,-9.37,-0.600,0
13.907,-11.67,-9.37,-0.600,0
13.907,-11.67,-9.37,-0.600,0
13.907,-11.67,-9.37,-0.600,0
13.907,-11.67,-9.33,-0.600,0
13.908,-11.67,-9.33,-0.600,0
13.908,-11.67,-9.33,-0.600,0
13.908,-11.67,-9.33,-0.600,0
13.908,-11.67,-9.30,-0.600,0
13.909,-11.67,-9.30,-0.600,0
13.909,-11.67,-9.30,-0.600,0
13.909,-11.67,-9.30,-0.600,0
13.909,-11.67,-9.27,-0.600,0
13.910,-11.67,-9.27,-0.600,0
13.910,-11.67,-9.27,-0.600,0
13.910,-11.67,-9.27,-0.600,0
13.910,-11.67,-9.24,-0.600,0
13.911,-11.67,-9.24,-0.600,0
13.911,-11.67,-9.24,-0.600,0
13.911,-11.67,-9.24,-0.600,0
13.911,-11.67,-9.24,-0.600,0
13.912,-11.67,-9.20,-0.600,0
13.912,-11.67,-9.20,-0.600,0
13.912,-11.67,-9.20,-0.600,0
13.912,-11.67,-9.20,-0.600,0
13.912,-11.67,-9.17,-0.600,0
13.913,-11.67,-9.17,-0.600,0
13.913,-11.67,-9.17,-0.600,0
13.913,-11.67,-9.17,-0.600,0
13.913,-11.67,-9.17,-0.600,0
13.914,-11.67,-9.14,-0.600,0
13.914,-11.67,-9.14,-0.600,0
13.914,-11.67,-9.14,-0.600,0
13.914,-11.67,-9.11,-0.600,0
13.915,-11.67,-9.11,-0.600,0
13.915,-11.67,-9.11,-0.600,0
13.915,-11.67,-9.11,-0.600,0
13.915,-11.67,-9.07,-0.600,0
13.916,-11.67,-9.07,-0.600,0
13.916,-11.67,-9.07,-0.600,0
13.916,-11.67,-9.07,-0.600,0
13.916,-11.67,-9.04,-0.600,0
13.917,-11.67,-9.04,-0.600,0
13.917,-11.67,-9.04,-0.600,0
13.917,-11.67,-9.04,-0.600,0
13.918,-11.67,-9.01,-0.600,0
13.918,-11.67,-9.01,-0.600,0
13.918,-11.67,-9.01,-0.600,0
13.918,-11.67,-9.01,-0.600,0
13.919,-11.67,-8.98,-0.600,0
13.919,-11.67,-8.98,-0.600,0
13.919,-11.67,-8.98,-0.600,0
13.919,-11.67,-8.98,-0.600,0
13.919,-11.67,-8.94,-0.600,0
13.920,-11.67,-8.94,-0.600,0
13.920,-11.67,-8.94,-0.600,0
13.920,-11.67,-8.94,-0.600,0
13.920,-11.67,-8.91,-0.600,0
13.921,-11.67,-8.91,-0.600,0
13.921,-11.67,-8.91,-0.600,0
13.921,-11.67,-8.91,-0.600,0
13.921,-11.67,-8.91,-0.600,0
13.922,-11.67,-8.88,-0.600,0
13.922,-11.67,-8.88,-0.600,0
13.922,-11.67,-8.88,-0.600,0
13.922,-11.67,-8.88,-0.600,0
13.922,-11.67,-8.85,-0.600,0
13.923,-11.67,-8.85,-0.600,0
13.923,-11.67,-8.85,-0.600,0
13.923,-11.67,-8.85,-0.600,0
13.923,-11.67,-8.81,-0.600,0
13.924,-11.67,-8.81,-0.600,0
13.924,-11.67,-8.81,-0.600,0
13.924,-11.67,-8.78,-0.600,0
13.925,-11.67,-8.78,-0.600,0
13.925,-11.67,-8.78,-0.600,0
13.925,-11.67,-8.78,-0.600,0
13.925,-11.67,-8.78,-0.600,0
13.926,-11.67,-8.75,-0.600,0
13.926,-11.67,-8.75,-0.600,0
13.926,-11.67,-8.75,-0.600,0
13.926,-11.67,-8.75,-0.600,0
13.926,-11.67,-8.72,-0.600,0
13.927,-11.67,-8.72,-0.600,0
13.927,-11.67,-8.72,-0.600,0
13.927,-11.67,-8.72,-0.600,0
13.927,-11.67,-8.68,-0.600,0
13.928,-11.67,-8.68,-0.600,0
13.928,-11.67,-8.68,-0.600,0
13.928,-11.67,-8.68,-0.600,0
13.928,-11.67,-8.68,-0.600,0
13.929,-11.67,-8.65,-0.600,0
13.929,-11.67,-8.65,-0.600,0
13.929,-11.67,-8.65,-0.600,0
13.929,-11.67,-8.65,-0.600,0
13.930,-11.67,-8.62,-0.600,0
13.930,-11.67,-8.62,-0.600,0
13.930,-11.67,-8.62,-0.600,0
13.930,-11.67,-8.62,-0.600,0
13.931,-11.67,-8.58,-0.600,0
13.931,-11.67,-8.58,-0.600,0
13.931,-11.67,-8.58,-0.600,0
13.931,-11.67,-8.58,-0.600,0
13.932,-11.67,-8.55,-0.600,0
13.932,-11.67,-8.55,-0.600,0
13.932,-11.67,-8.55,-0.600,0
13.932,-11.67,-8.55,-0.600,0
13.932,-11.67,-8.52,-0.600,0
13.933,-11.67,-8.52,-0.600,0
13.933,-11.67,-8.52,-0.600,0
13.933,-11.67,-8.52,-0.600,0
13.933,-11.67,-8.49,-0.600,0
13.934,-11.67,-8.49,-0.600,0
13.934,-11.67,-8.49,-0.600,0
13.934,-11.67,-8.49,-0.600,0
13.934,-11.67,-8.45,-0.600,0
13.935,-11.67,-8.45,-0.600,0
13.935,-11.67,-8.45,-0.600,0
13.935,-11.67,-8.45,-0.600,0
13.935,-11.67,-8.45,-0.600,0
13.935,-11.67,-8.42,-0.600,0
13.936,-11.67,-8.42,-0.600,0
13.936,-11.67,-8.42,-0.600,0
13.936,-11.67,-8.42,-0.600,0
13.937,-11.67,-8.39,-0.600,0
13.937,-11.67,-8.39,-0.600,0
13.937,-11.67,-8.39,-0.600,0
13.937,-11.67,-8.39,-0.600,0
13.937,-11.67,-8.36,-0.600,0
13.938,-11.67,-8.36,-0.600,0
13.938,-11.67,-8.36,-0.600,0
13.938,-11.67,-8.36,-0.600,0
13.938,-11.67,-8.32,-0.600,0
13.939,-11.67,-8.32,-0.600,0
13.939,-11.67,-8.32,-0.600,0
13.939,-11.67,-8.32,-0.600,0
13.939,-11.67,-8.32,-0.600,0
13.940,-11.67,-8.29,-0.600,0
13.940,-11.67,-8.29,-0.600,0
13.940,-11.67,-8.29,-0.600,0
13.940,-11.67,-8.29,-0.600,0
13.940,-11.67,-8.26,-0.600,0
13.941,-11.67,-8.26,-0.600,0
13.941,-11.67,-8.26,-0.600,0
13.941,-11.67,-8.26,-0.600,0
13.941,-11.67,-8.23,-0.600,0
13.942,-11.67,-8.23,-0.600,0
13.942,-11.67,-8.23,-0.600,0
13.942,-11.67,-8.23,-0.600,0
13.942,-11.67,-8.23,-0.600,0
13.943,-11.67,-8.19,-0.600,0
13.943,-11.67,-8.19,-0.600,0
13.943,-11.67,-8.19,-0.600,0
13.943,-11.67,-8.19,-0.600,0
13.944,-11.67,-8.16,-0.600,0
13.944,-11.67,-8.16,-0.600,0
13.944,-11.67,-8.16,-0.600,0
13.945,-11.67,-8.13,-0.600,0
13.945,-11.67,-8.13,-0.600,0
13.945,-11.67,-8.13,-0.600,0
13.945,-11.67,-8.13,-0.600,0
13.946,-11.67,-8.10,-0.600,0
13.946,-11.67,-8.10,-0.600,0
13.946,-11.67,-8.10,-0.600,0
13.946,-11.67,-8.06,-0.600,0
13.947,-11.67,-8.06,-0.600,0
13.947,-11.67,-8.06,-0.600,0
13.947,-11.67,-8.06,-0.600,0
13.947,-11.67,-8.03,-0.600,0
13.948,-11.67,-8.03,-0.600,0
13.948,-11.67,-8.03,-0.600,0
13.948,-11.67,-8.03,-0.600,0
13.948,-11.67,-8.00,-0.600,0
13.949,-11.67,-8.00,-0.600,0
13.949,-11.67,-8.00,-0.600,0
13.949,-11.67,-8.00,-0.600,0
13.949,-11.67,-7.97,-0.600,0
13.950,-11.67,-7.97,-0.600,0
13.950,-11.67,-7.97,-0.600,0
13.950,-11.67,-7.97,-0.600,0
13.950,-11.67,-7.93,-0.600,0
13.951,-11.67,-7.93,-0.600,0
13.951,-11.67,-7.93,-0.600,0
13.951,-11.67,-7.93,-0.600,0
13.952,-11.67,-7.90,-0.600,0
13.952,-11.67,-7.90,-0.600,0
13.952,-11.67,-7.90,-0.600,0
13.952,-11.67,-7.90,-0.600,0
13.953,-11.67,-7.87,-0.600,0
13.953,-11.67,-7.87,-0.600,0
13.953,-11.67,-7.87,-0.600,0
13.953,-11.67,-7.87,-0.600,0
13.953,-11.67,-7.84,-0.600,0
13.954,-11.67,-7.84,-0.600,0
13.954,-11.67,-7.84,-0.600,0
13.954,-11.67,-7.84,-0.600,0
13.954,-11.67,-7.80,-0.600,0
13.955,-11.67,-7.80,-0.600,0
13.955,-11.67,-7.80,-0.600,0
13.955,-11.67,-7.80,-0.600,0
13.956,-11.67,-7.77,-0.600,0
13.956,-11.67,-7.77,-0.600,0
13.956,-11.67,-7.77,-0.600,0
13.956,-11.67,-7.74,-0.600,0
13.957,-11.67,-7.74,-0.600,0
13.957,-11.67,-7.74,-0.600,0
13.957,-11.67,-7.74,-0.600,0
13.958,-11.67,-7.71,-0.600,0
13.958,-11.67,-7.71,-0.600,0
13.958,-11.67,-7.71,-0.600,0
13.958,-11.67,-7.71,-0.600,0
13.959,-11.67,-7.67,-0.600,0
13.959,-11.67,-7.67,-0.600,0
13.959,-11.67,-7.67,-0.600,0
13.959,-11.67,-7.67,-0.600,0
13.960,-11.67,-7.64,-0.600,0
13.960,-11.67,-7.64,-0.600,0
13.960,-11.67,-7.64,-0.600,0
13.960,-11.67,-7.64,-0.600,0
13.960,-11.67,-7.61,-0.600,0
13.961,-11.67,-7.61,-0.600,0
13.961,-11.67,-7.61,-0.600,0
13.961,-11.67,-7.61,-0.600,0
13.961,-11.67,-7.61,-0.600,0
13.962,-11.67,-7.58,-0.600,0
13.962,-11.67,-7.58,-0.600,0
13.962,-11.67,-7.58,-0.600,0
13.962,-11.67,-7.58,-0.600,0
13.963,-11.67,-7.54,-0.600,0
13.963,-11.67,-7.54,-0.600,0
13.963,-11.67,-7.54,-0.600,0
13.963,-11.67,-7.54,-0.600,0
13.963,-11.67,-7.51,-0.600,0
13.964,-11.67,-7.51,-0.600,0
13.964,-11.67,-7.51,-0.600,0
13.964,-11.67,-7.51,-0.600,0
13.965,-11.67,-7.48,-0.600,0
13.965,-11.67,-7.48,-0.600,0
13.965,-11.67,-7.48,-0.600,0
13.966,-11.67,-7.44,-0.600,0
13.966,-11.67,-7.44,-0.600,0
13.966,-11.67,-7.44,-0.600,0
13.967,-11.67,-7.41,-0.600,0
13.967,-11.67,-7.41,-0.600,0
13.967,-11.67,-7.41,-0.600,0
13.967,-11.67,-7.38,-0.600,0
13.968,-11.67,-7.38,-0.600,0
13.968,-11.67,-7.38,-0.600,0
13.968,-11.67,-7.35,-0.600,0
13.969,-11.67,-7.35,-0.600,0
13.969,-11.67,-7.35,-0.600,0
13.969,-11.67,-7.35,-0.600,0
13.970,-11.67,-7.31,-0.600,0
13.970,-11.67,-7.31,-0.600,0
13.970,-11.67,-7.31,-0.600,0
13.971,-11.67,-7.28,-0.600,0
13.971,-11.67,-7.28,-0.600,0
13.972,-11.67,-7.25,-0.600,0
13.972,-11.67,-7.25,-0.600,0
13.972,-11.67,-7.25,-0.600,0
13.972,-11.67,-7.22,-0.600,0
13.973,-11.67,-7.22,-0.600,0
13.973,-11.67,-7.22,-0.600,0
13.973,-11.67,-7.22,-0.600,0
13.974,-11.67,-7.18,-0.600,0
13.974,-11.67,-7.18,-0.600,0
13.974,-11.67,-7.18,-0.600,0
13.974,-11.67,-7.18,-0.600,0
13.975,-11.67,-7.15,-0.600,0
13.975,-11.67,-7.15,-0.600,0
13.975,-11.67,-7.15,-0.600,0
13.975,-11.67,-7.15,-0.600,0
13.976,-11.67,-7.12,-0.600,0
13.976,-11.67,-7.12,-0.600,0
13.976,-11.67,-7.12,-0.600,0
13.976,-11.67,-7.12,-0.600,0
13.977,-11.67,-7.09,-0.600,0
13.977,-11.67,-7.09,-0.600,0
13.977,-11.67,-7.09,-0.600,0
13.977,-11.67,-7.09,-0.600,0
13.977,-11.67,-7.05,-0.600,0
13.978,-11.67,-7.05,-0.600,0
13.978,-11.67,-7.05,-0.600,0
13.979,-11.67,-7.02,-0.600,0
13.979,-11.67,-7.02,-0.600,0
13.979,-11.67,-7.02,-0.600,0
13.979,-11.67,-6.99,-0.600,0
13.980,-11.67,-6.99,-0.600,0
13.980,-11.67,-6.99,-0.600,0
13.980,-11.67,-6.99,-0.600,0
13.980,-11.67,-6.96,-0.600,0
13.981,-11.67,-6.96,-0.600,0
13.981,-11.67,-6.96,-0.600,0
13.981,-11.67,-6.96,-0.600,0
13.981,-11.67,-6.92,-0.600,0
13.982,-11.67,-6.92,-0.600,0
13.982,-11.67,-6.92,-0.600,0
13.982,-11.67,-6.92,-0.600,0
13.982,-11.67,-6.92,-0.600,0
13.983,-11.67,-6.89,-0.600,0
13.983,-11.67,-6.89,-0.600,0
13.983,-11.67,-6.89,-0.600,0
13.983,-11.67,-6.86,-0.600,0
13.984,-11.67,-6.86,-0.600,0
13.984,-11.67,-6.86,-0.600,0
13.984,-11.67,-6.86,-0.600,0
13.984,-11.67,-6.86,-0.600,0
13.985,-11.67,-6.83,-0.600,0
13.985,-11.67,-6.83,-0.600,0
13.985,-11.67,-6.83,-0.600,0
13.985,-11.67,-6.83,-0.600,0
13.986,-11.67,-6.79,-0.600,0
13.986,-11.67,-6.79,-0.600,0
13.986,-11.67,-6.79,-0.600,0
13.987,-11.67,-6.76,-0.600,0
13.987,-11.67,-6.76,-0.600,0
13.987,-11.67,-6.76,-0.600,0
13.987,-11.67,-6.73,-0.600,0
13.988,-11.67,-6.73,-0.600,0
13.988,-11.67,-6.73,-0.600,0
13.988,-11.67,-6.73,-0.600,0
13.989,-11.67,-6.69,-0.600,0
13.989,-11.67,-6.69,-0.600,0
13.989,-11.67,-6.69,-0.600,0
13.989,-11.67,-6.69,-0.600,0
13.990,-11.67,-6.66,-0.600,0
13.990,-11.67,-6.66,-0.600,0
13.990,-11.67,-6.66,-0.600,0
13.990,-11.67,-6.66,-0.600,0
13.991,-11.67,-6.63,-0.600,0
13.991,-11.67,-6.63,-0.600,0
13.991,-11.67,-6.63,-0.600,0
13.991,-11.67,-6.60,-0.600,0
13.992,-11.67,-6.60,-0.600,0
13.992,-11.67,-6.60,-0.600,0
13.992,-11.67,-6.60,-0.600,0
13.993,-11.67,-6.56,-0.600,0
13.993,-11.67,-6.56,-0.600,0
13.993,-11.67,-6.56,-0.600,0
13.993,-11.67,-6.53,-0.600,0
13.994,-11.67,-6.53,-0.600,0
13.994,-11.67,-6.53,-0.600,0
13.994,-11.67,-6.53,-0.600,0
13.995,-11.67,-6.50,-0.600,0
13.995,-11.67,-6.50,-0.600,0
13.995,-11.67,-6.50,-0.600,0
13.995,-11.67,-6.50,-0.600,0
13.996,-11.67,-6.47,-0.600,0
13.996,-11.67,-6.47,-0.600,0
13.996,-11.67,-6.47,-0.600,0
13.996,-11.67,-6.47,-0.600,0
13.997,-11.67,-6.43,-0.600,0
13.997,-11.67,-6.43,-0.600,0
13.997,-11.67,-6.43,-0.600,0
13.997,-11.67,-6.40,-0.600,0
13.998,-11.67,-6.40,-0.600,0
13.998,-11.67,-6.40,-0.600,0
13.998,-11.67,-6.40,-0.600,0
13.998,-11.67,-6.40,-0.600,0
13.999,-11.67,-6.37,-0.600,0
13.999,-11.67,-6.37,-0.600,0
13.999,-11.67,-6.37,-0.600,0
13.999,-11.67,-6.34,-0.600,0
14.000,-11.67,-6.34,-0.600,0
14.000,-11.67,-6.34,-0.600,0
14.000,-11.67,-6.34,-0.600,0
14.000,-11.67,-6.34,-0.600,0
14.001,-11.67,-6.30,-0.600,0
14.001,-11.67,-6.30,-0.600,0
14.001,-11.67,-6.30,-0.600,0
14.001,-11.67,-6.30,-0.600,0
14.001,-11.67,-6.27,-0.600,0
14.002,-11.67,-6.27,-0.600,0
14.002,-11.67,-6.27,-0.600,0
14.003,-11.67,-6.24,-0.600,0
14.003,-11.67,-6.24,-0.600,0
14.003,-11.67,-6.24,-0.600,0
14.004,-11.67,-6.21,-0.600,0
14.004,-11.67,-6.21,-0.600,0
14.004,-11.67,-6.21,-0.600,0
14.004,-11.67,-6.21,-0.600,0
14.004,-11.67,-6.17,-0.600,0
14.005,-11.67,-6.17,-0.600,0
14.005,-11.67,-6.17,-0.600,0
14.005,-11.67,-6.17,-0.600,0
14.006,-11.67,-6.14,-0.600,0
14.006,-11.67,-6.14,-0.600,0
14.006,-11.67,-6.14,-0.600,0
14.006,-11.67,-6.11,-0.600,0
14.007,-11.67,-6.11,-0.600,0
14.007,-11.67,-6.11,-0.600,0
14.007,-11.67,-6.11,-0.600,0
14.007,-11.67,-6.08,-0.600,0
14.008,-11.67,-6.08,-0.600,0
14.008,-11.67,-6.08,-0.600,0
14.008,-11.67,-6.08,-0.600,0
14.008,-11.67,-6.04,-0.600,0
14.009,-11.67,-6.04,-0.600,0
14.009,-11.67,-6.04,-0.600,0
14.009,-11.67,-6.04,-0.600,0
14.010,-11.67,-6.01,-0.600,0
14.010,-11.67,-6.01,-0.600,0
14.010,-11.67,-6.01,-0.600,0
14.010,-11.67,-5.98,-0.600,0
14.011,-11.67,-5.98,-0.600,0
14.011,-11.67,-5.98,-0.600,0
14.011,-11.67,-5.98,-0.600,0
14.012,-11.67,-5.95,-0.600,0
14.012,-11.67,-5.95,-0.600,0
14.012,-11.67,-5.95,-0.600,0
14.012,-11.67,-5.95,-0.600,0
14.013,-11.67,-5.91,-0.600,0
14.013,-11.67,-5.91,-0.600,0
14.013,-11.67,-5.91,-0.600,0
14.014,-11.67,-5.88,-0.600,0
14.014,-11.67,-5.88,-0.600,0
14.015,-11.67,-5.85,-0.600,0
14.015,-11.67,-5.85,-0.600,0
14.015,-11.67,-5.85,-0.600,0
14.016,-11.67,-5.81,-0.600,0
14.016,-11.67,-5.81,-0.600,0
14.016,-11.67,-5.81,-0.600,0
14.016,-11.67,-5.81,-0.600,0
14.017,-11.67,-5.78,-0.600,0
14.017,-11.67,-5.78,-0.600,0
14.017,-11.67,-5.78,-0.600,0
14.017,-11.67,-5.78,-0.600,0
14.017,-11.67,-5.75,-0.600,0
14.018,-11.67,-5.75,-0.600,0
14.018,-11.67,-5.75,-0.600,0
14.018,-11.67,-5.75,-0.600,0
14.019,-11.67,-5.72,-0.600,0
14.019,-11.67,-5.72,-0.600,0
14.019,-11.67,-5.72,-0.600,0
14.019,-11.67,-5.72,-0.600,0
14.020,-11.67,-5.68,-0.600,0
14.020,-11.67,-5.68,-0.600,0
14.020,-11.67,-5.68,-0.600,0
14.020,-11.67,-5.65,-0.600,0
14.021,-11.67,-5.65,-0.600,0
14.021,-11.67,-5.65,-0.600,0
14.021,-11.67,-5.65,-0.600,0
14.022,-11.67,-5.62,-0.600,0
14.022,-11.67,-5.62,-0.600,0
14.022,-11.67,-5.62,-0.600,0
14.022,-11.67,-5.59,-0.600,0
14.023,-11.67,-5.59,-0.600,0
14.023,-11.67,-5.59,-0.600,0
14.023,-11.67,-5.59,-0.600,0
14.023,-11.67,-5.59,-0.600,0
14.024,-11.67,-5.55,-0.600,0
14.024,-11.67,-5.55,-0.600,0
14.024,-11.67,-5.55,-0.600,0
14.024,-11.67,-5.55,-0.600,0
14.025,-11.67,-5.52,-0.600,0
14.025,-11.67,-5.52,-0.600,0
14.025,-11.67,-5.52,-0.600,0
14.025,-11.67,-5.52,-0.600,0
14.026,-11.67,-5.49,-0.600,0
14.026,-11.67,-5.49,-0.600,0
14.026,-11.67,-5.49,-0.600,0
14.026,-11.67,-5.49,-0.600,0
14.027,-11.67,-5.46,-0.600,0
14.027,-11.67,-5.46,-0.600,0
14.027,-11.67,-5.46,-0.600,0
14.027,-11.67,-5.46,-0.600,0
14.028,-11.67,-5.42,-0.600,0
14.028,-11.67,-5.42,-0.600,0
14.028,-11.67,-5.42,-0.600,0
14.028,-11.67,-5.39,-0.600,0
14.029,-11.67,-5.39,-0.600,0
14.029,-11.67,-5.39,-0.600,0
14.029,-11.67,-5.39,-0.600,0
14.029,-11.67,-5.36,-0.600,0
14.030,-11.67,-5.36,-0.600,0
14.030,-11.67,-5.36,-0.600,0
14.030,-11.67,-5.36,-0.600,0
14.030,-11.67,-5.33,-0.600,0
14.031,-11.67,-5.33,-0.600,0
14.031,-11.67,-5.33,-0.600,0
14.031,-11.67,-5.33,-0.600,0
14.031,-11.67,-5.29,-0.600,0
14.032,-11.67,-5.29,-0.600,0
14.032,-11.67,-5.29,-0.600,0
14.032,-11.67,-5.29,-0.600,0
14.032,-11.67,-5.26,-0.600,0
14.033,-11.67,-5.26,-0.600,0
14.033,-11.67,-5.26,-0.600,0
14.033,-11.67,-5.26,-0.600,0
14.033,-11.67,-5.23,-0.600,0
14.034,-11.67,-5.23,-0.600,0
14.034,-11.67,-5.23,-0.600,0
14.034,-11.67,-5.23,-0.600,0
14.034,-11.67,-5.23,-0.600,0
14.035,-11.67,-5.20,-0.600,0
14.035,-11.67,-5.20,-0.600,0
14.035,-11.67,-5.20,-0.600,0
14.036,-11.67,-5.16,-0.600,0
14.036,-11.67,-5.16,-0.600,0
14.036,-11.67,-5.16,-0.600,0
14.036,-11.67,-5.16,-0.600,0
14.036,-11.67,-5.13,-0.600,0
14.037,-11.67,-5.13,-0.600,0
14.037,-11.67,-5.13,-0.600,0
14.037,-11.67,-5.13,-0.600,0
14.037,-11.67,-5.10,-0.600,0
14.038,-11.67,-5.10,-0.600,0
14.038,-11.67,-5.10,-0.600,0
14.038,-11.67,-5.10,-0.600,0
14.039,-11.67,-5.07,-0.600,0
14.039,-11.67,-5.07,-0.600,0
14.039,-11.67,-5.07,-0.600,0
14.039,-11.67,-5.07,-0.600,0
14.040,-11.67,-5.03,-0.600,0
14.040,-11.67,-5.03,-0.600,0
14.040,-11.67,-5.03,-0.600,0
14.040,-11.67,-5.00,-0.600,0
14.041,-11.67,-5.00,-0.600,0
14.041,-11.67,-5.00,-0.600,0
14.042,-11.67,-5.00,-0.600,0
14.042,-11.67,-4.97,-0.600,0
14.043,-11.67,-4.94,-0.600,0
14.043,-11.67,-4.94,-0.600,0
14.043,-11.67,-4.94,-0.600,0
14.043,-11.67,-4.94,-0.600,0
14.043,-11.67,-4.90,-0.600,0
14.044,-11.67,-4.90,-0.600,0
14.044,-11.67,-4.90,-0.600,0
14.044,-11.67,-4.90,-0.600,0
14.045,-11.67,-4.87,-0.600,0
14.045,-11.67,-4.87,-0.600,0
14.045,-11.67,-4.87,-0.600,0
14.045,-11.67,-4.87,-0.600,0
14.046,-11.67,-4.84,-0.600,0
14.046,-11.67,-4.84,-0.600,0
14.046,-11.67,-4.84,-0.600,0
14.046,-11.67,-4.84,-0.600,0
14.046,-11.67,-4.80,-0.600,0
14.047,-11.67,-4.80,-0.600,0
14.047,-11.67,-4.80,-0.600,0
14.047,-11.67,-4.80,-0.600,0
14.047,-11.67,-4.77,-0.600,0
14.048,-11.67,-4.77,-0.600,0
14.048,-11.67,-4.77,-0.600,0
14.048,-11.67,-4.77,-0.600,0
14.049,-11.67,-4.74,-0.600,0
14.049,-11.67,-4.74,-0.600,0
14.050,-11.67,-4.71,-0.600,0
14.050,-11.67,-4.71,-0.600,0
14.050,-11.67,-4.71,-0.600,0
14.051,-11.67,-4.67,-0.600,0
14.051,-11.67,-4.67,-0.600,0
14.051,-11.67,-4.67,-0.600,0
14.051,-11.67,-4.67,-0.600,0
14.052,-11.67,-4.64,-0.600,0
14.052,-11.67,-4.64,-0.600,0
14.052,-11.67,-4.64,-0.600,0
14.052,-11.67,-4.61,-0.600,0
14.053,-11.67,-4.61,-0.600,0
14.053,-11.67,-4.61,-0.600,0
14.053,-11.67,-4.61,-0.600,0
14.053,-11.67,-4.58,-0.600,0
14.054,-11.67,-4.58,-0.600,0
14.054,-11.67,-4.58,-0.600,0
14.054,-11.67,-4.58,-0.600,0
14.054,-11.67,-4.58,-0.600,0
14.055,-11.67,-4.55,-0.600,0
14.055,-11.67,-4.55,-0.600,0
14.055,-11.67,-4.55,-0.600,0
14.055,-11.67,-4.51,-0.600,0
14.056,-11.67,-4.51,-0.600,0
14.056,-11.67,-4.51,-0.600,0
14.056,-11.67,-4.51,-0.600,0
14.056,-11.67,-4.48,-0.600,0
14.057,-11.67,-4.48,-0.600,0
14.057,-11.67,-4.48,-0.600,0
14.057,-11.67,-4.48,-0.600,0
14.057,-11.67,-4.45,-0.600,0
14.058,-11.67,-4.45,-0.600,0
14.058,-11.67,-4.45,-0.600,0
14.058,-11.67,-4.45,-0.600,0
14.058,-11.67,-4.41,-0.600,0
14.059,-11.67,-4.41,-0.600,0
14.059,-11.67,-4.41,-0.600,0
14.059,-11.67,-4.41,-0.600,0
14.059,-11.67,-4.38,-0.600,0
14.060,-11.67,-4.38,-0.600,0
14.060,-11.67,-4.38,-0.600,0
14.060,-11.67,-4.38,-0.600,0
14.061,-11.67,-4.35,-0.600,0
14.061,-11.67,-4.35,-0.600,0
14.061,-11.67,-4.35,-0.600,0
14.061,-11.67,-4.35,-0.600,0
14.061,-11.67,-4.32,-0.600,0
14.062,-11.67,-4.32,-0.600,0
14.062,-11.67,-4.32,-0.600,0
14.062,-11.67,-4.32,-0.600,0
14.062,-11.67,-4.28,-0.600,0
14.063,-11.67,-4.28,-0.600,0
14.063,-11.67,-4.28,-0.600,0
14.063,-11.67,-4.28,-0.600,0
14.063,-11.67,-4.25,-0.600,0
14.064,-11.67,-4.25,-0.600,0
14.064,-11.67,-4.25,-0.600,0
14.064,-11.67,-4.25,-0.600,0
14.065,-11.67,-4.22,-0.600,0
14.065,-11.67,-4.22,-0.600,0
14.065,-11.67,-4.22,-0.600,0
14.065,-11.67,-4.22,-0.600,0
14.066,-11.67,-4.19,-0.600,0
14.066,-11.67,-4.19,-0.600,0
14.066,-11.67,-4.19,-0.600,0
14.066,-11.67,-4.19,-0.600,0
14.067,-11.67,-4.15,-0.600,0
14.067,-11.67,-4.15,-0.600,0
14.067,-11.67,-4.15,-0.600,0
14.067,-11.67,-4.15,-0.600,0
14.068,-11.67,-4.12,-0.600,0
14.068,-11.67,-4.12,-0.600,0
14.068,-11.67,-4.09,-0.600,0
14.069,-11.67,-4.09,-0.600,0
14.069,-11.67,-4.09,-0.600,0
14.069,-11.67,-4.09,-0.600,0
14.069,-11.67,-4.06,-0.600,0
14.070,-11.67,-4.06,-0.600,0
14.070,-11.67,-4.06,-0.600,0
14.070,-11.67,-4.06,-0.600,0
14.071,-11.67,-4.02,-0.600,0
14.071,-11.67,-4.02,-0.600,0
14.071,-11.67,-4.02,-0.600,0
14.071,-11.67,-4.02,-0.600,0
14.071,-11.67,-3.99,-0.600,0
14.072,-11.67,-3.99,-0.600,0
14.072,-11.67,-3.99,-0.600,0
14.072,-11.67,-3.99,-0.600,0
14.072,-11.67,-3.96,-0.600,0
14.073,-11.67,-3.96,-0.600,0
14.073,-11.67,-3.96,-0.600,0
14.073,-11.67,-3.96,-0.600,0
14.073,-11.67,-3.93,-0.600,0
14.074,-11.67,-3.93,-0.600,0
14.074,-11.67,-3.93,-0.600,0
14.074,-11.67,-3.93,-0.600,0
14.074,-11.67,-3.89,-0.600,0
14.075,-11.67,-3.89,-0.600,0
14.075,-11.67,-3.89,-0.600,0
14.075,-11.67,-3.89,-0.600,0
14.076,-11.67,-3.86,-0.600,0
14.076,-11.67,-3.86,-0.600,0
14.076,-11.67,-3.86,-0.600,0
14.076,-11.67,-3.83,-0.600,0
14.077,-11.67,-3.83,-0.600,0
14.077,-11.67,-3.83,-0.600,0
14.077,-11.67,-3.83,-0.600,0
14.077,-11.67,-3.80,-0.600,0
14.078,-11.67,-3.80,-0.600,0
14.078,-11.67,-3.80,-0.600,0
14.078,-11.67,-3.80,-0.600,0
14.078,-11.67,-3.80,-0.600,0
14.079,-11.67,-3.76,-0.600,0
14.079,-11.67,-3.76,-0.600,0
14.079,-11.67,-3.76,-0.600,0
14.079,-11.67,-3.76,-0.600,0
14.079,-11.67,-3.76,-0.600,0
14.080,-11.67,-3.73,-0.600,0
14.080,-11.67,-3.73,-0.600,0
14.080,-11.67,-3.73,-0.600,0
14.080,-11.67,-3.73,-0.600,0
14.081,-11.67,-3.70,-0.600,0
14.081,-11.67,-3.70,-0.600,0
14.081,-11.67,-3.70,-0.600,0
14.081,-11.67,-3.70,-0.600,0
14.082,-11.67,-3.67,-0.600,0
14.082,-11.67,-3.67,-0.600,0
14.082,-11.67,-3.67,-0.600,0
14.082,-11.67,-3.67,-0.600,0
14.082,-11.67,-3.63,-0.600,0
14.083,-11.67,-3.63,-0.600,0
14.083,-11.67,-3.63,-0.600,0
14.083,-11.67,-3.63,-0.600,0
14.083,-11.67,-3.60,-0.600,0
14.084,-11.67,-3.60,-0.600,0
14.084,-11.67,-3.60,-0.600,0
14.084,-11.67,-3.60,-0.600,0
14.084,-11.67,-3.57,-0.600,0
14.085,-11.67,-3.57,-0.600,0
14.085,-11.67,-3.57,-0.600,0
14.085,-11.67,-3.57,-0.600,0
14.085,-11.67,-3.57,-0.600,0
14.086,-11.67,-3.54,-0.600,0
14.086,-11.67,-3.54,-0.600,0
14.086,-11.67,-3.54,-0.600,0
14.086,-11.67,-3.54,-0.600,0
14.087,-11.67,-3.50,-0.600,0
14.087,-11.67,-3.50,-0.600,0
14.087,-11.67,-3.50,-0.600,0
14.087,-11.67,-3.47,-0.600,0
14.088,-11.67,-3.47,-0.600,0
14.088,-11.67,-3.47,-0.600,0
14.088,-11.67,-3.47,-0.600,0
14.088,-11.67,-3.44,-0.600,0
14.089,-11.67,-3.44,-0.600,0
14.089,-11.67,-3.44,-0.600,0
14.089,-11.67,-3.44,-0.600,0
14.090,-11.67,-3.40,-0.600,0
14.090,-11.67,-3.40,-0.600,0
14.090,-11.67,-3.40,-0.600,0
14.091,-11.67,-3.37,-0.600,0
14.091,-11.67,-3.37,-0.600,0
14.091,-11.67,-3.37,-0.600,0
14.091,-11.67,-3.37,-0.600,0
14.092,-11.67,-3.34,-0.600,0
14.092,-11.67,-3.34,-0.600,0
14.092,-11.67,-3.34,-0.600,0
14.092,-11.67,-3.31,-0.600,0
14.093,-11.67,-3.31,-0.600,0
14.093,-11.67,-3.31,-0.600,0
14.093,-11.67,-3.31,-0.600,0
14.093,-11.67,-3.27,-0.600,0
14.094,-11.67,-3.27,-0.600,0
14.094,-11.67,-3.27,-0.600,0
14.094,-11.67,-3.27,-0.600,0
14.094,-11.67,-3.24,-0.600,0
14.095,-11.67,-3.24,-0.600,0
14.095,-11.67,-3.24,-0.600,0
14.095,-11.67,-3.24,-0.600,0
14.095,-11.67,-3.24,-0.600,0
14.096,-11.67,-3.21,-0.600,0
14.096,-11.67,-3.21,-0.600,0
14.096,-11.67,-3.21,-0.600,0
14.096,-11.67,-3.18,-0.600,0
14.097,-11.67,-3.18,-0.600,0
14.097,-11.67,-3.18,-0.600,0
14.097,-11.67,-3.18,-0.600,0
14.098,-11.67,-3.14,-0.600,0
14.098,-11.67,-3.14,-0.600,0
14.098,-11.67,-3.14,-0.600,0
14.098,-11.67,-3.14,-0.600,0
14.099,-11.67,-3.11,-0.600,0
14.099,-11.67,-3.11,-0.600,0
14.099,-11.67,-3.11,-0.600,0
14.099,-11.67,-3.08,-0.600,0
14.100,-11.67,-3.08,-0.600,0
14.100,-11.67,-3.08,-0.600,0
14.100,-11.67,-3.08,-0.600,0
14.100,-11.67,-3.05,-0.600,0
14.101,-11.67,-3.05,-0.600,0
14.101,-11.67,-3.05,-0.600,0
14.101,-11.67,-3.05,-0.600,0
14.101,-11.67,-3.01,-0.600,0
14.102,-11.67,-3.01,-0.600,0
14.102,-11.67,-3.01,-0.600,0
14.102,-11.67,-3.01,-0.600,0
14.103,-11.67,-2.98,-0.600,0
14.103,-11.67,-2.98,-0.600,0
14.103,-11.67,-2.98,-0.600,1
14.104,-16.82,-2.95,-0.600,0
14.104,-16.82,-2.95,-0.600,0
14.105,-16.82,-2.92,-0.600,0
14.105,-16.82,-2.92,-0.600,0
14.106,-16.82,-2.88,-0.600,0
14.106,-16.82,-2.88,-0.600,0
14.106,-16.82,-2.88,-0.600,0
14.106,-16.82,-2.85,-0.600,0
14.107,-16.82,-2.85,-0.600,0
14.107,-16.82,-2.85,-0.600,0
14.107,-16.82,-2.85,-0.600,0
14.107,-16.82,-2.85,-0.600,0
14.108,-16.82,-2.82,-0.600,0
14.108,-16.82,-2.82,-0.600,0
14.108,-16.82,-2.82,-0.600,0
14.108,-16.82,-2.79,-0.600,0
14.109,-16.82,-2.79,-0.600,0
14.109,-16.82,-2.79,-0.600,0
14.109,-16.82,-2.79,-0.600,0
14.109,-16.82,-2.75,-0.600,0
14.110,-16.82,-2.75,-0.600,0
14.110,-16.82,-2.75,-0.600,0
14.110,-16.82,-2.75,-0.600,0
14.110,-16.82,-2.75,-0.600,0
14.111,-16.82,-2.72,-0.600,0
14.111,-16.82,-2.72,-0.600,0
14.111,-16.82,-2.72,-0.600,0
14.112,-16.82,-2.69,-0.600,0
14.112,-16.82,-2.69,-0.600,0
14.112,-16.82,-2.69,-0.600,0
14.112,-16.82,-2.69,-0.600,0
14.113,-16.82,-2.66,-0.600,0
14.113,-16.82,-2.66,-0.600,0
14.113,-16.82,-2.66,-0.600,0
14.113,-16.82,-2.62,-0.600,0
14.114,-16.82,-2.62,-0.600,0
14.114,-16.82,-2.62,-0.600,0
14.114,-16.82,-2.62,-0.600,0
14.114,-16.82,-2.59,-0.600,0
14.115,-16.82,-2.59,-0.600,0
14.115,-16.82,-2.59,-0.600,0
14.115,-16.82,-2.59,-0.600,0
14.115,-16.82,-2.59,-0.600,0
14.116,-16.82,-2.56,-0.600,0
14.116,-16.82,-2.56,-0.600,0
14.116,-16.82,-2.56,-0.600,0
14.116,-16.82,-2.56,-0.600,0
14.117,-16.82,-2.53,-0.600,0
14.117,-16.82,-2.53,-0.600,0
14.117,-16.82,-2.53,-0.600,0
14.117,-16.82,-2.53,-0.600,0
14.118,-16.82,-2.49,-0.600,0
14.118,-16.82,-2.49,-0.600,0
14.118,-16.82,-2.49,-0.600,0
14.118,-16.82,-2.46,-0.600,0
14.119,-16.82,-2.46,-0.600,0
14.119,-16.82,-2.46,-0.600,0
14.119,-16.82,-2.46,-0.600,0
14.119,-16.82,-2.43,-0.600,0
14.120,-16.82,-2.43,-0.600,0
14.120,-16.82,-2.43,-0.600,0
14.120,-16.82,-2.43,-0.600,0
14.120,-16.82,-2.43,-0.600,0
14.121,-16.82,-2.39,-0.600,0
14.121,-16.82,-2.39,-0.600,0
14.121,-16.82,-2.39,-0.600,0
14.121,-16.82,-2.39,-0.600,0
14.122,-16.82,-2.36,-0.600,0
14.122,-16.82,-2.36,-0.600,0
14.122,-16.82,-2.36,-0.600,0
14.122,-16.82,-2.36,-0.600,0
14.122,-16.82,-2.33,-0.600,0
14.123,-16.82,-2.33,-0.600,0
14.123,-16.82,-2.33,-0.600,0
14.123,-16.82,-2.33,-0.600,0
14.124,-16.82,-2.30,-0.600,0
14.124,-16.82,-2.30,-0.600,0
14.124,-16.82,-2.30,-0.600,0
14.124,-16.82,-2.30,-0.600,0
14.125,-16.82,-2.26,-0.600,0
14.125,-16.82,-2.26,-0.600,0
14.125,-16.82,-2.26,-0.600,0
14.125,-16.82,-2.23,-0.600,0
14.126,-16.82,-2.23,-0.600,0
14.126,-16.82,-2.23,-0.600,0
14.126,-16.82,-2.23,-0.600,0
14.126,-16.82,-2.20,-0.600,0
14.127,-16.82,-2.20,-0.600,0
14.127,-16.82,-2.20,-0.600,0
14.127,-16.82,-2.20,-0.600,0
14.127,-16.82,-2.17,-0.600,0
14.128,-16.82,-2.17,-0.600,0
14.128,-16.82,-2.17,-0.600,0
14.128,-16.82,-2.17,-0.600,0
14.128,-16.82,-2.17,-0.600,0
14.129,-16.82,-2.13,-0.600,0
14.129,-16.82,-2.13,-0.600,0
14.129,-16.82,-2.13,-0.600,0
14.129,-16.82,-2.13,-0.600,0
14.130,-16.82,-2.10,-0.600,0
14.130,-16.82,-2.10,-0.600,0
14.130,-16.82,-2.10,-0.600,0
14.130,-16.82,-2.10,-0.600,0
14.131,-16.82,-2.07,-0.600,0
14.131,-16.82,-2.07,-0.600,0
14.131,-16.82,-2.07,-0.600,0
14.131,-16.82,-2.04,-0.600,0
14.132,-16.82,-2.04,-0.600,0
14.132,-16.82,-2.04,-0.600,0
14.132,-16.82,-2.04,-0.600,0
14.133,-16.82,-2.00,-0.600,0
14.133,-16.82,-2.00,-0.600,0
14.133,-16.82,-2.00,-0.600,0
14.133,-16.82,-2.00,-0.600,0
14.134,-16.82,-1.97,-0.600,0
14.134,-16.82,-1.97,-0.600,0
14.134,-16.82,-1.97,-0.600,0
14.134,-16.82,-1.94,-0.600,0
14.135,-16.82,-1.94,-0.600,0
14.135,-16.82,-1.94,-0.600,0
14.135,-16.82,-1.94,-0.600,0
14.135,-16.82,-1.91,-0.600,0
14.136,-16.82,-1.91,-0.600,0
14.136,-16.82,-1.91,-0.600,0
14.136,-16.82,-1.91,-0.600,0
14.136,-16.82,-1.87,-0.600,0
14.137,-16.82,-1.87,-0.600,0
14.137,-16.82,-1.87,-0.600,0
14.137,-16.82,-1.87,-0.600,0
14.137,-16.82,-1.84,-0.600,0
14.138,-16.82,-1.84,-0.600,0
14.138,-16.82,-1.84,-0.600,0
14.138,-16.82,-1.84,-0.600,0
14.139,-16.82,-1.81,-0.600,0
14.139,-16.82,-1.81,-0.600,0
14.139,-16.82,-1.81,-0.600,0
14.139,-16.82,-1.81,-0.600,0
14.140,-16.82,-1.78,-0.600,0
14.140,-16.82,-1.78,-0.600,0
14.140,-16.82,-1.78,-0.600,0
14.140,-16.82,-1.74,-0.600,0
14.141,-16.82,-1.74,-0.600,0
14.141,-16.82,-1.74,-0.600,0
14.141,-16.82,-1.74,-0.600,0
14.141,-16.82,-1.74,-0.600,0
14.141,-16.82,-1.71,-0.600,0
14.142,-16.82,-1.71,-0.600,0
14.142,-16.82,-1.71,-0.600,0
14.142,-16.82,-1.71,-0.600,0
14.142,-16.82,-1.68,-0.600,0
14.143,-16.82,-1.68,-0.600,0
14.143,-16.82,-1.68,-0.600,0
14.143,-16.82,-1.68,-0.600,0
14.143,-16.82,-1.65,-0.600,0
14.144,-16.82,-1.65,-0.600,0
14.144,-16.82,-1.65,-0.600,0
14.144,-16.82,-1.65,-0.600,0
14.144,-16.82,-1.61,-0.600,0
14.145,-16.82,-1.61,-0.600,0
14.145,-16.82,-1.61,-0.600,0
14.145,-16.82,-1.61,-0.600,0
14.146,-16.82,-1.58,-0.600,0
14.146,-16.82,-1.58,-0.600,0
14.146,-16.82,-1.58,-0.600,0
14.146,-16.82,-1.58,-0.600,0
14.147,-16.82,-1.55,-0.600,0
14.147,-16.82,-1.55,-0.600,0
14.147,-16.82,-1.55,-0.600,0
14.147,-16.82,-1.55,-0.600,0
14.148,-16.82,-1.52,-0.600,0
14.148,-16.82,-1.52,-0.600,0
14.148,-16.82,-1.52,-0.600,0
14.148,-16.82,-1.52,-0.600,0
14.149,-16.82,-1.48,-0.600,0
14.149,-16.82,-1.48,-0.600,0
14.149,-16.82,-1.48,-0.600,0
14.149,-16.82,-1.48,-0.600,0
14.150,-16.82,-1.45,-0.600,0
14.150,-16.82,-1.45,-0.600,0
14.150,-16.82,-1.45,-0.600,0
14.150,-16.82,-1.45,-0.600,0
14.151,-16.82,-1.42,-0.600,0
14.151,-16.82,-1.42,-0.600,0
14.151,-16.82,-1.42,-0.600,0
14.151,-16.82,-1.42,-0.600,0
14.152,-16.82,-1.39,-0.600,0
14.152,-16.82,-1.39,-0.600,0
14.152,-16.82,-1.39,-0.600,0
14.153,-16.82,-1.39,-0.600,0
14.153,-16.82,-1.35,-0.600,0
14.153,-16.82,-1.35,-0.600,0
14.153,-16.82,-1.35,-0.600,0
14.154,-16.82,-1.32,-0.600,0
14.154,-16.82,-1.32,-0.600,0
14.154,-16.82,-1.32,-0.600,0
14.154,-16.82,-1.32,-0.600,0
14.155,-16.82,-1.29,-0.600,0
14.155,-16.82,-1.29,-0.600,0
14.155,-16.82,-1.29,-0.600,0
14.155,-16.82,-1.29,-0.600,0
14.155,-16.82,-1.25,-0.600,0
14.156,-16.82,-1.25,-0.600,0
14.156,-16.82,-1.25,-0.600,0
14.156,-16.82,-1.25,-0.600,0
14.156,-16.82,-1.22,-0.600,0
14.157,-16.82,-1.22,-0.600,0
14.157,-16.82,-1.22,-0.600,0
14.157,-16.82,-1.22,-0.600,0
14.157,-16.82,-1.19,-0.600,0
14.158,-16.82,-1.19,-0.600,0
14.158,-16.82,-1.19,-0.600,0
14.158,-16.82,-1.19,-0.600,0
14.158,-16.82,-1.16,-0.600,0
14.159,-16.82,-1.16,-0.600,0
14.160,-16.82,-1.13,-0.600,0
14.160,-16.82,-1.13,-0.600,0
14.160,-16.82,-1.13,-0.600,0
14.161,-16.82,-1.09,-0.600,0
14.161,-16.82,-1.09,-0.600,0
14.161,-16.82,-1.09,-0.600,0
14.161,-16.82,-1.09,-0.600,0
14.162,-16.82,-1.06,-0.600,0
14.162,-16.82,-1.06,-0.600,0
14.162,-16.82,-1.06,-0.600,0
14.162,-16.82,-1.06,-0.600,0
14.163,-16.82,-1.03,-0.600,0
14.163,-16.82,-1.03,-0.600,0
14.163,-16.82,-1.03,-0.600,0
14.163,-16.82,-1.03,-0.600,0
14.163,-16.82,-0.99,-0.600,0
14.164,-16.82,-0.99,-0.600,0
14.164,-16.82,-0.99,-0.600,0
14.164,-16.82,-0.99,-0.600,0
14.164,-16.82,-0.96,-0.600,0
14.165,-16.82,-0.96,-0.600,0
14.165,-16.82,-0.96,-0.600,0
14.165,-16.82,-0.96,-0.600,0
14.165,-16.82,-0.96,-0.600,0
14.166,-16.82,-0.93,-0.600,0
14.166,-16.82,-0.93,-0.600,0
14.166,-16.82,-0.93,-0.600,0
14.167,-16.82,-0.90,-0.600,0
14.167,-16.82,-0.90,-0.600,0
14.167,-16.82,-0.90,-0.600,0
14.167,-16.82,-0.90,-0.600,0
14.168,-16.82,-0.86,-0.600,0
14.168,-16.82,-0.86,-0.600,0
14.168,-16.82,-0.86,-0.600,0
14.168,-16.82,-0.83,-0.600,0
14.169,-16.82,-0.83,-0.600,0
14.169,-16.82,-0.83,-0.600,0
14.169,-16.82,-0.83,-0.600,0
14.169,-16.82,-0.80,-0.600,0
14.170,-16.82,-0.80,-0.600,0
14.170,-16.82,-0.80,-0.600,0
14.170,-16.82,-0.80,-0.600,0
14.170,-16.82,-0.80,-0.600,0
14.171,-16.82,-0.77,-0.600,0
14.171,-16.82,-0.77,-0.600,0
14.171,-16.82,-0.77,-0.600,0
14.171,-16.82,-0.77,-0.600,0
14.172,-16.82,-0.73,-0.600,0
14.172,-16.82,-0.73,-0.600,0
14.172,-16.82,-0.73,-0.600,0
14.172,-16.82,-0.73,-0.600,0
14.173,-16.82,-0.70,-0.600,0
14.173,-16.82,-0.70,-0.600,0
14.173,-16.82,-0.67,-0.600,0
14.174,-16.82,-0.67,-0.600,0
14.174,-16.82,-0.67,-0.600,0
14.174,-16.82,-0.67,-0.600,0
14.174,-16.82,-0.67,-0.600,0
14.175,-16.82,-0.64,-0.600,0
14.175,-16.82,-0.64,-0.600,0
14.175,-16.82,-0.64,-0.600,0
14.175,-16.82,-0.64,-0.600,0
14.175,-16.82,-0.60,-0.600,0
14.176,-16.82,-0.60,-0.600,0
14.176,-16.82,-0.60,-0.600,0
14.176,-16.82,-0.60,-0.600,0
14.176,-16.82,-0.57,-0.600,0
14.177,-16.82,-0.57,-0.600,0
14.177,-16.82,-0.57,-0.600,0
14.177,-16.82,-0.57,-0.600,0
14.177,-16.82,-0.54,-0.600,0
14.178,-16.82,-0.54,-0.600,0
14.178,-16.82,-0.54,-0.600,0
14.178,-16.82,-0.54,-0.600,0
14.178,-16.82,-0.54,-0.600,0
14.179,-16.82,-0.51,-0.600,0
14.179,-16.82,-0.51,-0.600,0
14.179,-16.82,-0.51,-0.600,0
14.179,-16.82,-0.51,-0.600,0
14.180,-16.82,-0.47,-0.600,0
14.180,-16.82,-0.47,-0.600,0
14.180,-16.82,-0.47,-0.600,0
14.180,-16.82,-0.44,-0.600,0
14.181,-16.82,-0.44,-0.600,0
14.181,-16.82,-0.44,-0.600,0
14.181,-16.82,-0.44,-0.600,0
14.182,-16.82,-0.41,-0.600,0
14.182,-16.82,-0.41,-0.600,0
14.182,-16.82,-0.41,-0.600,0
14.182,-16.82,-0.41,-0.600,0
14.183,-16.82,-0.38,-0.600,0
14.183,-16.82,-0.38,-0.600,0
14.183,-16.82,-0.38,-0.600,0
14.183,-16.82,-0.38,-0.600,0
14.184,-16.82,-0.34,-0.600,0
14.184,-16.82,-0.34,-0.600,0
14.184,-16.82,-0.34,-0.600,0
14.184,-16.82,-0.31,-0.600,0
14.185,-16.82,-0.31,-0.600,0
14.185,-16.82,-0.31,-0.600,0
14.185,-16.82,-0.31,-0.600,0
14.185,-16.82,-0.28,-0.600,0
14.186,-16.82,-0.28,-0.600,0
14.186,-16.82,-0.28,-0.600,0
14.186,-16.82,-0.28,-0.600,0
14.186,-16.82,-0.28,-0.600,0
14.187,-16.82,-0.25,-0.600,0
14.187,-16.82,-0.25,-0.600,0
14.187,-16.82,-0.25,-0.600,0
14.188,-16.82,-0.21,-0.600,0
14.188,-16.82,-0.21,-0.600,0
14.188,-16.82,-0.18,-0.600,0
14.189,-16.82,-0.18,-0.600,0
14.189,-16.82,-0.18,-0.600,0
14.189,-16.82,-0.18,-0.600,0
14.189,-16.82,-0.15,-0.600,0
14.190,-16.82,-0.15,-0.600,0
14.190,-16.82,-0.15,-0.600,0
14.190,-16.82,-0.15,-0.600,0
14.190,-16.82,-0.12,-0.600,0
14.191,-16.82,-0.12,-0.600,0
14.191,-16.82,-0.12,-0.600,0
14.191,-16.82,-0.12,-0.600,0
14.191,-16.82,-0.12,-0.600,0
14.192,-16.82,-0.08,-0.600,0
14.192,-16.82,-0.08,-0.600,0
14.192,-16.82,-0.08,-0.600,0
14.192,-16.82,-0.08,-0.600,0
14.193,-16.82,-0.05,-0.600,0
14.193,-16.82,-0.05,-0.600,0
14.193,-16.82,-0.05,-0.600,0
14.193,-16.82,-0.02,-0.600,0
14.194,-16.82,-0.02,-0.600,0
14.194,-16.82,-0.02,-0.600,0
14.194,-16.82,0.01,-0.600,0
14.195,-16.82,0.01,-0.600,0
14.195,-16.82,0.01,-0.600,0
14.195,-16.82,0.01,-0.600,0
14.195,-16.82,0.05,-0.600,0
14.196,-16.82,0.05,-0.600,0
14.196,-16.82,0.05,-0.600,0
14.196,-16.82,0.05,-0.600,0
14.197,-16.82,0.08,-0.600,0
14.197,-16.82,0.08,-0.600,0
14.197,-16.82,0.08,-0.600,0
14.197,-16.82,0.08,-0.600,0
14.198,-16.82,0.11,-0.600,0
14.198,-16.82,0.11,-0.600,0
14.198,-16.82,0.11,-0.600,0
14.198,-16.82,0.11,-0.600,0
14.199,-16.82,0.14,-0.600,0
14.199,-16.82,0.14,-0.600,0
14.199,-16.82,0.14,-0.600,0
14.199,-16.82,0.14,-0.600,0
14.200,-16.82,0.18,-0.600,0
14.200,-16.82,0.18,-0.600,0
14.200,-16.82,0.18,-0.600,0
14.200,-16.82,0.21,-0.600,0
14.201,-16.82,0.21,-0.600,0
14.201,-16.82,0.21,-0.600,0
14.201,-16.82,0.24,-0.600,0
14.202,-16.82,0.24,-0.600,0
14.202,-16.82,0.24,-0.600,0
14.202,-16.82,0.24,-0.600,0
14.202,-16.82,0.27,-0.600,0
14.203,-16.82,0.27,-0.600,0
14.203,-16.82,0.27,-0.600,0
14.203,-16.82,0.27,-0.600,0
14.204,-16.82,0.31,-0.600,0
14.204,-16.82,0.31,-0.600,0
14.204,-16.82,0.31,-0.600,0
14.204,-16.82,0.34,-0.600,0
14.205,-16.82,0.34,-0.600,0
14.205,-16.82,0.34,-0.600,0
14.205,-16.82,0.34,-0.600,0
14.205,-16.82,0.37,-0.600,0
14.206,-16.82,0.37,-0.600,0
14.206,-16.82,0.37,-0.600,0
14.206,-16.82,0.37,-0.600,0
14.206,-16.82,0.40,-0.600,0
14.207,-16.82,0.40,-0.600,0
14.207,-16.82,0.40,-0.600,0
14.207,-16.82,0.40,-0.600,0
14.208,-16.82,0.44,-0.600,0
14.208,-16.82,0.44,-0.600,0
14.208,-16.82,0.44,-0.600,0
14.209,-16.82,0.47,-0.600,0
14.209,-16.82,0.47,-0.600,0
14.209,-16.82,0.47,-0.600,0
14.209,-16.82,0.50,-0.600,0
14.210,-16.82,0.50,-0.600,0
14.210,-16.82,0.50,-0.600,0
14.210,-16.82,0.50,-0.600,0
14.210,-16.82,0.53,-0.600,0
14.211,-16.82,0.53,-0.600,0
14.211,-16.82,0.53,-0.600,0
14.211,-16.82,0.53,-0.600,0
14.211,-16.82,0.57,-0.600,0
14.212,-16.82,0.57,-0.600,0
14.212,-16.82,0.57,-0.600,0
14.212,-16.82,0.57,-0.600,0
14.213,-16.82,0.60,-0.600,0
14.213,-16.82,0.60,-0.600,0
14.213,-16.82,0.60,-0.600,0
14.213,-16.82,0.60,-0.600,0
14.213,-16.82,0.63,-0.600,0
14.214,-16.82,0.63,-0.600,0
14.214,-16.82,0.63,-0.600,0
14.214,-16.82,0.63,-0.600,0
14.215,-16.82,0.67,-0.600,0
14.215,-16.82,0.67,-0.600,0
14.215,-16.82,0.67,-0.600,0
14.216,-16.82,0.70,-0.600,0
14.216,-16.82,0.70,-0.600,0
14.216,-16.82,0.70,-0.600,0
14.216,-16.82,0.70,-0.600,0
14.217,-16.82,0.73,-0.600,0
14.217,-16.82,0.73,-0.600,0
14.217,-16.82,0.73,-0.600,0
14.217,-16.82,0.73,-0.600,0
14.218,-16.82,0.76,-0.600,0
14.218,-16.82,0.76,-0.600,0
14.218,-16.82,0.76,-0.600,0
14.218,-16.82,0.76,-0.600,0
14.219,-16.82,0.80,-0.600,0
14.219,-16.82,0.80,-0.600,0
14.219,-16.82,0.80,-0.600,0
14.219,-16.82,0.80,-0.600,0
14.220,-16.82,0.83,-0.600,0
14.220,-16.82,0.83,-0.600,0
14.220,-16.82,0.83,-0.600,0
14.220,-16.82,0.83,-0.600,0
14.220,-16.82,0.86,-0.600,0
14.221,-16.82,0.86,-0.600,0
14.221,-16.82,0.86,-0.600,0
14.221,-16.82,0.86,-0.600,0
14.222,-16.82,0.89,-0.600,0
14.222,-16.82,0.89,-0.600,0
14.222,-16.82,0.89,-0.600,0
14.222,-16.82,0.93,-0.600,0
14.223,-16.82,0.93,-0.600,0
14.223,-16.82,0.93,-0.600,0
14.223,-16.82,0.93,-0.600,0
14.224,-16.82,0.96,-0.600,0
14.224,-16.82,0.96,-0.600,0
14.224,-16.82,0.96,-0.600,0
14.224,-16.82,0.99,-0.600,0
14.225,-16.82,0.99,-0.600,0
14.225,-16.82,0.99,-0.600,0
14.225,-16.82,0.99,-0.600,0
14.226,-16.82,1.02,-0.600,0
14.226,-16.82,1.02,-0.600,0
14.226,-16.82,1.02,-0.600,0
14.226,-16.82,1.06,-0.600,0
14.227,-16.82,1.06,-0.600,0
14.227,-16.82,1.06,-0.600,0
14.227,-16.82,1.06,-0.600,0
14.227,-16.82,1.09,-0.600,0
14.228,-16.82,1.09,-0.600,0
14.228,-16.82,1.09,-0.600,0
14.228,-16.82,1.12,-0.600,0
14.229,-16.82,1.12,-0.600,0
14.229,-16.82,1.12,-0.600,0
14.229,-16.82,1.12,-0.600,0
14.229,-16.82,1.15,-0.600,0
14.230,-16.82,1.15,-0.600,0
14.230,-16.82,1.15,-0.600,0
14.230,-16.82,1.15,-0.600,0
14.230,-16.82,1.19,-0.600,0
14.231,-16.82,1.19,-0.600,0
14.231,-16.82,1.19,-0.600,0
14.231,-16.82,1.19,-0.600,0
14.232,-16.82,1.22,-0.600,0
14.232,-16.82,1.22,-0.600,0
14.232,-16.82,1.22,-0.600,0
14.232,-16.82,1.22,-0.600,0
14.233,-16.82,1.25,-0.600,0
14.233,-16.82,1.25,-0.600,0
14.233,-16.82,1.25,-0.600,0
14.233,-16.82,1.25,-0.600,0
14.233,-16.82,1.28,-0.600,0
14.234,-16.82,1.28,-0.600,0
14.234,-16.82,1.28,-0.600,0
14.234,-16.82,1.28,-0.600,0
14.234,-16.82,1.32,-0.600,0
14.235,-16.82,1.32,-0.600,0
14.235,-16.82,1.32,-0.600,0
14.236,-16.82,1.35,-0.600,0
14.236,-16.82,1.35,-0.600,0
14.236,-16.82,1.35,-0.600,1
14.237,-13.86,1.38,-0.600,0
14.237,-13.86,1.38,-0.600,0
14.237,-13.86,1.41,-0.600,0
14.238,-13.86,1.41,-0.600,0
14.238,-13.86,1.41,-0.600,0
14.238,-13.86,1.41,-0.600,0
14.238,-13.86,1.45,-0.600,0
14.239,-13.86,1.45,-0.600,0
14.239,-13.86,1.45,-0.600,0
14.239,-13.86,1.45,-0.600,0
14.239,-13.86,1.45,-0.600,0
14.240,-13.86,1.48,-0.600,0
14.240,-13.86,1.48,-0.600,0
14.240,-13.86,1.48,-0.600,0
14.240,-13.86,1.48,-0.600,0
14.241,-13.86,1.51,-0.600,0
14.241,-13.86,1.51,-0.600,0
14.241,-13.86,1.51,-0.600,0
14.241,-13.86,1.51,-0.600,0
14.242,-13.86,1.54,-0.600,0
14.242,-13.86,1.54,-0.600,0
14.242,-13.86,1.54,-0.600,0
14.243,-13.86,1.58,-0.600,0
14.243,-13.86,1.58,-0.600,0
14.243,-13.86,1.58,-0.600,0
14.243,-13.86,1.58,-0.600,0
14.244,-13.86,1.61,-0.600,0
14.244,-13.86,1.61,-0.600,0
14.244,-13.86,1.61,-0.600,0
14.244,-13.86,1.61,-0.600,0
14.245,-13.86,1.64,-0.600,0
14.245,-13.86,1.64,-0.600,0
14.245,-13.86,1.64,-0.600,0
14.245,-13.86,1.64,-0.600,0
14.246,-13.86,1.67,-0.600,0
14.246,-13.86,1.67,-0.600,0
14.246,-13.86,1.67,-0.600,0
14.246,-13.86,1.67,-0.600,0
14.247,-13.86,1.71,-0.600,0
14.247,-13.86,1.71,-0.600,0
14.247,-13.86,1.71,-0.600,0
14.247,-13.86,1.71,-0.600,0
14.248,-13.86,1.74,-0.600,0
14.248,-13.86,1.74,-0.600,0
14.248,-13.86,1.74,-0.600,0
14.248,-13.86,1.74,-0.600,0
14.249,-13.86,1.77,-0.600,0
14.249,-13.86,1.77,-0.600,0
14.249,-13.86,1.77,-0.600,0
14.249,-13.86,1.77,-0.600,0
14.250,-13.86,1.80,-0.600,0
14.250,-13.86,1.80,-0.600,0
14.250,-13.86,1.80,-0.600,0
14.250,-13.86,1.80,-0.600,0
14.251,-13.86,1.84,-0.600,0
14.251,-13.86,1.84,-0.600,0
14.251,-13.86,1.84,-0.600,0
14.251,-13.86,1.84,-0.600,0
14.252,-13.86,1.87,-0.600,0
14.252,-13.86,1.87,-0.600,0
14.252,-13.86,1.87,-0.600,0
14.252,-13.86,1.87,-0.600,0
14.252,-13.86,1.90,-0.600,0
14.253,-13.86,1.90,-0.600,0
14.253,-13.86,1.90,-0.600,0
14.253,-13.86,1.90,-0.600,0
14.253,-13.86,1.94,-0.600,0
14.254,-13.86,1.94,-0.600,0
14.254,-13.86,1.94,-0.600,0
14.254,-13.86,1.94,-0.600,0
14.254,-13.86,1.97,-0.600,0
14.255,-13.86,1.97,-0.600,0
14.255,-13.86,1.97,-0.600,0
14.255,-13.86,1.97,-0.600,0
14.255,-13.86,1.97,-0.600,0
14.256,-13.86,2.00,-0.600,0
14.256,-13.86,2.00,-0.600,0
14.256,-13.86,2.00,-0.600,0
14.256,-13.86,2.03,-0.600,0
14.257,-13.86,2.03,-0.600,0
14.257,-13.86,2.03,-0.600,0
14.257,-13.86,2.03,-0.600,0
14.257,-13.86,2.06,-0.600,0
14.258,-13.86,2.06,-0.600,0
14.258,-13.86,2.06,-0.600,0
14.258,-13.86,2.06,-0.600,0
14.258,-13.86,2.10,-0.600,0
14.259,-13.86,2.10,-0.600,0
14.259,-13.86,2.10,-0.600,0
14.259,-13.86,2.10,-0.600,0
14.259,-13.86,2.10,-0.600,0
14.260,-13.86,2.13,-0.600,0
14.260,-13.86,2.13,-0.600,0
14.260,-13.86,2.13,-0.600,0
14.260,-13.86,2.13,-0.600,0
14.261,-13.86,2.16,-0.600,0
14.261,-13.86,2.16,-0.600,0
14.261,-13.86,2.16,-0.600,0
14.261,-13.86,2.16,-0.600,0
14.261,-13.86,2.20,-0.600,0
14.262,-13.86,2.20,-0.600,0
14.262,-13.86,2.20,-0.600,0
14.262,-13.86,2.20,-0.600,0
14.262,-13.86,2.20,-0.600,0
14.263,-13.86,2.23,-0.600,0
14.263,-13.86,2.23,-0.600,0
14.263,-13.86,2.23,-0.600,0
14.264,-13.86,2.26,-0.600,0
14.264,-13.86,2.26,-0.600,0
14.264,-13.86,2.26,-0.600,0
14.264,-13.86,2.26,-0.600,0
14.265,-13.86,2.29,-0.600,0
14.265,-13.86,2.29,-0.600,0
14.265,-13.86,2.29,-0.600,0
14.265,-13.86,2.29,-0.600,0
14.265,-13.86,2.33,-0.600,0
14.266,-13.86,2.33,-0.600,0
14.266,-13.86,2.33,-0.600,0
14.266,-13.86,2.33,-0.600,0
14.266,-13.86,2.36,-0.600,0
14.267,-13.86,2.36,-0.600,0
14.267,-13.86,2.36,-0.600,0
14.267,-13.86,2.36,-0.600,0
14.267,-13.86,2.39,-0.600,0
14.268,-13.86,2.39,-0.600,0
14.268,-13.86,2.39,-0.600,0
14.268,-13.86,2.39,-0.600,0
14.268,-13.86,2.39,-0.600,0
14.268,-13.86,2.42,-0.600,0
14.269,-13.86,2.42,-0.600,0
14.269,-13.86,2.42,-0.600,0
14.269,-13.86,2.42,-0.600,0
14.269,-13.86,2.42,-0.600,0
14.270,-13.86,2.46,-0.600,0
14.270,-13.86,2.46,-0.600,0
14.270,-13.86,2.49,-0.600,0
14.271,-13.86,2.49,-0.600,0
14.271,-13.86,2.49,-0.600,0
14.271,-13.86,2.49,-0.600,0
14.271,-13.86,2.52,-0.600,0
14.272,-13.86,2.52,-0.600,0
14.272,-13.86,2.52,-0.600,0
14.272,-13.86,2.52,-0.600,0
14.272,-13.86,2.52,-0.600,0
14.272,-13.86,2.55,-0.600,0
14.273,-13.86,2.55,-0.600,0
14.273,-13.86,2.55,-0.600,0
14.273,-13.86,2.55,-0.600,0
14.273,-13.86,2.59,-0.600,0
14.274,-13.86,2.59,-0.600,0
14.274,-13.86,2.59,-0.600,0
14.274,-13.86,2.59,-0.600,0
14.274,-13.86,2.59,-0.600,0
14.275,-13.86,2.62,-0.600,0
14.275,-13.86,2.62,-0.600,0
14.275,-13.86,2.62,-0.600,0
14.275,-13.86,2.62,-0.600,0
14.275,-13.86,2.65,-0.600,0
14.276,-13.86,2.65,-0.600,0
14.276,-13.86,2.65,-0.600,0
14.276,-13.86,2.65,-0.600,0
14.277,-13.86,2.68,-0.600,0
14.277,-13.86,2.68,-0.600,0
14.277,-13.86,2.68,-0.600,0
14.277,-13.86,2.68,-0.600,0
14.277,-13.86,2.72,-0.600,0
14.278,-13.86,2.72,-0.600,0
14.278,-13.86,2.72,-0.600,0
14.278,-13.86,2.72,-0.600,0
14.279,-13.86,2.75,-0.600,0
14.279,-13.86,2.75,-0.600,0
14.279,-13.86,2.75,-0.600,0
14.279,-13.86,2.75,-0.600,0
14.280,-13.86,2.78,-0.600,0
14.280,-13.86,2.78,-0.600,0
14.280,-13.86,2.78,-0.600,0
14.280,-13.86,2.78,-0.600,0
14.281,-13.86,2.81,-0.600,0
14.281,-13.86,2.81,-0.600,0
14.281,-13.86,2.81,-0.600,0
14.281,-13.86,2.81,-0.600,0
14.282,-13.86,2.85,-0.600,0
14.282,-13.86,2.85,-0.600,0
14.282,-13.86,2.85,-0.600,0
14.282,-13.86,2.85,-0.600,0
14.282,-13.86,2.88,-0.600,0
14.283,-13.86,2.88,-0.600,0
14.283,-13.86,2.88,-0.600,0
14.283,-13.86,2.88,-0.600,0
14.284,-13.86,2.91,-0.600,0
14.284,-13.86,2.91,-0.600,0
14.284,-13.86,2.91,-0.600,0
14.285,-13.86,2.94,-0.600,0
14.285,-13.86,2.94,-0.600,0
14.285,-13.86,2.94,-0.600,0
14.285,-13.86,2.98,-0.600,0
14.286,-13.86,2.98,-0.600,0
14.286,-13.86,2.98,-0.600,0
14.286,-13.86,2.98,-0.600,0
14.286,-13.86,3.01,-0.600,0
14.287,-13.86,3.01,-0.600,0
14.287,-13.86,3.01,-0.600,0
14.287,-13.86,3.01,-0.600,0
14.287,-13.86,3.04,-0.600,0
14.288,-13.86,3.04,-0.600,0
14.288,-13.86,3.04,-0.600,0
14.288,-13.86,3.04,-0.600,0
14.288,-13.86,3.04,-0.600,0
14.289,-13.86,3.07,-0.600,0
14.289,-13.86,3.07,-0.600,0
14.289,-13.86,3.07,-0.600,0
14.289,-13.86,3.07,-0.600,0
14.290,-13.86,3.11,-0.600,0
14.290,-13.86,3.11,-0.600,0
14.290,-13.86,3.11,-0.600,0
14.290,-13.86,3.11,-0.600,0
14.291,-13.86,3.14,-0.600,0
14.291,-13.86,3.14,-0.600,0
14.291,-13.86,3.14,-0.600,0
14.292,-13.86,3.17,-0.600,0
14.292,-13.86,3.17,-0.600,0
14.292,-13.86,3.17,-0.600,0
14.292,-13.86,3.20,-0.600,0
14.293,-13.86,3.20,-0.600,0
14.293,-13.86,3.20,-0.600,0
14.293,-13.86,3.20,-0.600,0
14.293,-13.86,3.20,-0.600,0
14.294,-13.86,3.24,-0.600,0
14.294,-13.86,3.24,-0.600,0
14.294,-13.86,3.24,-0.600,0
14.294,-13.86,3.27,-0.600,0
14.295,-13.86,3.27,-0.600,0
14.295,-13.86,3.27,-0.600,0
14.295,-13.86,3.27,-0.600,0
14.295,-13.86,3.27,-0.600,0
14.296,-13.86,3.30,-0.600,0
14.296,-13.86,3.30,-0.600,0
14.296,-13.86,3.30,-0.600,0
14.296,-13.86,3.33,-0.600,0
14.297,-13.86,3.33,-0.600,0
14.297,-13.86,3.33,-0.600,0
14.297,-13.86,3.33,-0.600,0
14.297,-13.86,3.37,-0.600,0
14.298,-13.86,3.37,-0.600,0
14.298,-13.86,3.37,-0.600,0
14.298,-13.86,3.37,-0.600,0
14.299,-13.86,3.40,-0.600,0
14.299,-13.86,3.40,-0.600,0
14.299,-13.86,3.40,-0.600,0
14.299,-13.86,3.43,-0.600,0
14.300,-13.86,3.43,-0.600,0
14.300,-13.86,3.43,-0.600,0
14.300,-13.86,3.43,-0.600,0
14.301,-13.86,3.46,-0.600,0
14.301,-13.86,3.46,-0.600,0
14.301,-13.86,3.46,-0.600,0
14.301,-13.86,3.46,-0.600,0
14.302,-13.86,3.50,-0.600,0
14.302,-13.86,3.50,-0.600,0
14.302,-13.86,3.50,-0.600,0
14.302,-13.86,3.50,-0.600,0
14.303,-13.86,3.53,-0.600,0
14.303,-13.86,3.53,-0.600,0
14.303,-13.86,3.53,-0.600,0
14.303,-13.86,3.56,-0.600,0
14.304,-13.86,3.56,-0.600,0
14.304,-13.86,3.56,-0.600,0
14.304,-13.86,3.56,-0.600,0
14.304,-13.86,3.60,-0.600,0
14.305,-13.86,3.60,-0.600,0
14.305,-13.86,3.60,-0.600,0
14.305,-13.86,3.60,-0.600,0
14.305,-13.86,3.63,-0.600,0
14.306,-13.86,3.63,-0.600,0
14.306,-13.86,3.63,-0.600,0
14.306,-13.86,3.63,-0.600,0
14.307,-13.86,3.66,-0.600,0
14.307,-13.86,3.66,-0.600,0
14.307,-13.86,3.66,-0.600,0
14.307,-13.86,3.66,-0.600,0
14.308,-13.86,3.69,-0.600,0
14.308,-13.86,3.69,-0.600,0
14.308,-13.86,3.69,-0.600,0
14.308,-13.86,3.69,-0.600,0
14.309,-13.86,3.72,-0.600,0
14.309,-13.86,3.72,-0.600,0
14.309,-13.86,3.72,-0.600,0
14.309,-13.86,3.76,-0.600,0
14.310,-13.86,3.76,-0.600,0
14.310,-13.86,3.76,-0.600,0
14.310,-13.86,3.76,-0.600,0
14.310,-13.86,3.79,-0.600,0
14.311,-13.86,3.79,-0.600,0
14.311,-13.86,3.79,-0.600,0
14.311,-13.86,3.79,-0.600,0
14.311,-13.86,3.82,-0.600,0
14.312,-13.86,3.82,-0.600,0
14.312,-13.86,3.82,-0.600,0
14.312,-13.86,3.82,-0.600,0
14.312,-13.86,3.85,-0.600,0
14.313,-13.86,3.85,-0.600,0
14.313,-13.86,3.85,-0.600,0
14.313,-13.86,3.85,-0.600,0
14.313,-13.86,3.89,-0.600,0
14.314,-13.86,3.89,-0.600,0
14.314,-13.86,3.89,-0.600,0
14.314,-13.86,3.89,-0.600,0
14.314,-13.86,3.92,-0.600,0
14.315,-13.86,3.92,-0.600,0
14.315,-13.86,3.92,-0.600,0
14.315,-13.86,3.92,-0.600,0
14.315,-13.86,3.92,-0.600,0
14.316,-13.86,3.95,-0.600,0
14.316,-13.86,3.95,-0.600,0
14.316,-13.86,3.95,-0.600,0
14.316,-13.86,3.95,-0.600,0
14.316,-13.86,3.98,-0.600,0
14.317,-13.86,3.98,-0.600,0
14.317,-13.86,3.98,-0.600,0
14.317,-13.86,3.98,-0.600,0
14.317,-13.86,3.98,-0.600,0
14.318,-13.86,4.02,-0.600,0
14.318,-13.86,4.02,-0.600,0
14.318,-13.86,4.02,-0.600,0
14.318,-13.86,4.02,-0.600,0
14.319,-13.86,4.05,-0.600,0
14.319,-13.86,4.05,-0.600,0
14.319,-13.86,4.05,-0.600,0
14.319,-13.86,4.05,-0.600,0
14.320,-13.86,4.08,-0.600,0
14.320,-13.86,4.08,-0.600,0
14.320,-13.86,4.08,-0.600,0
14.320,-13.86,4.12,-0.600,0
14.321,-13.86,4.12,-0.600,0
14.321,-13.86,4.12,-0.600,0
14.321,-13.86,4.12,-0.600,0
14.321,-13.86,4.12,-0.600,0
14.322,-13.86,4.15,-0.600,0
14.322,-13.86,4.15,-0.600,0
14.322,-13.86,4.15,-0.600,0
14.322,-13.86,4.15,-0.600,0
14.323,-13.86,4.18,-0.600,0
14.323,-13.86,4.18,-0.600,0
14.323,-13.86,4.18,-0.600,0
14.323,-13.86,4.18,-0.600,0
14.324,-13.86,4.21,-0.600,0
14.324,-13.86,4.21,-0.600,0
14.324,-13.86,4.21,-0.600,0
14.324,-13.86,4.21,-0.600,0
14.324,-13.86,4.25,-0.600,0
14.325,-13.86,4.25,-0.600,0
14.325,-13.86,4.25,-0.600,0
14.325,-13.86,4.25,-0.600,0
14.326,-13.86,4.28,-0.600,0
14.326,-13.86,4.28,-0.600,0
14.326,-13.86,4.28,-0.600,0
14.326,-13.86,4.31,-0.600,0
14.327,-13.86,4.31,-0.600,0
14.327,-13.86,4.31,-0.600,0
14.327,-13.86,4.31,-0.600,0
14.327,-13.86,4.34,-0.600,0
14.328,-13.86,4.34,-0.600,0
14.328,-13.86,4.34,-0.600,0
14.328,-13.86,4.34,-0.600,0
14.328,-13.86,4.38,-0.600,0
14.329,-13.86,4.38,-0.600,0
14.329,-13.86,4.38,-0.600,0
14.329,-13.86,4.38,-0.600,0
14.329,-13.86,4.38,-0.600,0
14.330,-13.86,4.41,-0.600,0
14.330,-13.86,4.41,-0.600,0
14.330,-13.86,4.41,-0.600,0
14.330,-13.86,4.41,-0.600,0
14.331,-13.86,4.44,-0.600,0
14.331,-13.86,4.44,-0.600,0
14.331,-13.86,4.44,-0.600,0
14.331,-13.86,4.44,-0.600,0
14.332,-13.86,4.47,-0.600,0
14.332,-13.86,4.47,-0.600,0
14.332,-13.86,4.47,-0.600,0
14.332,-13.86,4.47,-0.600,0
14.333,-13.86,4.51,-0.600,0
14.333,-13.86,4.51,-0.600,0
14.333,-13.86,4.51,-0.600,0
14.333,-13.86,4.54,-0.600,0
14.334,-13.86,4.54,-0.600,0
14.334,-13.86,4.54,-0.600,0
14.334,-13.86,4.54,-0.600,0
14.334,-13.86,4.57,-0.600,0
14.335,-13.86,4.57,-0.600,0
14.335,-13.86,4.57,-0.600,0
14.335,-13.86,4.57,-0.600,0
14.335,-13.86,4.60,-0.600,0
14.336,-13.86,4.60,-0.600,0
14.336,-13.86,4.60,-0.600,0
14.336,-13.86,4.60,-0.600,0
14.336,-13.86,4.64,-0.600,0
14.337,-13.86,4.64,-0.600,0
14.337,-13.86,4.64,-0.600,0
14.337,-13.86,4.64,-0.600,0
14.337,-13.86,4.67,-0.600,0
14.338,-13.86,4.67,-0.600,0
14.338,-13.86,4.67,-0.600,0
14.338,-13.86,4.67,-0.600,0
14.338,-13.86,4.70,-0.600,0
14.339,-13.86,4.70,-0.600,0
14.339,-13.86,4.70,-0.600,0
14.339,-13.86,4.70,-0.600,0
14.339,-13.86,4.73,-0.600,0
14.340,-13.86,4.73,-0.600,0
14.340,-13.86,4.73,-0.600,0
14.340,-13.86,4.73,-0.600,0
14.341,-13.86,4.77,-0.600,0
14.341,-13.86,4.77,-0.600,0
14.341,-13.86,4.77,-0.600,0
14.341,-13.86,4.77,-0.600,0
14.342,-13.86,4.80,-0.600,0
14.342,-13.86,4.80,-0.600,0
14.342,-13.86,4.80,-0.600,0
14.342,-13.86,4.80,-0.600,0
14.342,-13.86,4.83,-0.600,0
14.343,-13.86,4.83,-0.600,0
14.343,-13.86,4.83,-0.600,0
14.343,-13.86,4.83,-0.600,0
14.343,-13.86,4.86,-0.600,0
14.344,-13.86,4.86,-0.600,0
14.344,-13.86,4.86,-0.600,0
14.344,-13.86,4.86,-0.600,0
14.344,-13.86,4.90,-0.600,0
14.345,-13.86,4.90,-0.600,0
14.345,-13.86,4.90,-0.600,0
14.345,-13.86,4.90,-0.600,0
14.345,-13.86,4.90,-0.600,0
14.345,-13.86,4.93,-0.600,0
14.346,-13.86,4.93,-0.600,0
14.346,-13.86,4.93,-0.600,0
14.346,-13.86,4.93,-0.600,0
14.346,-13.86,4.96,-0.600,0
14.347,-13.86,4.96,-0.600,0
14.347,-13.86,4.96,-0.600,0
14.347,-13.86,4.96,-0.600,0
14.348,-13.86,4.99,-0.600,0
14.348,-13.86,4.99,-0.600,0
14.348,-13.86,4.99,-0.600,0
14.348,-13.86,4.99,-0.600,0
14.349,-13.86,5.03,-0.600,0
14.349,-13.86,5.03,-0.600,0
14.349,-13.86,5.03,-0.600,0
14.349,-13.86,5.03,-0.600,0
14.349,-13.86,5.06,-0.600,0
14.350,-13.86,5.06,-0.600,0
14.350,-13.86,5.06,-0.600,0
14.350,-13.86,5.06,-0.600,0
14.350,-13.86,5.09,-0.600,0
14.351,-13.86,5.09,-0.600,0
14.351,-13.86,5.09,-0.600,0
14.351,-13.86,5.09,-0.600,0
14.352,-13.86,5.12,-0.600,0
14.352,-13.86,5.12,-0.600,0
14.352,-13.86,5.12,-0.600,0
14.352,-13.86,5.12,-0.600,0
14.353,-13.86,5.16,-0.600,0
14.353,-13.86,5.16,-0.600,0
14.353,-13.86,5.16,-0.600,0
14.353,-13.86,5.16,-0.600,0
14.354,-13.86,5.19,-0.600,0
14.354,-13.86,5.19,-0.600,0
14.354,-13.86,5.19,-0.600,0
14.354,-13.86,5.19,-0.600,0
14.354,-13.86,5.22,-0.600,0
14.355,-13.86,5.22,-0.600,0
14.355,-13.86,5.22,-0.600,0
14.355,-13.86,5.22,-0.600,0
14.355,-13.86,5.25,-0.600,0
14.356,-13.86,5.25,-0.600,0
14.356,-13.86,5.25,-0.600,0
14.356,-13.86,5.25,-0.600,0
14.357,-13.86,5.29,-0.600,0
14.357,-13.86,5.29,-0.600,0
14.357,-13.86,5.29,-0.600,0
14.357,-13.86,5.29,-0.600,0
14.357,-13.86,5.32,-0.600,0
14.358,-13.86,5.32,-0.600,0
14.358,-13.86,5.32,-0.600,0
14.358,-13.86,5.32,-0.600,0
14.358,-13.86,5.35,-0.600,0
14.359,-13.86,5.35,-0.600,0
14.359,-13.86,5.35,-0.600,0
14.359,-13.86,5.35,-0.600,0
14.359,-13.86,5.38,-0.600,0
14.360,-13.86,5.38,-0.600,0
14.360,-13.86,5.38,-0.600,0
14.360,-13.86,5.38,-0.600,0
14.360,-13.86,5.42,-0.600,0
14.361,-13.86,5.42,-0.600,0
14.361,-13.86,5.42,-0.600,0
14.361,-13.86,5.42,-0.600,0
14.362,-13.86,5.45,-0.600,0
14.362,-13.86,5.45,-0.600,0
14.362,-13.86,5.45,-0.600,0
14.362,-13.86,5.45,-0.600,0
14.362,-13.86,5.48,-0.600,0
14.363,-13.86,5.48,-0.600,0
14.363,-13.86,5.48,-0.600,0
14.363,-13.86,5.48,-0.600,0
14.363,-13.86,5.51,-0.600,0
14.364,-13.86,5.51,-0.600,0
14.364,-13.86,5.51,-0.600,0
14.364,-13.86,5.51,-0.600,0
14.364,-13.86,5.55,-0.600,0
14.365,-13.86,5.55,-0.600,0
14.365,-13.86,5.55,-0.600,0
14.365,-13.86,5.55,-0.600,0
14.365,-13.86,5.58,-0.600,0
14.366,-13.86,5.58,-0.600,0
14.366,-13.86,5.58,-0.600,0
14.366,-13.86,5.58,-0.600,0
14.366,-13.86,5.61,-0.600,0
14.367,-13.86,5.61,-0.600,0
14.367,-13.86,5.61,-0.600,0
14.367,-13.86,5.64,-0.600,0
14.368,-13.86,5.64,-0.600,0
14.368,-13.86,5.64,-0.600,0
14.368,-13.86,5.64,-0.600,0
14.369,-13.86,5.68,-0.600,0
14.369,-13.86,5.68,-0.600,0
14.369,-13.86,5.68,-0.600,0
14.369,-13.86,5.68,-0.600,0
14.369,-13.86,5.71,-0.600,0
14.370,-13.86,5.71,-0.600,0
14.370,-13.86,5.71,-0.600,0
14.370,-13.86,5.71,-0.600,0
14.370,-13.86,5.74,-0.600,0
14.371,-13.86,5.74,-0.600,0
14.371,-13.86,5.74,-0.600,0
14.371,-13.86,5.74,-0.600,0
14.372,-13.86,5.77,-0.600,0
14.372,-13.86,5.77,-0.600,0
14.372,-13.86,5.77,-0.600,1
14.373,-9.05,5.81,-0.600,0
14.373,-9.05,5.81,-0.600,0
14.373,-9.05,5.81,-0.600,0
14.374,-9.05,5.84,-0.600,0
14.374,-9.05,5.84,-0.600,0
14.374,-9.05,5.84,-0.600,0
14.375,-9.05,5.87,-0.600,0
14.375,-9.05,5.87,-0.600,0
14.375,-9.05,5.87,-0.600,0
14.376,-9.05,5.90,-0.600,0
14.376,-9.05,5.90,-0.600,0
14.376,-9.05,5.90,-0.600,0
14.376,-9.05,5.94,-0.600,0
14.377,-9.05,5.94,-0.600,0
14.377,-9.05,5.94,-0.600,0
14.377,-9.05,5.94,-0.600,0
14.378,-9.05,5.97,-0.600,0
14.378,-9.05,5.97,-0.600,0
14.378,-9.05,5.97,-0.600,0
14.378,-9.05,6.00,-0.600,0
14.379,-9.05,6.00,-0.600,0
14.379,-9.05,6.00,-0.600,0
14.379,-9.05,6.00,-0.600,0
14.379,-9.05,6.00,-0.600,0
14.380,-9.05,6.03,-0.600,0
14.380,-9.05,6.03,-0.600,0
14.380,-9.05,6.03,-0.600,0
14.381,-9.05,6.07,-0.600,0
14.381,-9.05,6.07,-0.600,0
14.381,-9.05,6.07,-0.600,0
14.382,-9.05,6.10,-0.600,0
14.382,-9.05,6.10,-0.600,0
14.382,-9.05,6.10,-0.600,0
14.382,-9.05,6.13,-0.600,0
14.383,-9.05,6.13,-0.600,0
14.383,-9.05,6.13,-0.600,0
14.383,-9.05,6.13,-0.600,0
14.383,-9.05,6.16,-0.600,0
14.384,-9.05,6.16,-0.600,0
14.384,-9.05,6.16,-0.600,0
14.384,-9.05,6.16,-0.600,0
14.384,-9.05,6.16,-0.600,0
14.385,-9.05,6.20,-0.600,0
14.385,-9.05,6.20,-0.600,0
14.385,-9.05,6.20,-0.600,0
14.385,-9.05,6.20,-0.600,0
14.386,-9.05,6.23,-0.600,0
14.386,-9.05,6.23,-0.600,0
14.386,-9.05,6.23,-0.600,0
14.386,-9.05,6.23,-0.600,0
14.387,-9.05,6.26,-0.600,0
14.387,-9.05,6.26,-0.600,0
14.387,-9.05,6.26,-0.600,0
14.387,-9.05,6.29,-0.600,0
14.388,-9.05,6.29,-0.600,0
14.388,-9.05,6.29,-0.600,0
14.388,-9.05,6.33,-0.600,0
14.389,-9.05,6.33,-0.600,0
14.389,-9.05,6.33,-0.600,0
14.389,-9.05,6.33,-0.600,0
14.389,-9.05,6.33,-0.600,0
14.390,-9.05,6.36,-0.600,0
14.390,-9.05,6.36,-0.600,0
14.390,-9.05,6.36,-0.600,0
14.390,-9.05,6.36,-0.600,0
14.390,-9.05,6.39,-0.600,0
14.391,-9.05,6.39,-0.600,0
14.391,-9.05,6.39,-0.600,0
14.391,-9.05,6.39,-0.600,0
14.391,-9.05,6.39,-0.600,0
14.392,-9.05,6.42,-0.600,0
14.392,-9.05,6.42,-0.600,0
14.392,-9.05,6.42,-0.600,0
14.392,-9.05,6.42,-0.600,0
14.392,-9.05,6.46,-0.600,0
14.393,-9.05,6.46,-0.600,0
14.393,-9.05,6.46,-0.600,0
14.393,-9.05,6.46,-0.600,0
14.393,-9.05,6.49,-0.600,0
14.394,-9.05,6.49,-0.600,0
14.394,-9.05,6.49,-0.600,0
14.394,-9.05,6.49,-0.600,0
14.394,-9.05,6.52,-0.600,0
14.395,-9.05,6.52,-0.600,0
14.395,-9.05,6.52,-0.600,0
14.395,-9.05,6.52,-0.600,0
14.395,-9.05,6.55,-0.600,0
14.396,-9.05,6.55,-0.600,0
14.396,-9.05,6.55,-0.600,0
14.396,-9.05,6.55,-0.600,0
14.396,-9.05,6.59,-0.600,0
14.397,-9.05,6.59,-0.600,0
14.397,-9.05,6.59,-0.600,0
14.397,-9.05,6.59,-0.600,0
14.397,-9.05,6.62,-0.600,0
14.398,-9.05,6.62,-0.600,0
14.398,-9.05,6.62,-0.600,0
14.399,-9.05,6.65,-0.600,0
14.399,-9.05,6.65,-0.600,0
14.399,-9.05,6.65,-0.600,0
14.399,-9.05,6.68,-0.600,0
14.400,-9.05,6.68,-0.600,0
14.400,-9.05,6.68,-0.600,0
14.400,-9.05,6.68,-0.600,0
14.400,-9.05,6.72,-0.600,0
14.401,-9.05,6.72,-0.600,0
14.401,-9.05,6.72,-0.600,0
14.402,-9.05,6.75,-0.600,0
14.402,-9.05,6.75,-0.600,0
14.402,-9.05,6.78,-0.600,0
14.403,-9.05,6.78,-0.600,0
14.403,-9.05,6.78,-0.600,0
14.403,-9.05,6.81,-0.600,0
14.404,-9.05,6.81,-0.600,0
14.404,-9.05,6.81,-0.600,0
14.404,-9.05,6.81,-0.600,0
14.404,-9.05,6.85,-0.600,0
14.405,-9.05,6.85,-0.600,0
14.405,-9.05,6.85,-0.600,0
14.405,-9.05,6.85,-0.600,0
14.406,-9.05,6.88,-0.600,0
14.406,-9.05,6.88,-0.600,0
14.406,-9.05,6.88,-0.600,0
14.406,-9.05,6.88,-0.600,0
14.406,-9.05,6.91,-0.600,0
14.407,-9.05,6.91,-0.600,0
14.407,-9.05,6.91,-0.600,0
14.407,-9.05,6.91,-0.600,0
14.408,-9.05,6.94,-0.600,0
14.408,-9.05,6.94,-0.600,0
14.408,-9.05,6.94,-0.600,0
14.408,-9.05,6.98,-0.600,0
14.409,-9.05,6.98,-0.600,0
14.409,-9.05,6.98,-0.600,0
14.409,-9.05,6.98,-0.600,0
14.410,-9.05,7.01,-0.600,0
14.410,-9.05,7.01,-0.600,0
14.410,-9.05,7.04,-0.600,0
14.411,-9.05,7.04,-0.600,0
14.411,-9.05,7.04,-0.600,0
14.411,-9.05,7.04,-0.600,0
14.411,-9.05,7.04,-0.600,0
14.412,-9.05,7.08,-0.600,0
14.412,-9.05,7.08,-0.600,0
14.412,-9.05,7.08,-0.600,0
14.412,-9.05,7.08,-0.600,0
14.412,-9.05,7.11,-0.600,0
14.413,-9.05,7.11,-0.600,0
14.413,-9.05,7.11,-0.600,0
14.413,-9.05,7.11,-0.600,0
14.413,-9.05,7.14,-0.600,0
14.414,-9.05,7.14,-0.600,0
14.414,-9.05,7.14,-0.600,0
14.414,-9.05,7.14,-0.600,0
14.414,-9.05,7.17,-0.600,0
14.415,-9.05,7.17,-0.600,0
14.415,-9.05,7.17,-0.600,0
14.415,-9.05,7.17,-0.600,0
14.415,-9.05,7.17,-0.600,0
14.416,-9.05,7.21,-0.600,0
14.416,-9.05,7.21,-0.600,0
14.416,-9.05,7.21,-0.600,0
14.417,-9.05,7.24,-0.600,0
14.417,-9.05,7.24,-0.600,0
14.417,-9.05,7.24,-0.600,0
14.417,-9.05,7.27,-0.600,0
14.418,-9.05,7.27,-0.600,0
14.418,-9.05,7.27,-0.600,0
14.418,-9.05,7.27,-0.600,0
14.418,-9.05,7.27,-0.600,0
14.419,-9.05,7.30,-0.600,0
14.419,-9.05,7.30,-0.600,0
14.419,-9.05,7.30,-0.600,0
14.419,-9.05,7.30,-0.600,0
14.419,-9.05,7.33,-0.600,0
14.420,-9.05,7.33,-0.600,0
14.420,-9.05,7.33,-0.600,0
14.420,-9.05,7.33,-0.600,0
14.420,-9.05,7.33,-0.600,0
14.421,-9.05,7.37,-0.600,0
14.421,-9.05,7.37,-0.600,0
14.421,-9.05,7.37,-0.600,0
14.421,-9.05,7.40,-0.600,0
14.422,-9.05,7.40,-0.600,0
14.422,-9.05,7.40,-0.600,0
14.422,-9.05,7.40,-0.600,0
14.422,-9.05,7.43,-0.600,0
14.423,-9.05,7.43,-0.600,0
14.423,-9.05,7.43,-0.600,0
14.423,-9.05,7.43,-0.600,0
14.424,-9.05,7.47,-0.600,0
14.424,-9.05,7.47,-0.600,0
14.424,-9.05,7.47,-0.600,0
14.424,-9.05,7.50,-0.600,0
14.425,-9.05,7.50,-0.600,0
14.425,-9.05,7.50,-0.600,0
14.425,-9.05,7.50,-0.600,0
14.425,-9.05,7.50,-0.600,0
14.426,-9.05,7.53,-0.600,0
14.426,-9.05,7.53,-0.600,0
14.426,-9.05,7.53,-0.600,0
14.426,-9.05,7.53,-0.600,0
14.426,-9.05,7.56,-0.600,0
14.427,-9.05,7.56,-0.600,0
14.427,-9.05,7.56,-0.600,0
14.427,-9.05,7.56,-0.600,0
14.427,-9.05,7.60,-0.600,0
14.428,-9.05,7.60,-0.600,0
14.428,-9.05,7.60,-0.600,0
14.428,-9.05,7.60,-0.600,0
14.428,-9.05,7.60,-0.600,0
14.429,-9.05,7.63,-0.600,0
14.429,-9.05,7.63,-0.600,0
14.429,-9.05,7.63,-0.600,0
14.429,-9.05,7.66,-0.600,0
14.430,-9.05,7.66,-0.600,0
14.430,-9.05,7.66,-0.600,0
14.430,-9.05,7.66,-0.600,0
14.430,-9.05,7.69,-0.600,0
14.431,-9.05,7.69,-0.600,0
14.431,-9.05,7.69,-0.600,0
14.431,-9.05,7.69,-0.600,0
14.432,-9.05,7.73,-0.600,0
14.432,-9.05,7.73,-0.600,0
14.432,-9.05,7.73,-0.600,0
14.432,-9.05,7.76,-0.600,0
14.433,-9.05,7.76,-0.600,0
14.433,-9.05,7.76,-0.600,0
14.433,-9.05,7.76,-0.600,0
14.433,-9.05,7.79,-0.600,0
14.434,-9.05,7.79,-0.600,0
14.434,-9.05,7.79,-0.600,0
14.434,-9.05,7.79,-0.600,0
14.434,-9.05,7.79,-0.600,0
14.435,-9.05,7.82,-0.600,0
14.435,-9.05,7.82,-0.600,0
14.435,-9.05,7.82,-0.600,0
14.435,-9.05,7.82,-0.600,0
14.436,-9.05,7.86,-0.600,0
14.436,-9.05,7.86,-0.600,0
14.436,-9.05,7.86,-0.600,0
14.436,-9.05,7.89,-0.600,0
14.437,-9.05,7.89,-0.600,0
14.437,-9.05,7.89,-0.600,0
14.437,-9.05,7.92,-0.600,0
14.438,-9.05,7.92,-0.600,0
14.438,-9.05,7.92,-0.600,0
14.438,-9.05,7.92,-0.600,0
14.438,-9.05,7.95,-0.600,0
14.439,-9.05,7.95,-0.600,0
14.439,-9.05,7.95,-0.600,0
14.439,-9.05,7.95,-0.600,0
14.439,-9.05,7.99,-0.600,0
14.440,-9.05,7.99,-0.600,0
14.440,-9.05,7.99,-0.600,0
14.440,-9.05,7.99,-0.600,0
14.440,-9.05,8.02,-0.600,0
14.441,-9.05,8.02,-0.600,0
14.441,-9.05,8.02,-0.600,0
14.441,-9.05,8.02,-0.600,0
14.441,-9.05,8.05,-0.600,0
14.442,-9.05,8.05,-0.600,0
14.442,-9.05,8.05,-0.600,0
14.442,-9.05,8.05,-0.600,0
14.442,-9.05,8.05,-0.600,0
14.443,-9.05,8.08,-0.600,0
14.443,-9.05,8.08,-0.600,0
14.443,-9.05,8.08,-0.600,0
14.443,-9.05,8.08,-0.600,0
14.444,-9.05,8.12,-0.600,0
14.444,-9.05,8.12,-0.600,0
14.444,-9.05,8.12,-0.600,0
14.444,-9.05,8.15,-0.600,0
14.445,-9.05,8.15,-0.600,0
14.445,-9.05,8.15,-0.600,0
14.445,-9.05,8.18,-0.600,0
14.446,-9.05,8.18,-0.600,0
14.446,-9.05,8.18,-0.600,0
14.446,-9.05,8.18,-0.600,0
14.446,-9.05,8.18,-0.600,0
14.447,-9.05,8.21,-0.600,0
14.447,-9.05,8.21,-0.600,0
14.447,-9.05,8.21,-0.600,0
14.447,-9.05,8.21,-0.600,0
14.447,-9.05,8.25,-0.600,0
14.448,-9.05,8.25,-0.600,0
14.448,-9.05,8.25,-0.600,0
14.448,-9.05,8.25,-0.600,0
14.448,-9.05,8.28,-0.600,0
14.449,-9.05,8.28,-0.600,0
14.449,-9.05,8.28,-0.600,0
14.449,-9.05,8.28,-0.600,0
14.449,-9.05,8.28,-0.600,0
14.450,-9.05,8.31,-0.600,0
14.450,-9.05,8.31,-0.600,0
14.450,-9.05,8.31,-0.600,0
14.450,-9.05,8.31,-0.600,0
14.451,-9.05,8.34,-0.600,0
14.451,-9.05,8.34,-0.600,0
14.451,-9.05,8.34,-0.600,0
14.452,-9.05,8.38,-0.600,0
14.452,-9.05,8.38,-0.600,0
14.452,-9.05,8.38,-0.600,0
14.452,-9.05,8.41,-0.600,0
14.453,-9.05,8.41,-0.600,0
14.453,-9.05,8.41,-0.600,0
14.453,-9.05,8.41,-0.600,0
14.453,-9.05,8.44,-0.600,0
14.454,-9.05,8.44,-0.600,0
14.454,-9.05,8.44,-0.600,0
14.454,-9.05,8.44,-0.600,0
14.454,-9.05,8.47,-0.600,0
14.455,-9.05,8.47,-0.600,0
14.455,-9.05,8.47,-0.600,0
14.455,-9.05,8.47,-0.600,0
14.455,-9.05,8.51,-0.600,0
14.456,-9.05,8.51,-0.600,0
14.456,-9.05,8.51,-0.600,0
14.456,-9.05,8.51,-0.600,0
14.456,-9.05,8.54,-0.600,0
14.457,-9.05,8.54,-0.600,0
14.457,-9.05,8.54,-0.600,0
14.457,-9.05,8.54,-0.600,0
14.458,-9.05,8.57,-0.600,0
14.458,-9.05,8.57,-0.600,0
14.458,-9.05,8.57,-0.600,0
14.459,-9.05,8.60,-0.600,0
14.459,-9.05,8.60,-0.600,0
14.459,-9.05,8.60,-0.600,0
14.459,-9.05,8.60,-0.600,0
14.459,-9.05,8.64,-0.600,0
14.460,-9.05,8.64,-0.600,0
14.460,-9.05,8.64,-0.600,0
14.460,-9.05,8.64,-0.600,0
14.460,-9.05,8.64,-0.600,0
14.461,-9.05,8.67,-0.600,0
14.461,-9.05,8.67,-0.600,0
14.461,-9.05,8.67,-0.600,0
14.461,-9.05,8.67,-0.600,0
14.462,-9.05,8.70,-0.600,0
14.462,-9.05,8.70,-0.600,0
14.462,-9.05,8.70,-0.600,0
14.462,-9.05,8.70,-0.600,0
14.462,-9.05,8.73,-0.600,0
14.463,-9.05,8.73,-0.600,0
14.463,-9.05,8.73,-0.600,0
14.463,-9.05,8.73,-0.600,0
14.463,-9.05,8.73,-0.600,0
14.464,-9.05,8.77,-0.600,0
14.464,-9.05,8.77,-0.600,0
14.464,-9.05,8.77,-0.600,0
14.465,-9.05,8.80,-0.600,0
14.465,-9.05,8.80,-0.600,0
14.465,-9.05,8.83,-0.600,0
14.466,-9.05,8.83,-0.600,0
14.466,-9.05,8.83,-0.600,0
14.466,-9.05,8.83,-0.600,0
14.466,-9.05,8.86,-0.600,0
14.467,-9.05,8.86,-0.600,0
14.467,-9.05,8.86,-0.600,0
14.467,-9.05,8.86,-0.600,0
14.467,-9.05,8.90,-0.600,0
14.468,-9.05,8.90,-0.600,0
14.468,-9.05,8.90,-0.600,0
14.468,-9.05,8.90,-0.600,0
14.468,-9.05,8.93,-0.600,0
14.469,-9.05,8.93,-0.600,0
14.469,-9.05,8.93,-0.600,0
14.469,-9.05,8.93,-0.600,0
14.470,-9.05,8.96,-0.600,0
14.470,-9.05,8.96,-0.600,0
14.470,-9.05,8.96,-0.600,0
14.470,-9.05,8.96,-0.600,0
14.471,-9.05,8.99,-0.600,0
14.471,-9.05,8.99,-0.600,0
14.471,-9.05,8.99,-0.600,0
14.472,-9.05,9.03,-0.600,0
14.472,-9.05,9.03,-0.600,0
14.472,-9.05,9.03,-0.600,0
14.472,-9.05,9.03,-0.600,0
14.473,-9.05,9.06,-0.600,0
14.473,-9.05,9.06,-0.600,0
14.473,-9.05,9.06,-0.600,0
14.473,-9.05,9.06,-0.600,0
14.473,-9.05,9.09,-0.600,0
14.474,-9.05,9.09,-0.600,0
14.474,-9.05,9.09,-0.600,0
14.474,-9.05,9.09,-0.600,0
14.474,-9.05,9.12,-0.600,0
14.475,-9.05,9.12,-0.600,0
14.475,-9.05,9.12,-0.600,0
14.475,-9.05,9.12,-0.600,0
14.475,-9.05,9.16,-0.600,0
14.476,-9.05,9.16,-0.600,0
14.476,-9.05,9.16,-0.600,0
14.476,-9.05,9.16,-0.600,0
14.476,-9.05,9.16,-0.600,0
14.477,-9.05,9.19,-0.600,0
14.477,-9.05,9.19,-0.600,0
14.477,-9.05,9.19,-0.600,0
14.477,-9.05,9.19,-0.600,0
14.478,-9.05,9.22,-0.600,0
14.478,-9.05,9.22,-0.600,0
14.478,-9.05,9.22,-0.600,0
14.478,-9.05,9.22,-0.600,0
14.479,-9.05,9.25,-0.600,0
14.479,-9.05,9.25,-0.600,0
14.479,-9.05,9.25,-0.600,0
14.479,-9.05,9.29,-0.600,0
14.480,-9.05,9.29,-0.600,0
14.480,-9.05,9.29,-0.600,0
14.480,-9.05,9.29,-0.600,0
14.480,-9.05,9.32,-0.600,0
14.481,-9.05,9.32,-0.600,0
14.481,-9.05,9.32,-0.600,0
14.481,-9.05,9.32,-0.600,0
14.481,-9.05,9.32,-0.600,0
14.481,-9.05,9.35,-0.600,0
14.482,-9.05,9.35,-0.600,0
14.482,-9.05,9.35,-0.600,0
14.482,-9.05,9.35,-0.600,0
14.482,-9.05,9.38,-0.600,0
14.483,-9.05,9.38,-0.600,0
14.483,-9.05,9.38,-0.600,0
14.483,-9.05,9.38,-0.600,0
14.483,-9.05,9.42,-0.600,0
14.484,-9.05,9.42,-0.600,0
14.484,-9.05,9.42,-0.600,0
14.484,-9.05,9.42,-0.600,0
14.484,-9.05,9.45,-0.600,0
14.485,-9.05,9.45,-0.600,0
14.485,-9.05,9.45,-0.600,0
14.485,-9.05,9.45,-0.600,0
14.485,-9.05,9.45,-0.600,0
14.486,-9.05,9.48,-0.600,0
14.486,-9.05,9.48,-0.600,0
14.486,-9.05,9.48,-0.600,0
14.486,-9.05,9.51,-0.600,0
14.487,-9.05,9.51,-0.600,0
14.487,-9.05,9.51,-0.600,0
14.487,-9.05,9.51,-0.600,0
14.487,-9.05,9.55,-0.600,0
14.488,-9.05,9.55,-0.600,0
14.488,-9.05,9.55,-0.600,0
14.488,-9.05,9.55,-0.600,0
14.488,-9.05,9.58,-0.600,0
14.489,-9.05,9.58,-0.600,0
14.489,-9.05,9.58,-0.600,0
14.489,-9.05,9.58,-0.600,0
14.489,-9.05,9.58,-0.600,0
14.490,-9.05,9.61,-0.600,0
14.490,-9.05,9.61,-0.600,0
14.490,-9.05,9.61,-0.600,0
14.490,-9.05,9.61,-0.600,0
14.490,-9.05,9.64,-0.600,0
14.491,-9.05,9.64,-0.600,0
14.491,-9.05,9.64,-0.600,0
14.491,-9.05,9.64,-0.600,0
14.491,-9.05,9.64,-0.600,0
14.492,-9.05,9.68,-0.600,0
14.492,-9.05,9.68,-0.600,0
14.492,-9.05,9.68,-0.600,0
14.492,-9.05,9.68,-0.600,0
14.493,-9.05,9.71,-0.600,0
14.493,-9.05,9.71,-0.600,0
14.493,-9.05,9.71,-0.600,0
14.493,-9.05,9.71,-0.600,0
14.494,-9.05,9.74,-0.600,0
14.494,-9.05,9.74,-0.600,0
14.494,-9.05,9.74,-0.600,0
14.494,-9.05,9.77,-0.600,0
14.495,-9.05,9.77,-0.600,0
14.495,-9.05,9.77,-0.600,0
14.495,-9.05,9.77,-0.600,0
14.496,-9.05,9.81,-0.600,0
14.496,-9.05,9.81,-0.600,0
14.496,-9.05,9.81,-0.600,0
14.496,-9.05,9.81,-0.600,0
14.497,-9.05,9.84,-0.600,0
14.497,-9.05,9.84,-0.600,0
14.497,-9.05,9.84,-0.600,0
14.497,-9.05,9.84,-0.600,0
14.498,-9.05,9.87,-0.600,0
14.498,-9.05,9.87,-0.600,0
14.498,-9.05,9.87,-0.600,0
14.498,-9.05,9.87,-0.600,0
14.499,-9.05,9.90,-0.600,0
14.499,-9.05,9.90,-0.600,0
14.499,-9.05,9.90,-0.600,0
14.500,-9.05,9.94,-0.600,0
14.500,-9.05,9.94,-0.600,0
14.500,-9.05,9.94,-0.600,0
14.501,-9.05,9.97,-0.600,0
14.501,-9.05,9.97,-0.600,0
14.501,-9.05,9.97,-0.600,0
14.501,-9.05,10.00,-0.600,0
14.502,-9.05,10.00,-0.600,0
14.502,-9.05,10.00,-0.600,0
14.502,-9.05,10.00,-0.600,0
14.502,-9.05,10.03,-0.600,0
14.503,-9.05,10.03,-0.600,0
14.503,-9.05,10.03,-0.600,0
14.503,-9.05,10.03,-0.600,0
14.503,-9.05,10.07,-0.600,0
14.504,-9.05,10.07,-0.600,0
14.504,-9.05,10.07,-0.600,0
14.504,-9.05,10.07,-0.600,0
14.504,-9.05,10.10,-0.600,0
14.505,-9.05,10.10,-0.600,0
14.505,-9.05,10.10,-0.600,0
14.505,-9.05,10.10,-0.600,0
14.506,-9.05,10.13,-0.600,0
14.506,-9.05,10.13,-0.600,0
14.506,-9.05,10.13,-0.600,0
14.507,-9.05,10.16,-0.600,0
14.507,-9.05,10.16,-0.600,0
14.507,-9.05,10.16,-0.600,0
14.507,-9.05,10.20,-0.600,0
14.508,-9.05,10.20,-0.600,0
14.508,-9.05,10.20,-0.600,0
14.508,-9.05,10.20,-0.600,0
14.508,-9.05,10.23,-0.600,0
14.509,-9.05,10.23,-0.600,0
14.509,-9.05,10.23,-0.600,0
14.509,-9.05,10.23,-0.600,0
14.510,-9.05,10.26,-0.600,0
14.510,-9.05,10.26,-0.600,0
14.510,-9.05,10.26,-0.600,0
14.510,-9.05,10.26,-0.600,0
14.511,-9.05,10.29,-0.600,0
14.511,-9.05,10.29,-0.600,0
14.511,-9.05,10.29,-0.600,0
14.511,-9.05,10.29,-0.600,0
14.512,-9.05,10.33,-0.600,0
14.512,-9.05,10.33,-0.600,0
14.512,-9.05,10.33,-0.600,0
14.513,-9.05,10.36,-0.600,0
14.513,-9.05,10.36,-0.600,0
14.513,-9.05,10.36,-0.600,0
14.513,-9.05,10.39,-0.600,0
14.514,-9.05,10.39,-0.600,0
14.514,-9.05,10.39,-0.600,0
14.514,-9.05,10.39,-0.600,0
14.514,-9.05,10.39,-0.600,0
14.515,-9.05,10.42,-0.600,0
14.515,-9.05,10.42,-0.600,0
14.515,-9.05,10.42,-0.600,0
14.515,-9.05,10.42,-0.600,0
14.516,-9.05,10.46,-0.600,0
14.516,-9.05,10.46,-0.600,0
14.516,-9.05,10.46,-0.600,0
14.516,-9.05,10.46,-0.600,0
14.516,-9.05,10.49,-0.600,0
14.517,-9.05,10.49,-0.600,0
14.517,-9.05,10.49,-0.600,0
14.517,-9.05,10.49,-0.600,0
14.517,-9.05,10.52,-0.600,0
14.518,-9.05,10.52,-0.600,0
14.518,-9.05,10.52,-0.600,0
14.518,-9.05,10.52,-0.600,0
14.518,-9.05,10.55,-0.600,0
14.519,-9.05,10.55,-0.600,0
14.519,-9.05,10.55,-0.600,0
14.519,-9.05,10.55,-0.600,0
14.519,-9.05,10.59,-0.600,0
14.520,-9.05,10.59,-0.600,0
14.520,-9.05,10.59,-0.600,0
14.520,-9.05,10.59,-0.600,0
14.521,-9.05,10.62,-0.600,0
14.521,-9.05,10.62,-0.600,0
14.521,-9.05,10.62,-0.600,0
14.521,-9.05,10.65,-0.600,0
14.522,-9.05,10.65,-0.600,0
14.522,-9.05,10.65,-0.600,0
14.522,-9.05,10.65,-0.600,0
14.522,-9.05,10.65,-0.600,0
14.523,-9.05,10.68,-0.600,0
14.523,-9.05,10.68,-0.600,0
14.523,-9.05,10.68,-0.600,0
14.523,-9.05,10.68,-0.600,0
14.524,-9.05,10.71,-0.600,0
14.524,-9.05,10.71,-0.600,0
14.524,-9.05,10.71,-0.600,0
14.524,-9.05,10.71,-0.600,0
14.524,-9.05,10.75,-0.600,0
14.525,-9.05,10.75,-0.600,0
14.525,-9.05,10.75,-0.600,0
14.525,-9.05,10.75,-0.600,0
14.525,-9.05,10.78,-0.600,0
14.526,-9.05,10.78,-0.600,0
14.526,-9.05,10.78,-0.600,0
14.526,-9.05,10.78,-0.600,0
14.526,-9.05,10.81,-0.600,0
14.527,-9.05,10.81,-0.600,0
14.527,-9.05,10.81,-0.600,0
14.527,-9.05,10.81,-0.600,0
14.528,-9.05,10.85,-0.600,0
14.528,-9.05,10.85,-0.600,0
14.528,-9.05,10.85,-0.600,0
14.528,-9.05,10.85,-0.600,0
14.528,-9.05,10.88,-0.600,0
14.529,-9.05,10.88,-0.600,0
14.529,-9.05,10.88,-0.600,0
14.529,-9.05,10.88,-0.600,0
14.529,-9.05,10.91,-0.600,0
14.530,-9.05,10.91,-0.600,0
14.530,-9.05,10.91,-0.600,0
14.530,-9.05,10.91,-0.600,0
14.530,-9.05,10.91,-0.600,0
14.531,-9.05,10.94,-0.600,0
14.531,-9.05,10.94,-0.600,0
14.531,-9.05,10.94,-0.600,0
14.531,-9.05,10.97,-0.600,0
14.532,-9.05,10.97,-0.600,0
14.532,-9.05,10.97,-0.600,0
14.532,-9.05,10.97,-0.600,0
14.533,-9.05,11.01,-0.600,0
14.533,-9.05,11.01,-0.600,0
14.533,-9.05,11.01,-0.600,0
14.533,-9.05,11.04,-0.600,0
14.534,-9.05,11.04,-0.600,0
14.534,-9.05,11.04,-0.600,0
14.534,-9.05,11.04,-0.600,0
14.535,-9.05,11.07,-0.600,0
14.535,-9.05,11.07,-0.600,0
14.535,-9.05,11.07,-0.600,0
14.535,-9.05,11.10,-0.600,0
14.536,-9.05,11.10,-0.600,0
14.536,-9.05,11.10,-0.600,0
14.537,-9.05,11.14,-0.600,0
14.537,-9.05,11.14,-0.600,0
14.537,-9.05,11.14,-0.600,0
14.538,-9.05,11.17,-0.600,0
14.538,-9.05,11.17,-0.600,0
14.538,-9.05,11.17,-0.600,0
14.538,-9.05,11.20,-0.600,0
14.539,-9.05,11.20,-0.600,0
14.539,-9.05,11.20,-0.600,0
14.539,-9.05,11.20,-0.600,0
14.540,-9.05,11.23,-0.600,0
14.540,-9.05,11.23,-0.600,0
14.540,-9.05,11.23,-0.600,0
14.540,-9.05,11.27,-0.600,0
14.541,-9.05,11.27,-0.600,0
14.541,-9.05,11.27,-0.600,0
14.541,-9.05,11.27,-0.600,0
14.542,-9.05,11.30,-0.600,0
14.542,-9.05,11.30,-0.600,0
14.542,-9.05,11.30,-0.600,0
14.542,-9.05,11.30,-0.600,0
14.543,-9.05,11.33,-0.600,0
14.543,-9.05,11.33,-0.600,0
14.543,-9.05,11.33,-0.600,0
14.543,-9.05,11.37,-0.600,0
14.544,-9.05,11.37,-0.600,0
14.544,-9.05,11.37,-0.600,0
14.544,-9.05,11.37,-0.600,0
14.544,-9.05,11.40,-0.600,0
14.545,-9.05,11.40,-0.600,0
14.545,-9.05,11.40,-0.600,0
14.545,-9.05,11.40,-0.600,0
14.545,-9.05,11.43,-0.600,0
14.546,-9.05,11.43,-0.600,0
14.546,-9.05,11.43,-0.600,0
14.546,-9.05,11.43,-0.600,0
14.546,-9.05,11.46,-0.600,0
14.547,-9.05,11.46,-0.600,0
14.547,-9.05,11.46,-0.600,0
14.547,-9.05,11.46,-0.600,0
14.547,-9.05,11.46,-0.600,0
14.548,-9.05,11.50,-0.600,0
14.548,-9.05,11.50,-0.600,0
14.548,-9.05,11.53,-0.600,0
14.549,-9.05,11.53,-0.600,0
14.549,-9.05,11.53,-0.600,0
14.549,-9.05,11.53,-0.600,0
14.549,-9.05,11.56,-0.600,0
14.550,-9.05,11.56,-0.600,0
14.550,-9.05,11.56,-0.600,0
14.550,-9.05,11.56,-0.600,0
14.550,-9.05,11.59,-0.600,0
14.551,-9.05,11.59,-0.600,0
14.551,-9.05,11.59,-0.600,0
14.551,-9.05,11.59,-0.600,0
14.551,-9.05,11.59,-0.600,0
14.552,-9.05,11.62,-0.600,0
14.552,-9.05,11.62,-0.600,0
14.552,-9.05,11.62,-0.600,0
14.552,-9.05,11.62,-0.600,0
14.553,-9.05,11.66,-0.600,0
14.553,-9.05,11.66,-0.600,0
14.553,-9.05,11.66,-0.600,0
14.553,-9.05,11.66,-0.600,0
14.554,-9.05,11.69,-0.600,0
14.554,-9.05,11.69,-0.600,0
14.554,-9.05,11.69,-0.600,0
14.554,-9.05,11.72,-0.600,0
14.555,-9.05,11.72,-0.600,0
14.555,-9.05,11.72,-0.600,0
14.555,-9.05,11.72,-0.600,0
14.556,-9.05,11.75,-0.600,0
14.556,-9.05,11.75,-0.600,0
14.556,-9.05,11.75,-0.600,0
14.556,-9.05,11.79,-0.600,0
14.557,-9.05,11.79,-0.600,0
14.557,-9.05,11.79,-0.600,0
14.557,-9.05,11.79,-0.600,0
14.557,-9.05,11.79,-0.600,0
14.558,-9.05,11.82,-0.600,0
14.558,-9.05,11.82,-0.600,0
14.558,-9.05,11.82,-0.600,0
14.558,-9.05,11.82,-0.600,0
14.558,-9.05,11.85,-0.600,0
14.559,-9.05,11.85,-0.600,0
14.559,-9.05,11.85,-0.600,0
14.559,-9.05,11.85,-0.600,0
14.559,-9.05,11.88,-0.600,0
14.560,-9.05,11.88,-0.600,0
14.560,-9.05,11.88,-0.600,0
14.560,-9.05,11.88,-0.600,0
14.560,-9.05,11.92,-0.600,0
14.561,-9.05,11.92,-0.600,0
14.561,-9.05,11.92,-0.600,0
14.561,-9.05,11.92,-0.600,0
14.562,-9.05,11.95,-0.600,0
14.562,-9.05,11.95,-0.600,0
14.562,-9.05,11.95,-0.600,0
14.563,-9.05,11.98,-0.600,0
14.563,-9.05,11.98,-0.600,0
14.563,-9.05,11.98,-0.600,0
14.563,-9.05,11.98,-0.600,0
14.564,-9.05,12.01,-0.600,0
14.564,-9.05,12.01,-0.600,0
14.564,-9.05,12.01,-0.600,0
14.565,-9.05,12.05,-0.600,0
14.565,-9.05,12.05,-0.600,0
14.565,-9.05,12.05,-0.600,0
14.565,-9.05,12.08,-0.600,0
14.566,-9.05,12.08,-0.600,0
14.566,-9.05,12.08,-0.600,0
14.566,-9.05,12.08,-0.600,0
14.567,-9.05,12.11,-0.600,0
14.567,-9.05,12.11,-0.600,0
14.567,-9.05,12.11,-0.600,0
14.568,-9.05,12.14,-0.600,0
14.568,-9.05,12.14,-0.600,0
14.568,-9.05,12.14,-0.600,0
14.569,-9.05,12.18,-0.600,0
14.569,-9.05,12.18,-0.600,0
14.569,-9.05,12.18,-0.600,0
14.570,-9.05,12.21,-0.600,0
14.570,-9.05,12.21,-0.600,0
14.570,-9.05,12.21,-0.600,0
14.570,-9.05,12.24,-0.600,0
14.571,-9.05,12.24,-0.600,0
14.571,-9.05,12.24,-0.600,0
14.571,-9.05,12.24,-0.600,0
14.571,-9.05,12.27,-0.600,0
14.572,-9.05,12.27,-0.600,0
14.572,-9.05,12.27,-0.600,0
14.572,-9.05,12.27,-0.600,0
14.572,-9.05,12.31,-0.600,0
14.573,-9.05,12.31,-0.600,0
14.573,-9.05,12.31,-0.600,0
14.573,-9.05,12.31,-0.600,0
14.573,-9.05,12.34,-0.600,0
14.574,-9.05,12.34,-0.600,0
14.574,-9.05,12.34,-0.600,0
14.574,-9.05,12.34,-0.600,0
14.574,-9.05,12.34,-0.600,0
14.575,-9.05,12.37,-0.600,0
14.575,-9.05,12.37,-0.600,0
14.575,-9.05,12.37,-0.600,0
14.575,-9.05,12.40,-0.600,0
14.576,-9.05,12.40,-0.600,0
14.576,-9.05,12.40,-0.600,0
14.576,-9.05,12.40,-0.600,0
14.576,-9.05,12.44,-0.600,0
14.577,-9.05,12.44,-0.600,0
14.577,-9.05,12.44,-0.600,0
14.577,-9.05,12.44,-0.600,0
14.577,-9.05,12.44,-0.600,0
14.578,-9.05,12.47,-0.600,0
14.578,-9.05,12.47,-0.600,0
14.578,-9.05,12.47,-0.600,0
14.578,-9.05,12.47,-0.600,0
14.578,-9.05,12.50,-0.600,0
14.579,-9.05,12.50,-0.600,0
14.579,-9.05,12.50,-0.600,0
14.579,-9.05,12.50,-0.600,0
14.579,-9.05,12.53,-0.600,0
14.580,-9.05,12.53,-0.600,0
14.580,-9.05,12.53,-0.600,0
14.580,-9.05,12.53,-0.600,0
14.580,-9.05,12.53,-0.600,0
14.581,-9.05,12.57,-0.600,0
14.581,-9.05,12.57,-0.600,0
14.581,-9.05,12.57,-0.600,0
14.581,-9.05,12.60,-0.600,0
14.582,-9.05,12.60,-0.600,0
14.582,-9.05,12.60,-0.600,0
14.582,-9.05,12.60,-0.600,0
14.582,-9.05,12.60,-0.600,0
14.583,-9.05,12.63,-0.600,0
14.583,-9.05,12.63,-0.600,0
14.583,-9.05,12.63,-0.600,0
14.583,-9.05,12.66,-0.600,0
14.584,-9.05,12.66,-0.600,0
14.584,-9.05,12.66,-0.600,0
14.584,-9.05,12.66,-0.600,0
14.584,-9.05,12.70,-0.600,0
14.585,-9.05,12.70,-0.600,0
14.585,-9.05,12.70,-0.600,0
14.585,-9.05,12.70,-0.600,0
14.585,-9.05,12.70,-0.600,0
14.586,-9.05,12.73,-0.600,0
14.586,-9.05,12.73,-0.600,0
14.586,-9.05,12.73,-0.600,0
14.586,-9.05,12.73,-0.600,0
14.586,-9.05,12.76,-0.600,0
14.587,-9.05,12.76,-0.600,0
14.587,-9.05,12.76,-0.600,0
14.587,-9.05,12.76,-0.600,0
14.587,-9.05,12.79,-0.600,0
14.588,-9.05,12.79,-0.600,0
14.588,-9.05,12.79,-0.600,0
14.588,-9.05,12.79,-0.600,0
14.588,-9.05,12.83,-0.600,0
14.589,-9.05,12.83,-0.600,0
14.589,-9.05,12.83,-0.600,0
14.589,-9.05,12.83,-0.600,0
14.589,-9.05,12.83,-0.600,0
14.590,-9.05,12.86,-0.600,0
14.590,-9.05,12.86,-0.600,0
14.590,-9.05,12.86,-0.600,0
14.590,-9.05,12.86,-0.600,0
14.591,-9.05,12.89,-0.600,0
14.591,-9.05,12.89,-0.600,0
14.591,-9.05,12.89,-0.600,0
14.591,-9.05,12.89,-0.600,0
14.591,-9.05,12.92,-0.600,0
14.592,-9.05,12.92,-0.600,0
14.592,-9.05,12.92,-0.600,0
14.592,-9.05,12.92,-0.600,0
14.592,-9.05,12.96,-0.600,0
14.593,-9.05,12.96,-0.600,0
14.593,-9.05,12.96,-0.600,0
14.593,-9.05,12.96,-0.600,0
14.593,-9.05,12.96,-0.600,0
14.593,-9.05,12.99,-0.600,0
14.594,-9.05,12.99,-0.600,0
14.594,-9.05,12.99,-0.600,0
14.594,-9.05,12.99,-0.600,0
14.594,-9.05,13.02,-0.600,0
14.595,-9.05,13.02,-0.600,0
14.595,-9.05,13.02,-0.600,0
14.595,-9.05,13.02,-0.600,0
14.595,-9.05,13.02,-0.600,0
14.596,-9.05,13.05,-0.600,0
14.596,-9.05,13.05,-0.600,0
14.596,-9.05,13.05,-0.600,0
14.596,-9.05,13.05,-0.600,0
14.597,-9.05,13.09,-0.600,0
14.597,-9.05,13.09,-0.600,0
14.597,-9.05,13.09,-0.600,0
14.597,-9.05,13.09,-0.600,0
14.598,-9.05,13.12,-0.600,0
14.598,-9.05,13.12,-0.600,0
14.598,-9.05,13.12,-0.600,0
14.598,-9.05,13.12,-0.600,0
14.599,-9.05,13.15,-0.600,0
14.599,-9.05,13.15,-0.600,0
14.599,-9.05,13.15,-0.600,0
14.599,-9.05,13.15,-0.600,0
14.599,-9.05,13.18,-0.600,0
14.600,-9.05,13.18,-0.600,0
14.600,-9.05,13.18,-0.600,0
14.600,-9.05,13.18,-0.600,0
14.600,-9.05,13.22,-0.600,0
14.601,-9.05,13.22,-0.600,0
14.601,-9.05,13.22,-0.600,0
14.601,-9.05,13.22,-0.600,0
14.601,-9.05,13.22,-0.600,0
14.602,-9.05,13.25,-0.600,0
14.602,-9.05,13.25,-0.600,0
14.602,-9.05,13.25,-0.600,0
14.602,-9.05,13.25,-0.600,0
14.603,-9.05,13.28,-0.600,0
14.603,-9.05,13.28,-0.600,0
14.603,-9.05,13.28,-0.600,0
14.603,-9.05,13.28,-0.600,0
14.604,-9.05,13.31,-0.600,0
14.604,-9.05,13.31,-0.600,0
14.604,-9.05,13.31,-0.600,0
14.604,-9.05,13.31,-0.600,0
14.605,-9.05,13.34,-0.600,0
14.605,-9.05,13.34,-0.600,0
14.605,-9.05,13.34,-0.600,0
14.605,-9.05,13.34,-0.600,0
14.605,-9.05,13.38,-0.600,0
14.606,-9.05,13.38,-0.600,0
14.606,-9.05,13.38,-0.600,0
14.606,-9.05,13.38,-0.600,0
14.606,-9.05,13.41,-0.600,0
14.607,-9.05,13.41,-0.600,0
14.607,-9.05,13.41,-0.600,0
14.607,-9.05,13.41,-0.600,0
14.607,-9.05,13.44,-0.600,0
14.608,-9.05,13.44,-0.600,0
14.608,-9.05,13.44,-0.600,0
14.608,-9.05,13.44,-0.600,0
14.608,-9.05,13.48,-0.600,0
14.609,-9.05,13.48,-0.600,0
14.609,-9.05,13.48,-0.600,0
14.609,-9.05,13.48,-0.600,0
14.609,-9.05,13.51,-0.600,0
14.610,-9.05,13.51,-0.600,0
14.610,-9.05,13.51,-0.600,0
14.610,-9.05,13.51,-0.600,0
14.611,-9.05,13.54,-0.600,0
14.611,-9.05,13.54,-0.600,0
14.611,-9.05,13.54,-0.600,0
14.611,-9.05,13.57,-0.600,0
14.612,-9.05,13.57,-0.600,0
14.612,-9.05,13.57,-0.600,0
14.612,-9.05,13.57,-0.600,0
14.612,-9.05,13.61,-0.600,0
14.613,-9.05,13.61,-0.600,0
14.613,-9.05,13.61,-0.600,0
14.613,-9.05,13.61,-0.600,0
14.613,-9.05,13.61,-0.600,0
14.613,-9.05,13.64,-0.600,0
14.614,-9.05,13.64,-0.600,0
14.614,-9.05,13.64,-0.600,0
14.614,-9.05,13.64,-0.600,0
14.614,-9.05,13.64,-0.600,0
14.615,-9.05,13.67,-0.600,0
14.615,-9.05,13.67,-0.600,0
14.615,-9.05,13.67,-0.600,0
14.615,-9.05,13.67,-0.600,0
14.615,-9.05,13.70,-0.600,0
14.616,-9.05,13.70,-0.600,0
14.616,-9.05,13.70,-0.600,0
14.616,-9.05,13.70,-0.600,0
14.616,-9.05,13.74,-0.600,0
14.617,-9.05,13.74,-0.600,0
14.617,-9.05,13.74,-0.600,0
14.617,-9.05,13.74,-0.600,0
14.618,-9.05,13.77,-0.600,0
14.618,-9.05,13.77,-0.600,0
14.618,-9.05,13.77,-0.600,0
14.618,-9.05,13.80,-0.600,0
14.619,-9.05,13.80,-0.600,0
14.619,-9.05,13.80,-0.600,0
14.619,-9.05,13.80,-0.600,0
14.619,-9.05,13.83,-0.600,0
14.620,-9.05,13.83,-0.600,0
14.620,-9.05,13.83,-0.600,0
14.620,-9.05,13.83,-0.600,0
14.620,-9.05,13.86,-0.600,0
14.621,-9.05,13.86,-0.600,0
14.621,-9.05,13.86,-0.600,0
14.621,-9.05,13.86,-0.600,0
14.621,-9.05,13.90,-0.600,0
14.622,-9.05,13.90,-0.600,0
14.622,-9.05,13.90,-0.600,0
14.622,-9.05,13.90,-0.600,0
14.622,-9.05,13.90,-0.600,0
14.623,-9.05,13.93,-0.600,0
14.623,-9.05,13.93,-0.600,0
14.623,-9.05,13.93,-0.600,0
14.623,-9.05,13.96,-0.600,0
14.624,-9.05,13.96,-0.600,0
14.624,-9.05,13.96,-0.600,0
14.624,-9.05,13.99,-0.600,0
14.625,-9.05,13.99,-0.600,0
14.625,-9.05,13.99,-0.600,0
14.625,-9.05,13.99,-0.600,0
14.625,-9.05,14.03,-0.600,0
14.626,-9.05,14.03,-0.600,0
14.626,-9.05,14.03,-0.600,0
14.626,-9.05,14.03,-0.600,0
14.626,-9.05,14.06,-0.600,0
14.627,-9.05,14.06,-0.600,0
14.627,-9.05,14.06,-0.600,0
14.627,-9.05,14.06,-0.600,0
14.627,-9.05,14.06,-0.600,0
14.627,-9.05,14.09,-0.600,0
14.628,-9.05,14.09,-0.600,0
14.628,-9.05,14.09,-0.600,0
14.628,-9.05,14.09,-0.600,0
14.628,-9.05,14.09,-0.600,0
14.629,-9.05,14.12,-0.600,0
14.629,-9.05,14.12,-0.600,0
14.629,-9.05,14.12,-0.600,0
14.629,-9.05,14.12,-0.600,0
14.629,-9.05,14.16,-0.600,0
14.630,-9.05,14.16,-0.600,0
14.630,-9.05,14.16,-0.600,0
14.630,-9.05,14.16,-0.600,0
14.631,-9.05,14.19,-0.600,0
14.631,-9.05,14.19,-0.600,0
14.631,-9.05,14.19,-0.600,0
14.631,-9.05,14.22,-0.600,0
14.632,-9.05,14.22,-0.600,0
14.632,-9.05,14.22,-0.600,0
14.632,-9.05,14.22,-0.600,0
14.632,-9.05,14.26,-0.600,0
14.633,-9.05,14.26,-0.600,0
14.633,-9.05,14.26,-0.600,0
14.633,-9.05,14.26,-0.600,0
14.633,-9.05,14.29,-0.600,0
14.634,-9.05,14.29,-0.600,0
14.634,-9.05,14.29,-0.600,0
14.634,-9.05,14.29,-0.600,0
14.634,-9.05,14.29,-0.600,0
14.635,-9.05,14.32,-0.600,0
14.635,-9.05,14.32,-0.600,0
14.635,-9.05,14.32,-0.600,0
14.635,-9.05,14.32,-0.600,0
14.635,-9.05,14.35,-0.600,0
14.636,-9.05,14.35,-0.600,0
14.636,-9.05,14.35,-0.600,0
14.636,-9.05,14.35,-0.600,0
14.636,-9.05,14.38,-0.600,0
14.637,-9.05,14.38,-0.600,0
14.637,-9.05,14.38,-0.600,0
14.637,-9.05,14.38,-0.600,0
14.637,-9.05,14.42,-0.600,0
14.638,-9.05,14.42,-0.600,0
14.638,-9.05,14.42,-0.600,0
14.638,-9.05,14.42,-0.600,0
14.639,-9.05,14.45,-0.600,0
14.639,-9.05,14.45,-0.600,0
14.639,-9.05,14.45,-0.600,0
14.639,-9.05,14.45,-0.600,0
14.640,-9.05,14.48,-0.600,0
14.640,-9.05,14.48,-0.600,0
14.640,-9.05,14.48,-0.600,0
14.640,-9.05,14.48,-0.600,0
14.641,-9.05,14.51,-0.600,0
14.641,-9.05,14.51,-0.600,0
14.641,-9.05,14.51,-0.600,0
14.641,-9.05,14.51,-0.600,0
14.641,-9.05,14.55,-0.600,0
14.642,-9.05,14.55,-0.600,0
14.642,-9.05,14.55,-0.600,0
14.642,-9.05,14.55,-0.600,0
14.642,-9.05,14.55,-0.600,0
14.643,-9.05,14.58,-0.600,0
14.643,-9.05,14.58,-0.600,0
14.643,-9.05,14.58,-0.600,0
14.643,-9.05,14.58,-0.600,0
14.643,-9.05,14.61,-0.600,0
14.644,-9.05,14.61,-0.600,0
14.644,-9.05,14.61,-0.600,0
14.644,-9.05,14.61,-0.600,0
14.644,-9.05,14.64,-0.600,0
14.645,-9.05,14.64,-0.600,0
14.645,-9.05,14.64,-0.600,0
14.645,-9.05,14.64,-0.600,0
14.646,-9.05,14.68,-0.600,0
14.646,-9.05,14.68,-0.600,0
14.646,-9.05,14.68,-0.600,0
14.646,-9.05,14.71,-0.600,0
14.647,-9.05,14.71,-0.600,0
14.647,-9.05,14.71,-0.600,0
14.647,-9.05,14.71,-0.600,0
14.647,-9.05,14.74,-0.600,0
14.648,-9.05,14.74,-0.600,0
14.648,-9.05,14.74,-0.600,0
14.648,-9.05,14.74,-0.600,0
14.648,-9.05,14.77,-0.600,0
14.649,-9.05,14.77,-0.600,0
14.649,-9.05,14.77,-0.600,0
14.649,-9.05,14.77,-0.600,0
14.649,-9.05,14.77,-0.600,0
14.650,-9.05,14.81,-0.600,0
14.650,-9.05,14.81,-0.600,0
14.650,-9.05,14.81,-0.600,0
14.650,-9.05,14.81,-0.600,0
14.651,-9.05,14.84,-0.600,0
14.651,-9.05,14.84,-0.600,0
14.651,-9.05,14.84,-0.600,0
14.652,-9.05,14.87,-0.600,0
14.652,-9.05,14.87,-0.600,0
14.652,-9.05,14.87,-0.600,0
14.653,-9.05,14.90,-0.600,0
14.653,-9.05,14.90,-0.600,0
14.653,-9.05,14.90,-0.600,0
14.653,-9.05,14.94,-0.600,0
14.654,-9.05,14.94,-0.600,0
14.654,-9.05,14.94,-0.600,0
14.654,-9.05,14.94,-0.600,0
14.654,-9.05,14.97,-0.600,0
14.655,-9.05,14.97,-0.600,0
14.655,-9.05,14.97,-0.600,0
14.655,-9.05,14.97,-0.600,0
14.655,-9.05,14.97,-0.600,0
14.656,-9.05,15.00,-0.600,0
14.656,-9.05,15.00,-0.600,0
14.656,-9.05,15.00,-0.600,0
14.656,-9.05,15.00,-0.600,0
14.657,-9.05,15.03,-0.600,0
14.657,-9.05,15.03,-0.600,0
14.657,-9.05,15.03,-0.600,0
14.657,-9.05,15.03,-0.600,0
14.657,-9.05,15.07,-0.600,0
14.658,-9.05,15.07,-0.600,0
14.658,-9.05,15.07,-0.600,0
14.658,-9.05,15.07,-0.600,0
14.658,-9.05,15.10,-0.600,0
14.659,-9.05,15.10,-0.600,0
14.660,-9.05,15.13,-0.600,0
14.660,-9.05,15.13,-0.600,0
14.660,-9.05,15.13,-0.600,0
14.661,-9.05,15.16,-0.600,0
14.661,-9.05,15.16,-0.600,0
14.661,-9.05,15.16,-0.600,0
14.661,-9.05,15.16,-0.600,0
14.662,-9.05,15.20,-0.600,0
14.662,-9.05,15.20,-0.600,0
14.662,-9.05,15.20,-0.600,0
14.662,-9.05,15.20,-0.600,0
14.662,-9.05,15.23,-0.600,0
14.663,-9.05,15.23,-0.600,0
14.663,-9.05,15.23,-0.600,0
14.663,-9.05,15.23,-0.600,0
14.664,-9.05,15.26,-0.600,0
14.664,-9.05,15.26,-0.600,0
14.664,-9.05,15.26,-0.600,0
14.664,-9.05,15.26,-0.600,0
14.664,-9.05,15.29,-0.600,0
14.665,-9.05,15.29,-0.600,0
14.665,-9.05,15.29,-0.600,0
14.665,-9.05,15.29,-0.600,0
14.665,-9.05,15.33,-0.600,0
14.666,-9.05,15.33,-0.600,0
14.666,-9.05,15.33,-0.600,0
14.666,-9.05,15.33,-0.600,0
14.667,-9.05,15.36,-0.600,0
14.667,-9.05,15.36,-0.600,0
14.667,-9.05,15.39,-0.600,0
14.668,-9.05,15.39,-0.600,0
14.668,-9.05,15.39,-0.600,0
14.668,-9.05,15.39,-0.600,0
14.669,-9.05,15.42,-0.600,0
14.669,-9.05,15.42,-0.600,0
14.669,-9.05,15.42,-0.600,0
14.669,-9.05,15.42,-0.600,0
14.669,-9.05,15.46,-0.600,0
14.670,-9.05,15.46,-0.600,0
14.670,-9.05,15.46,-0.600,0
14.670,-9.05,15.46,-0.600,0
14.670,-9.05,15.49,-0.600,0
14.671,-9.05,15.49,-0.600,0
14.671,-9.05,15.49,-0.600,0
14.671,-9.05,15.49,-0.600,0
14.672,-9.05,15.52,-0.600,0
14.672,-9.05,15.52,-0.600,0
14.672,-9.05,15.52,-0.600,0
14.672,-9.05,15.52,-0.600,0
14.673,-9.05,15.55,-0.600,0
14.673,-9.05,15.55,-0.600,0
14.673,-9.05,15.55,-0.600,0
14.674,-9.05,15.59,-0.600,0
14.674,-9.05,15.59,-0.600,0
14.674,-9.05,15.59,-0.600,0
14.674,-9.05,15.59,-0.600,0
14.675,-9.05,15.62,-0.600,0
14.675,-9.05,15.62,-0.600,0
14.675,-9.05,15.62,-0.600,0
14.675,-9.05,15.62,-0.600,0
14.676,-9.05,15.65,-0.600,0
14.676,-9.05,15.65,-0.600,0
14.676,-9.05,15.65,-0.600,0
14.676,-9.05,15.65,-0.600,0
14.677,-9.05,15.68,-0.600,0
14.677,-9.05,15.68,-0.600,0
14.677,-9.05,15.68,-0.600,0
14.677,-9.05,15.68,-0.600,0
14.678,-9.05,15.72,-0.600,0
14.678,-9.05,15.72,-0.600,0
14.678,-9.05,15.72,-0.600,0
14.678,-9.05,15.72,-0.600,0
14.679,-9.05,15.75,-0.600,0
14.679,-9.05,15.75,-0.600,0
14.679,-9.05,15.75,-0.600,0
14.679,-9.05,15.75,-0.600,0
14.680,-9.05,15.78,-0.600,0
14.680,-9.05,15.78,-0.600,0
14.680,-9.05,15.78,-0.600,0
14.681,-9.05,15.81,-0.600,0
14.681,-9.05,15.81,-0.600,0
14.681,-9.05,15.81,-0.600,0
14.681,-9.05,15.85,-0.600,0
14.682,-9.05,15.85,-0.600,0
14.682,-9.05,15.85,-0.600,0
14.682,-9.05,15.85,-0.600,0
14.682,-9.05,15.88,-0.600,0
14.683,-9.05,15.88,-0.600,0
14.683,-9.05,15.88,-0.600,0
14.683,-9.05,15.88,-0.600,0
14.683,-9.05,15.88,-0.600,0
14.684,-9.05,15.91,-0.600,0
14.684,-9.05,15.91,-0.600,0
14.684,-9.05,15.91,-0.600,0
14.684,-9.05,15.91,-0.600,0
14.685,-9.05,15.94,-0.600,0
14.685,-9.05,15.94,-0.600,0
14.685,-9.05,15.94,-0.600,0
14.685,-9.05,15.94,-0.600,0
14.685,-9.05,15.98,-0.600,0
14.686,-9.05,15.98,-0.600,0
14.686,-9.05,15.98,-0.600,0
14.686,-9.05,15.98,-0.600,0
14.687,-9.05,16.01,-0.600,0
14.687,-9.05,16.01,-0.600,0
14.687,-9.05,16.01,-0.600,0
14.688,-9.05,16.04,-0.600,0
14.688,-9.05,16.04,-0.600,0
14.688,-9.05,16.04,-0.600,0
14.688,-9.05,16.04,-0.600,0
14.688,-9.05,16.07,-0.600,0
14.689,-9.05,16.07,-0.600,0
14.689,-9.05,16.07,-0.600,0
14.689,-9.05,16.07,-0.600,0
14.689,-9.05,16.11,-0.600,0
14.690,-9.05,16.11,-0.600,0
14.690,-9.05,16.11,-0.600,0
14.690,-9.05,16.11,-0.600,0
14.690,-9.05,16.14,-0.600,0
14.691,-9.05,16.14,-0.600,0
14.691,-9.05,16.14,-0.600,0
14.691,-9.05,16.14,-0.600,0
14.691,-9.05,16.14,-0.600,0
14.692,-9.05,16.17,-0.600,0
14.692,-9.05,16.17,-0.600,0
14.692,-9.05,16.17,-0.600,0
14.692,-9.05,16.17,-0.600,0
14.692,-9.05,16.20,-0.600,0
14.693,-9.05,16.20,-0.600,0
14.693,-9.05,16.20,-0.600,0
14.693,-9.05,16.20,-0.600,0
14.693,-9.05,16.24,-0.600,0
14.694,-9.05,16.24,-0.600,0
14.694,-9.05,16.24,-0.600,0
14.694,-9.05,16.24,-0.600,0
14.695,-9.05,16.27,-0.600,0
14.695,-9.05,16.27,-0.600,0
14.695,-9.05,16.27,-0.600,0
14.695,-9.05,16.27,-0.600,0
14.695,-9.05,16.30,-0.600,0
14.696,-9.05,16.30,-0.600,0
14.696,-9.05,16.30,-0.600,0
14.696,-9.05,16.30,-0.600,0
14.696,-9.05,16.33,-0.600,0
14.697,-9.05,16.33,-0.600,0
14.697,-9.05,16.33,-0.600,0
14.697,-9.05,16.33,-0.600,0
14.697,-9.05,16.36,-0.600,0
14.698,-9.05,16.36,-0.600,0
14.698,-9.05,16.36,-0.600,0
14.698,-9.05,16.36,-0.600,0
14.698,-9.05,16.36,-0.600,0
14.699,-9.05,16.40,-0.600,0
14.699,-9.05,16.40,-0.600,0
14.699,-9.05,16.40,-0.600,0
14.699,-9.05,16.43,-0.600,0
14.700,-9.05,16.43,-0.600,0
14.700,-9.05,16.43,-0.600,0
14.700,-9.05,16.46,-0.600,0
14.701,-9.05,16.46,-0.600,0
14.701,-9.05,16.46,-0.600,0
14.701,-9.05,16.46,-0.600,0
14.702,-9.05,16.49,-0.600,0
14.702,-9.05,16.49,-0.600,0
14.702,-9.05,16.49,-0.600,0
14.702,-9.05,16.53,-0.600,0
14.703,-9.05,16.53,-0.600,0
14.703,-9.05,16.53,-0.600,0
14.703,-9.05,16.53,-0.600,0
14.704,-9.05,16.56,-0.600,0
14.704,-9.05,16.56,-0.600,0
14.704,-9.05,16.56,-0.600,0
14.704,-9.05,16.59,-0.600,0
14.705,-9.05,16.59,-0.600,0
14.705,-9.05,16.59,-0.600,0
14.705,-9.05,16.59,-0.600,0
14.705,-9.05,16.59,-0.600,0
14.706,-9.05,16.62,-0.600,0
14.706,-9.05,16.62,-0.600,0
14.706,-9.05,16.62,-0.600,0
14.706,-9.05,16.62,-0.600,0
14.707,-9.05,16.66,-0.600,0
14.707,-9.05,16.66,-0.600,0
14.707,-9.05,16.66,-0.600,0
14.708,-9.05,16.69,-0.600,0
14.708,-9.05,16.69,-0.600,0
14.708,-9.05,16.69,-0.600,0
14.708,-9.05,16.72,-0.600,0
14.709,-9.05,16.72,-0.600,0
14.709,-9.05,16.72,-0.600,0
14.709,-9.05,16.72,-0.600,0
14.709,-9.05,16.75,-0.600,0
14.710,-9.05,16.75,-0.600,0
14.710,-9.05,16.75,-0.600,0
14.710,-9.05,16.75,-0.600,0
14.710,-9.05,16.75,-0.600,0
14.711,-9.05,16.79,-0.600,0
14.711,-9.05,16.79,-0.600,0
14.711,-9.05,16.79,-0.600,0
14.711,-9.05,16.82,-0.600,0
14.712,-9.05,16.82,-0.600,0
14.712,-9.05,16.82,-0.600,0
14.712,-9.05,16.82,-0.600,0
14.712,-9.05,16.85,-0.600,0
14.713,-9.05,16.85,-0.600,0
14.713,-9.05,16.85,-0.600,0
14.713,-9.05,16.85,-0.600,0
14.713,-9.05,16.88,-0.600,0
14.714,-9.05,16.88,-0.600,0
14.714,-9.05,16.88,-0.600,0
14.714,-9.05,16.92,-0.600,0
14.715,-9.05,16.92,-0.600,0
14.715,-9.05,16.92,-0.600,0
14.715,-9.05,16.92,-0.600,0
14.715,-9.05,16.95,-0.600,0
14.716,-9.05,16.95,-0.600,0
14.716,-9.05,16.95,-0.600,0
14.716,-9.05,16.95,-0.600,0
14.717,-9.05,16.98,-0.600,0
14.717,-9.05,16.98,-0.600,0
14.717,-9.05,16.98,-0.600,0
14.717,-9.05,16.98,-0.600,0
14.718,-9.05,17.01,-0.600,0
14.718,-9.05,17.01,-0.600,0
14.718,-9.05,17.01,-0.600,0
14.718,-9.05,17.05,-0.600,0
14.719,-9.05,17.05,-0.600,0
14.719,-9.05,17.05,-0.600,0
14.719,-9.05,17.05,-0.600,0
14.719,-9.05,17.08,-0.600,0
14.720,-9.05,17.08,-0.600,0
14.720,-9.05,17.08,-0.600,0
14.720,-9.05,17.08,-0.600,0
14.720,-9.05,17.08,-0.600,0
14.721,-9.05,17.11,-0.600,0
14.721,-9.05,17.11,-0.600,0
14.721,-9.05,17.11,-0.600,0
14.722,-9.05,17.14,-0.600,0
14.722,-9.05,17.14,-0.600,0
14.722,-9.05,17.14,-0.600,0
14.722,-9.05,17.18,-0.600,0
14.723,-9.05,17.18,-0.600,0
14.723,-9.05,17.18,-0.600,0
14.723,-9.05,17.18,-0.600,0
14.723,-9.05,17.21,-0.600,0
14.724,-9.05,17.21,-0.600,0
14.724,-9.05,17.21,-0.600,0
14.724,-9.05,17.21,-0.600,0
14.725,-9.05,17.24,-0.600,0
14.725,-9.05,17.24,-0.600,0
14.725,-9.05,17.24,-0.600,0
14.725,-9.05,17.24,-0.600,0
14.726,-9.05,17.27,-0.600,0
14.726,-9.05,17.27,-0.600,0
14.726,-9.05,17.27,-0.600,0
14.726,-9.05,17.27,-0.600,0
14.727,-9.05,17.31,-0.600,0
14.727,-9.05,17.31,-0.600,0
14.727,-9.05,17.31,-0.600,0
14.727,-9.05,17.31,-0.600,0
14.728,-9.05,17.34,-0.600,0
14.728,-9.05,17.34,-0.600,0
14.728,-9.05,17.34,-0.600,0
14.729,-9.05,17.37,-0.600,0
14.729,-9.05,17.37,-0.600,0
14.729,-9.05,17.37,-0.600,0
14.729,-9.05,17.37,-0.600,0
14.730,-9.05,17.40,-0.600,0
14.730,-9.05,17.40,-0.600,0
14.730,-9.05,17.40,-0.600,0
14.730,-9.05,17.44,-0.600,0
14.731,-9.05,17.44,-0.600,0
14.731,-9.05,17.44,-0.600,0
14.731,-9.05,17.44,-0.600,0
14.731,-9.05,17.44,-0.600,0
14.732,-9.05,17.47,-0.600,0
14.732,-9.05,17.47,-0.600,0
14.732,-9.05,17.47,-0.600,0
14.732,-9.05,17.47,-0.600,0
14.733,-9.05,17.50,-0.600,0
14.733,-9.05,17.50,-0.600,0
14.733,-9.05,17.50,-0.600,0
14.733,-9.05,17.53,-0.600,0
14.734,-9.05,17.53,-0.600,0
14.734,-9.05,17.53,-0.600,0
14.734,-9.05,17.53,-0.600,0
14.734,-9.05,17.56,-0.600,0
14.735,-9.05,17.56,-0.600,0
14.735,-9.05,17.56,-0.600,0
14.735,-9.05,17.56,-0.600,0
14.735,-9.05,17.60,-0.600,0
14.736,-9.05,17.60,-0.600,0
14.736,-9.05,17.60,-0.600,0
14.736,-9.05,17.63,-0.600,0
14.737,-9.05,17.63,-0.600,0
14.737,-9.05,17.63,-0.600,0
14.737,-9.05,17.63,-0.600,0
14.737,-9.05,17.66,-0.600,0
14.738,-9.05,17.66,-0.600,0
14.738,-9.05,17.66,-0.600,0
14.738,-9.05,17.66,-0.600,0
14.739,-9.05,17.69,-0.600,0
14.739,-9.05,17.69,-0.600,0
14.739,-9.05,17.69,-0.600,0
14.739,-9.05,17.69,-0.600,0
14.739,-9.05,17.73,-0.600,0
14.740,-9.05,17.73,-0.600,0
14.740,-9.05,17.73,-0.600,0
14.740,-9.05,17.73,-0.600,0
14.740,-9.05,17.76,-0.600,0
14.741,-9.05,17.76,-0.600,0
14.741,-9.05,17.76,-0.600,0
14.741,-9.05,17.76,-0.600,0
14.741,-9.05,17.76,-0.600,0
14.742,-9.05,17.79,-0.600,0
14.742,-9.05,17.79,-0.600,0
14.742,-9.05,17.79,-0.600,0
14.742,-9.05,17.82,-0.600,0
14.743,-9.05,17.82,-0.600,0
14.743,-9.05,17.82,-0.600,0
14.743,-9.05,17.82,-0.600,0
14.743,-9.05,17.86,-0.600,0
14.744,-9.05,17.86,-0.600,0
14.744,-9.05,17.86,-0.600,0
14.744,-9.05,17.86,-0.600,0
14.744,-9.05,17.89,-0.600,0
14.745,-9.05,17.89,-0.600,0
14.745,-9.05,17.89,-0.600,0
14.745,-9.05,17.89,-0.600,0
14.745,-9.05,17.92,-0.600,0
14.746,-9.05,17.92,-0.600,0
14.746,-9.05,17.92,-0.600,0
14.746,-9.05,17.92,-0.600,0
14.747,-9.05,17.95,-0.600,0
14.747,-9.05,17.95,-0.600,0
14.747,-9.05,17.95,-0.600,0
14.747,-9.05,17.95,-0.600,0
14.748,-9.05,17.99,-0.600,0
14.748,-9.05,17.99,-0.600,0
14.748,-9.05,17.99,-0.600,0
14.748,-9.05,18.02,-0.600,0
14.749,-9.05,18.02,-0.600,0
14.749,-9.05,18.02,-0.600,0
14.749,-9.05,18.02,-0.600,0
14.750,-9.05,18.05,-0.600,0
14.750,-9.05,18.05,-0.600,0
14.750,-9.05,18.05,-0.600,0
14.750,-9.05,18.08,-0.600,0
14.751,-9.05,18.08,-0.600,0
14.751,-9.05,18.08,-0.600,0
14.751,-9.05,18.08,-0.600,0
14.751,-9.05,18.12,-0.600,0
14.752,-9.05,18.12,-0.600,0
14.752,-9.05,18.12,-0.600,0
14.752,-9.05,18.12,-0.600,0
14.752,-9.05,18.15,-0.600,0
14.753,-9.05,18.15,-0.600,0
14.753,-9.05,18.15,-0.600,0
14.753,-9.05,18.15,-0.600,0
14.753,-9.05,18.18,-0.600,0
14.754,-9.05,18.18,-0.600,0
14.754,-9.05,18.18,-0.600,0
14.754,-9.05,18.18,-0.600,0
14.755,-9.05,18.21,-0.600,0
14.755,-9.05,18.21,-0.600,0
14.755,-9.05,18.21,-0.600,0
14.755,-9.05,18.21,-0.600,0
14.756,-9.05,18.25,-0.600,0
14.756,-9.05,18.25,-0.600,0
14.756,-9.05,18.25,-0.600,0
14.756,-9.05,18.28,-0.600,0
14.757,-9.05,18.28,-0.600,0
14.757,-9.05,18.28,-0.600,0
14.757,-9.05,18.28,-0.600,0
14.757,-9.05,18.31,-0.600,0
14.758,-9.05,18.31,-0.600,0
14.758,-9.05,18.31,-0.600,0
14.758,-9.05,18.31,-0.600,0
14.758,-9.05,18.31,-0.600,0
14.759,-9.05,18.34,-0.600,0
14.759,-9.05,18.34,-0.600,0
14.759,-9.05,18.34,-0.600,0
14.759,-9.05,18.38,-0.600,0
14.760,-9.05,18.38,-0.600,0
14.760,-9.05,18.38,-0.600,0
14.760,-9.05,18.38,-0.600,0
14.760,-9.05,18.38,-0.600,0
14.761,-9.05,18.41,-0.600,0
14.761,-9.05,18.41,-0.600,0
14.761,-9.05,18.41,-0.600,0
14.761,-9.05,18.41,-0.600,0
14.761,-9.05,18.44,-0.600,0
14.762,-9.05,18.44,-0.600,0
14.762,-9.05,18.44,-0.600,0
14.763,-9.05,18.44,-0.600,0
14.764,-9.05,18.51,-0.600,0
14.764,-9.05,18.51,-0.600,0
14.764,-9.05,18.54,-0.600,0
14.765,-9.05,18.54,-0.600,0
14.765,-9.05,18.54,-0.600,0
14.765,-9.05,18.54,-0.600,0
14.765,-9.05,18.57,-0.600,0
14.766,-9.05,18.57,-0.600,0
14.766,-9.05,18.57,-0.600,0
14.766,-9.05,18.57,-0.600,0
14.766,-9.05,18.60,-0.600,0
14.767,-9.05,18.60,-0.600,0
14.767,-9.05,18.60,-0.600,0
14.767,-9.05,18.60,-0.600,0
14.767,-9.05,18.64,-0.600,0
14.768,-9.05,18.64,-0.600,0
14.768,-9.05,18.64,-0.600,0
14.768,-9.05,18.64,-0.600,0
14.769,-9.05,18.67,-0.600,0
14.769,-9.05,18.67,-0.600,0
14.769,-9.05,18.67,-0.600,0
14.769,-9.05,18.67,-0.600,0
14.770,-9.05,18.70,-0.600,0
14.770,-9.05,18.70,-0.600,0
14.770,-9.05,18.70,-0.600,0
14.770,-9.05,18.70,-0.600,0
14.771,-9.05,18.73,-0.600,0
14.771,-9.05,18.73,-0.600,0
14.771,-9.05,18.73,-0.600,0
14.772,-9.05,18.77,-0.600,0
14.772,-9.05,18.77,-0.600,0
14.772,-9.05,18.77,-0.600,0
14.772,-9.05,18.77,-0.600,0
14.773,-9.05,18.80,-0.600,0
14.773,-9.05,18.80,-0.600,0
14.773,-9.05,18.80,-0.600,0
14.773,-9.05,18.80,-0.600,0
14.773,-9.05,18.83,-0.600,0
14.774,-9.05,18.83,-0.600,0
14.774,-9.05,18.83,-0.600,0
14.774,-9.05,18.83,-0.600,0
14.774,-9.05,18.83,-0.600,0
14.775,-9.05,18.86,-0.600,0
14.775,-9.05,18.86,-0.600,0
14.775,-9.05,18.86,-0.600,0
14.775,-9.05,18.89,-0.600,0
14.776,-9.05,18.89,-0.600,0
14.776,-9.05,18.89,-0.600,0
14.776,-9.05,18.89,-0.600,0
14.776,-9.05,18.93,-0.600,0
14.777,-9.05,18.93,-0.600,0
14.777,-9.05,18.93,-0.600,0
14.777,-9.05,18.93,-0.600,0
14.777,-9.05,18.96,-0.600,0
14.778,-9.05,18.96,-0.600,0
14.778,-9.05,18.96,-0.600,0
14.778,-9.05,18.96,-0.600,0
14.778,-9.05,18.99,-0.600,0
14.779,-9.05,18.99,-0.600,0
14.779,-9.05,18.99,-0.600,0
14.779,-9.05,18.99,-0.600,0
14.779,-9.05,19.02,-0.600,0
14.780,-9.05,19.02,-0.600,0
14.780,-9.05,19.02,-0.600,0
14.780,-9.05,19.02,-0.600,0
14.780,-9.05,19.06,-0.600,0
14.781,-9.05,19.06,-0.600,0
14.781,-9.05,19.06,-0.600,0
14.781,-9.05,19.06,-0.600,0
14.781,-9.05,19.09,-0.600,0
14.782,-9.05,19.09,-0.600,0
14.782,-9.05,19.09,-0.600,0
14.782,-9.05,19.09,-0.600,0
14.782,-9.05,19.12,-0.600,0
14.783,-9.05,19.12,-0.600,0
14.783,-9.05,19.12,-0.600,0
14.783,-9.05,19.12,-0.600,0
14.783,-9.05,19.12,-0.600,0
14.784,-9.05,19.15,-0.600,0
14.784,-9.05,19.15,-0.600,0
14.784,-9.05,19.15,-0.600,0
14.784,-9.05,19.19,-0.600,0
14.785,-9.05,19.19,-0.600,0
14.785,-9.05,19.19,-0.600,0
14.785,-9.05,19.19,-0.600,0
14.786,-9.05,19.22,-0.600,0
14.786,-9.05,19.22,-0.600,0
14.786,-9.05,19.22,-0.600,0
14.786,-9.05,19.22,-0.600,0
14.787,-9.05,19.25,-0.600,0
14.787,-9.05,19.25,-0.600,0
14.787,-9.05,19.25,-0.600,0
14.787,-9.05,19.25,-0.600,0
14.787,-9.05,19.28,-0.600,0
14.788,-9.05,19.28,-0.600,0
14.788,-9.05,19.28,-0.600,0
14.788,-9.05,19.28,-0.600,0
14.788,-9.05,19.32,-0.600,0
14.789,-9.05,19.32,-0.600,0
14.789,-9.05,19.32,-0.600,0
14.789,-9.05,19.32,-0.600,0
14.789,-9.05,19.35,-0.600,0
14.790,-9.05,19.35,-0.600,0
14.790,-9.05,19.35,-0.600,0
14.790,-9.05,19.35,-0.600,0
14.790,-9.05,19.38,-0.600,0
14.791,-9.05,19.38,-0.600,0
14.791,-9.05,19.38,-0.600,0
14.791,-9.05,19.38,-0.600,0
14.792,-9.05,19.41,-0.600,0
14.792,-9.05,19.41,-0.600,0
14.792,-9.05,19.41,-0.600,0
14.792,-9.05,19.45,-0.600,0
14.793,-9.05,19.45,-0.600,0
14.793,-9.05,19.45,-0.600,0
14.793,-9.05,19.45,-0.600,0
14.793,-9.05,19.48,-0.600,0
14.794,-9.05,19.48,-0.600,0
14.794,-9.05,19.48,-0.600,0
14.794,-9.05,19.48,-0.600,0
14.794,-9.05,19.51,-0.600,0
14.795,-9.05,19.51,-0.600,0
14.795,-9.05,19.51,-0.600,0
14.795,-9.05,19.51,-0.600,0
14.796,-9.05,19.54,-0.600,0
14.796,-9.05,19.54,-0.600,0
14.796,-9.05,19.54,-0.600,0
14.796,-9.05,19.54,-0.600,0
14.797,-9.05,19.58,-0.600,0
14.797,-9.05,19.58,-0.600,0
14.797,-9.05,19.58,-0.600,0
14.797,-9.05,19.58,-0.600,0
14.797,-9.05,19.61,-0.600,0
14.798,-9.05,19.61,-0.600,0
14.798,-9.05,19.61,-0.600,0
14.798,-9.05,19.64,-0.600,0
14.799,-9.05,19.64,-0.600,0
14.799,-9.05,19.64,-0.600,0
14.799,-9.05,19.64,-0.600,0
14.800,-9.05,19.67,-0.600,0
14.800,-9.05,19.67,-0.600,0
14.800,-9.05,19.67,-0.600,0
14.800,-9.05,19.71,-0.600,0
14.801,-9.05,19.71,-0.600,0
14.801,-9.05,19.71,-0.600,0
14.801,-9.05,19.71,-0.600,0
14.801,-9.05,19.74,-0.600,0
14.802,-9.05,19.74,-0.600,0
14.802,-9.05,19.74,-0.600,0
14.802,-9.05,19.74,-0.600,0
14.802,-9.05,19.77,-0.600,0
14.803,-9.05,19.77,-0.600,0
14.803,-9.05,19.77,-0.600,0
14.803,-9.05,19.77,-0.600,0
14.803,-9.05,19.80,-0.600,0
14.804,-9.05,19.80,-0.600,0
14.804,-9.05,19.80,-0.600,0
14.804,-9.05,19.80,-0.600,0
14.804,-9.05,19.83,-0.600,0
14.805,-9.05,19.83,-0.600,0
14.805,-9.05,19.83,-0.600,0
14.805,-9.05,19.83,-0.600,0
14.805,-9.05,19.87,-0.600,0
14.806,-9.05,19.87,-0.600,0
14.806,-9.05,19.87,-0.600,0
14.806,-9.05,19.87,-0.600,0
14.807,-9.05,19.90,-0.600,0
14.807,-9.05,19.90,-0.600,0
14.807,-9.05,19.90,-0.600,0
14.807,-9.05,19.90,-0.600,0
14.807,-9.05,19.93,-0.600,0
14.808,-9.05,19.93,-0.600,0
14.808,-9.05,19.93,-0.600,0
14.808,-9.05,19.93,-0.600,0
14.808,-9.05,19.96,-0.600,0
14.809,-9.05,19.96,-0.600,0
14.809,-9.05,19.96,-0.600,0
14.809,-9.05,19.96,-0.600,0
14.809,-9.05,19.96,-0.600,0
14.810,-9.05,20.00,-0.600,0
14.810,-9.05,20.00,-0.600,0
14.810,-9.05,20.00,-0.600,0
14.810,-9.05,20.00,-0.600,0
14.811,-9.05,20.03,-0.600,0
14.811,-9.05,20.03,-0.600,0
14.811,-9.05,20.03,-0.600,0
14.811,-9.05,20.06,-0.600,0
14.812,-9.05,20.06,-0.600,0
14.812,-9.05,20.06,-0.600,0
14.812,-9.05,20.06,-0.600,0
14.813,-9.05,20.09,-0.600,0
14.813,-9.05,20.09,-0.600,0
14.813,-9.05,20.09,-0.600,0
14.813,-9.05,20.09,-0.600,0
14.813,-9.05,20.13,-0.600,0
14.814,-9.05,20.13,-0.600,0
14.814,-9.05,20.13,-0.600,0
14.814,-9.05,20.13,-0.600,0
14.815,-9.05,20.16,-0.600,0
14.815,-9.05,20.16,-0.600,0
14.815,-9.05,20.16,-0.600,0
14.815,-9.05,20.16,-0.600,0
14.816,-9.05,20.19,-0.600,0
14.816,-9.05,20.19,-0.600,0
14.816,-9.05,20.19,-0.600,0
14.816,-9.05,20.19,-0.600,0
14.817,-9.05,20.22,-0.600,0
14.817,-9.05,20.22,-0.600,0
14.817,-9.05,20.22,-0.600,0
14.818,-9.05,20.26,-0.600,0
14.818,-9.05,20.26,-0.600,0
14.818,-9.05,20.26,-0.600,0
14.819,-9.05,20.29,-0.600,0
14.819,-9.05,20.29,-0.600,0
14.819,-9.05,20.29,-0.600,0
14.819,-9.05,20.29,-0.600,0
14.820,-9.05,20.32,-0.600,0
14.820,-9.05,20.32,-0.600,0
14.820,-9.05,20.32,-0.600,0
14.820,-9.05,20.35,-0.600,0
14.821,-9.05,20.35,-0.600,0
14.821,-9.05,20.35,-0.600,0
14.821,-9.05,20.35,-0.600,0
14.821,-9.05,20.39,-0.600,0
14.822,-9.05,20.39,-0.600,0
14.822,-9.05,20.39,-0.600,0
14.822,-9.05,20.39,-0.600,0
14.822,-9.05,20.39,-0.600,0
14.823,-9.05,20.42,-0.600,0
14.823,-9.05,20.42,-0.600,0
14.823,-9.05,20.42,-0.600,0
14.823,-9.05,20.45,-0.600,0
14.824,-9.05,20.45,-0.600,0
14.824,-9.05,20.45,-0.600,0
14.824,-9.05,20.45,-0.600,0
14.824,-9.05,20.48,-0.600,0
14.825,-9.05,20.48,-0.600,0
14.825,-9.05,20.48,-0.600,0
14.825,-9.05,20.48,-0.600,0
14.826,-9.05,20.52,-0.600,0
14.826,-9.05,20.52,-0.600,0
14.826,-9.05,20.52,-0.600,0
14.827,-9.05,20.55,-0.600,0
14.827,-9.05,20.55,-0.600,0
14.827,-9.05,20.55,-0.600,0
14.827,-9.05,20.55,-0.600,0
14.828,-9.05,20.58,-0.600,0
14.828,-9.05,20.58,-0.600,0
14.828,-9.05,20.58,-0.600,0
14.828,-9.05,20.58,-0.600,0
14.828,-9.05,20.61,-0.600,0
14.829,-9.05,20.61,-0.600,0
14.829,-9.05,20.61,-0.600,0
14.829,-9.05,20.61,-0.600,0
14.830,-9.05,20.65,-0.600,0
14.830,-9.05,20.65,-0.600,0
14.830,-9.05,20.65,-0.600,0
14.830,-9.05,20.68,-0.600,0
14.831,-9.05,20.68,-0.600,0
14.831,-9.05,20.68,-0.600,0
14.831,-9.05,20.68,-0.600,0
14.832,-9.05,20.71,-0.600,0
14.832,-9.05,20.71,-0.600,0
14.832,-9.05,20.71,-0.600,0
14.832,-9.05,20.71,-0.600,0
14.833,-9.05,20.74,-0.600,0
14.833,-9.05,20.74,-0.600,0
14.833,-9.05,20.77,-0.600,0
14.834,-9.05,20.77,-0.600,0
14.834,-9.05,20.77,-0.600,0
14.834,-9.05,20.77,-0.600,0
14.835,-9.05,20.81,-0.600,0
14.835,-9.05,20.81,-0.600,0
14.835,-9.05,20.81,-0.600,0
14.835,-9.05,20.84,-0.600,0
14.836,-9.05,20.84,-0.600,0
14.836,-9.05,20.84,-0.600,0
14.837,-9.05,20.87,-0.600,0
14.837,-9.05,20.87,-0.600,0
14.838,-9.05,20.90,-0.600,0
14.838,-9.05,20.90,-0.600,0
14.838,-9.05,20.90,-0.600,0
14.839,-9.05,20.94,-0.600,0
14.839,-9.05,20.94,-0.600,1
14.839,3.70,20.94,0.593,0
14.840,3.70,20.97,0.593,0
14.840,3.70,20.97,0.593,0
14.841,3.70,21.00,0.593,0
14.841,3.70,21.00,0.593,0
14.841,3.70,21.00,0.593,0
14.841,3.70,21.03,0.593,0
14.842,3.70,21.03,0.593,0
14.842,3.70,21.03,0.593,0
14.842,3.70,21.03,0.593,0
14.842,3.70,21.07,0.593,0
14.843,3.70,21.07,0.593,0
14.843,3.70,21.07,0.593,0
14.843,3.70,21.07,0.593,0
14.843,3.70,21.10,0.593,0
14.844,3.70,21.10,0.593,0
14.844,3.70,21.10,0.593,0
14.844,3.70,21.10,0.593,0
14.844,3.70,21.13,0.593,0
14.845,3.70,21.13,0.593,0
14.845,3.70,21.13,0.593,0
14.845,3.70,21.13,0.593,0
14.845,3.70,21.16,0.593,0
14.846,3.70,21.16,0.593,0
14.846,3.70,21.16,0.593,0
14.846,3.70,21.16,0.593,0
14.846,3.70,21.19,0.593,0
14.847,3.70,21.19,0.593,0
14.847,3.70,21.19,0.593,0
14.847,3.70,21.19,0.593,0
14.847,3.70,21.22,0.593,0
14.848,3.70,21.22,0.593,0
14.848,3.70,21.22,0.593,0
14.848,3.70,21.22,0.593,0
14.848,3.70,21.24,0.593,0
14.849,3.70,21.24,0.593,0
14.849,3.70,21.24,0.593,0
14.849,3.70,21.24,0.593,0
14.849,3.70,21.27,0.593,0
14.850,3.70,21.27,0.593,0
14.850,3.70,21.27,0.593,0
14.850,3.70,21.27,0.593,0
14.850,3.70,21.27,0.593,0
14.851,3.70,21.30,0.593,0
14.851,3.70,21.30,0.593,0
14.851,3.70,21.30,0.593,0
14.851,3.70,21.30,0.593,0
14.851,3.70,21.33,0.593,0
14.852,3.70,21.33,0.593,0
14.852,3.70,21.33,0.593,0
14.852,3.70,21.33,0.593,0
14.852,3.70,21.33,0.593,0
14.853,3.70,21.36,0.593,0
14.853,3.70,21.36,0.593,0
14.853,3.70,21.36,0.593,0
14.854,3.70,21.36,0.593,0
14.854,3.70,21.38,0.593,0
14.854,3.70,21.38,0.593,0
14.855,3.70,21.41,0.593,0
14.855,3.70,21.41,0.593,0
14.855,3.70,21.41,0.593,0
14.855,3.70,21.41,0.593,0
14.855,3.70,21.43,0.593,0
14.856,3.70,21.43,0.593,0
14.856,3.70,21.43,0.593,0
14.856,3.70,21.43,0.593,0
14.856,3.70,21.46,0.593,0
14.857,3.70,21.46,0.593,0
14.857,3.70,21.46,0.593,0
14.857,3.70,21.46,0.593,0
14.857,3.70,21.48,0.593,0
14.858,3.70,21.48,0.593,0
14.858,3.70,21.48,0.593,0
14.858,3.70,21.48,0.593,0
14.858,3.70,21.51,0.593,0
14.859,3.70,21.51,0.593,0
14.859,3.70,21.51,0.593,0
14.859,3.70,21.51,0.593,0
14.859,3.70,21.51,0.593,0
14.860,3.70,21.53,0.593,0
14.860,3.70,21.53,0.593,0
14.860,3.70,21.53,0.593,0
14.860,3.70,21.53,0.593,0
14.861,3.70,21.56,0.593,0
14.861,3.70,21.56,0.593,0
14.861,3.70,21.58,0.593,0
14.862,3.70,21.58,0.593,0
14.862,3.70,21.58,0.593,0
14.862,3.70,21.58,0.593,0
14.862,3.70,21.58,0.593,0
14.863,3.70,21.60,0.593,0
14.863,3.70,21.60,0.593,0
14.863,3.70,21.60,0.593,0
14.863,3.70,21.60,0.593,0
14.864,3.70,21.63,0.593,0
14.864,3.70,21.63,0.593,0
14.864,3.70,21.63,0.593,0
14.864,3.70,21.63,0.593,0
14.865,3.70,21.65,0.593,0
14.865,3.70,21.65,0.593,0
14.865,3.70,21.65,0.593,0
14.865,3.70,21.67,0.593,0
14.866,3.70,21.67,0.593,0
14.866,3.70,21.67,0.593,0
14.866,3.70,21.67,0.593,0
14.867,3.70,21.69,0.593,0
14.867,3.70,21.69,0.593,0
14.867,3.70,21.69,0.593,0
14.868,3.70,21.71,0.593,0
14.868,3.70,21.71,0.593,0
14.868,3.70,21.71,0.593,0
14.868,3.70,21.71,0.593,0
14.869,3.70,21.73,0.593,0
14.869,3.70,21.73,0.593,0
14.869,3.70,21.73,0.593,0
14.869,3.70,21.73,0.593,0
14.870,3.70,21.75,0.593,0
14.870,3.70,21.75,0.593,0
14.870,3.70,21.75,0.593,0
14.870,3.70,21.77,0.593,0
14.871,3.70,21.77,0.593,0
14.871,3.70,21.77,0.593,0
14.871,3.70,21.77,0.593,0
14.871,3.70,21.77,0.593,0
14.872,3.70,21.79,0.593,0
14.872,3.70,21.79,0.593,0
14.872,3.70,21.79,0.593,0
14.872,3.70,21.79,0.593,0
14.873,3.70,21.81,0.593,0
14.873,3.70,21.81,0.593,0
14.873,3.70,21.81,0.593,0
14.873,3.70,21.81,0.593,0
14.873,3.70,21.83,0.593,0
14.874,3.70,21.83,0.593,0
14.874,3.70,21.83,0.593,0
14.874,3.70,21.83,0.593,0
14.875,3.70,21.85,0.593,0
14.875,3.70,21.85,0.593,0
14.875,3.70,21.85,0.593,0
14.875,3.70,21.85,0.593,0
14.876,3.70,21.87,0.593,0
14.876,3.70,21.87,0.593,0
14.876,3.70,21.87,0.593,0
14.876,3.70,21.87,0.593,0
14.877,3.70,21.88,0.593,0
14.877,3.70,21.88,0.593,0
14.877,3.70,21.88,0.593,0
14.877,3.70,21.88,0.593,0
14.878,3.70,21.90,0.593,0
14.878,3.70,21.90,0.593,0
14.878,3.70,21.90,0.593,0
14.878,3.70,21.90,0.593,0
14.878,3.70,21.92,0.593,0
14.879,3.70,21.92,0.593,0
14.879,3.70,21.92,0.593,0
14.879,3.70,21.92,0.593,0
14.879,3.70,21.93,0.593,0
14.880,3.70,21.93,0.593,0
14.880,3.70,21.93,0.593,0
14.880,3.70,21.93,0.593,0
14.880,3.70,21.95,0.593,0
14.881,3.70,21.95,0.593,0
14.881,3.70,21.95,0.593,0
14.882,3.70,21.97,0.593,0
14.882,3.70,21.97,0.593,0
14.882,3.70,21.97,0.593,0
14.883,3.70,21.98,0.593,0
14.883,3.70,21.98,0.593,0
14.883,3.70,21.98,0.593,0
14.883,3.70,22.00,0.593,0
14.884,3.70,22.00,0.593,0
14.884,3.70,22.00,0.593,0
14.884,3.70,22.00,0.593,0
14.884,3.70,22.00,0.593,0
14.885,3.70,22.01,0.593,0
14.885,3.70,22.01,0.593,0
14.885,3.70,22.01,0.593,0
14.885,3.70,22.01,0.593,0
14.886,3.70,22.02,0.593,0
14.886,3.70,22.02,0.593,0
14.886,3.70,22.02,0.593,0
14.886,3.70,22.02,0.593,0
14.887,3.70,22.04,0.593,0
14.887,3.70,22.04,0.593,0
14.887,3.70,22.04,0.593,0
14.887,3.70,22.04,0.593,0
14.888,3.70,22.05,0.593,0
14.888,3.70,22.05,0.593,0
14.888,3.70,22.05,0.593,0
14.888,3.70,22.06,0.593,0
14.889,3.70,22.06,0.593,0
14.889,3.70,22.06,0.593,0
14.889,3.70,22.06,0.593,0
14.889,3.70,22.07,0.593,0
14.890,3.70,22.07,0.593,0
14.890,3.70,22.07,0.593,0
14.890,3.70,22.07,0.593,0
14.890,3.70,22.09,0.593,0
14.891,3.70,22.09,0.593,0
14.891,3.70,22.09,0.593,0
14.891,3.70,22.09,0.593,0
14.891,3.70,22.10,0.593,0
14.892,3.70,22.10,0.593,0
14.892,3.70,22.10,0.593,0
14.892,3.70,22.10,0.593,0
14.892,3.70,22.11,0.593,0
14.893,3.70,22.11,0.593,0
14.893,3.70,22.11,0.593,0
14.893,3.70,22.11,0.593,0
14.893,3.70,22.12,0.593,0
14.894,3.70,22.12,0.593,0
14.894,3.70,22.12,0.593,0
14.894,3.70,22.12,0.593,0
14.895,3.70,22.13,0.593,0
14.895,3.70,22.13,0.593,0
14.895,3.70,22.13,0.593,0
14.896,3.70,22.14,0.593,0
14.896,3.70,22.14,0.593,0
14.896,3.70,22.14,0.593,0
14.897,3.70,22.15,0.593,0
14.897,3.70,22.15,0.593,0
14.897,3.70,22.15,0.593,0
14.897,3.70,22.16,0.593,0
14.898,3.70,22.16,0.593,0
14.898,3.70,22.16,0.593,0
14.898,3.70,22.16,0.593,0
14.899,3.70,22.17,0.593,0
14.899,3.70,22.17,0.593,0
14.900,3.70,22.17,0.593,0
14.900,3.70,22.17,0.593,0
14.900,3.70,22.17,0.593,0
14.900,3.70,22.18,0.593,0
14.901,3.70,22.18,0.593,0
14.901,3.70,22.18,0.593,0
14.901,3.70,22.18,0.593,0
14.901,3.70,22.19,0.593,0
14.902,3.70,22.19,0.593,0
14.902,3.70,22.19,0.593,0
14.902,3.70,22.19,0.593,0
14.902,3.70,22.20,0.593,0
14.903,3.70,22.20,0.593,0
14.903,3.70,22.20,0.593,0
14.903,3.70,22.20,0.593,0
14.904,3.70,22.21,0.593,0
14.904,3.70,22.21,0.593,0
14.904,3.70,22.21,0.593,0
14.904,3.70,22.21,0.593,0
14.904,3.70,22.21,0.593,0
14.905,3.70,22.21,0.593,0
14.905,3.70,22.21,0.593,0
14.905,3.70,22.21,0.593,0
14.905,3.70,22.22,0.593,0
14.906,3.70,22.22,0.593,0
14.906,3.70,22.22,0.593,0
14.906,3.70,22.22,0.593,0
14.906,3.70,22.22,0.593,0
14.907,3.70,22.22,0.593,0
14.907,3.70,22.22,0.593,0
14.907,3.70,22.22,0.593,0
14.907,3.70,22.22,0.593,0
14.908,3.70,22.23,0.593,0
14.908,3.70,22.23,0.593,0
14.908,3.70,22.23,0.593,0
14.908,3.70,22.23,0.593,0
14.909,3.70,22.23,0.593,0
14.909,3.70,22.23,0.593,0
14.909,3.70,22.23,0.593,0
14.909,3.70,22.23,0.593,0
14.909,3.70,22.24,0.593,0
14.910,3.70,22.24,0.593,0
14.910,3.70,22.24,0.593,0
14.910,3.70,22.24,0.593,0
14.910,3.70,22.24,0.593,0
14.911,3.70,22.24,0.593,0
14.911,3.70,22.24,0.593,0
14.911,3.70,22.24,0.593,0
14.911,3.70,22.24,0.593,0
14.912,3.70,22.24,0.593,0
14.912,3.70,22.24,0.593,0
14.912,3.70,22.24,0.593,0
14.912,3.70,22.24,0.593,0
14.913,3.70,22.25,0.593,0
14.913,3.70,22.25,0.593,0
14.913,3.70,22.25,0.593,0
14.913,3.70,22.25,0.593,0
14.914,3.70,22.25,0.593,0
14.914,3.70,22.25,0.593,0
14.914,3.70,22.25,0.593,0
14.914,3.70,22.25,0.593,0
14.915,3.70,22.25,0.593,0
14.915,3.70,22.25,0.593,0
14.915,3.70,22.25,0.593,0
14.915,3.70,22.25,0.593,0
14.916,3.70,22.25,0.593,0
14.916,3.70,22.25,0.593,0
14.916,3.70,22.25,0.593,0
14.916,3.70,22.25,0.593,0
14.917,3.70,22.25,0.593,0
14.917,3.70,22.25,0.593,0
14.917,3.70,22.25,0.593,0
14.917,3.70,22.25,0.593,0
14.917,3.70,22.26,0.593,0
14.918,3.70,22.26,0.593,0
14.918,3.70,22.26,0.593,0
14.918,3.70,22.26,0.593,0
14.918,3.70,22.26,0.593,0
14.919,3.70,22.26,0.593,0
14.919,3.70,22.26,0.593,0
14.919,3.70,22.26,0.593,0
14.919,3.70,22.26,0.593,0
14.920,3.70,22.26,0.593,0
14.920,3.70,22.26,0.593,0
14.920,3.70,22.26,0.593,0
14.920,3.70,22.26,0.593,0
14.921,3.70,22.26,0.593,0
14.921,3.70,22.26,0.593,0
14.921,3.70,22.26,0.593,0
14.921,3.70,22.26,0.593,0
14.922,3.70,22.26,0.593,0
14.922,3.70,22.26,0.593,0
14.922,3.70,22.26,0.593,0
14.922,3.70,22.26,0.593,0
14.923,3.70,22.26,0.593,0
14.923,3.70,22.26,0.593,0
14.923,3.70,22.26,0.593,0
14.924,3.70,22.25,0.593,0
14.924,3.70,22.25,0.593,0
14.924,3.70,22.25,0.593,0
14.924,3.70,22.25,0.593,0
14.925,3.70,22.25,0.593,0
14.925,3.70,22.25,0.593,0
14.925,3.70,22.25,0.593,0
14.925,3.70,22.25,0.593,0
14.926,3.70,22.25,0.593,0
14.926,3.70,22.25,0.593,0
14.926,3.70,22.25,0.593,0
14.926,3.70,22.25,0.593,0
14.926,3.70,22.25,0.593,0
14.927,3.70,22.25,0.593,0
14.927,3.70,22.25,0.593,0
14.927,3.70,22.25,0.593,0
14.927,3.70,22.24,0.593,0
14.928,3.70,22.24,0.593,0
14.928,3.70,22.24,0.593,0
14.928,3.70,22.24,0.593,0
14.928,3.70,22.24,0.593,0
14.929,3.70,22.24,0.593,0
14.929,3.70,22.24,0.593,0
14.929,3.70,22.24,0.593,0
14.929,3.70,22.24,0.593,0
14.930,3.70,22.24,0.593,0
14.930,3.70,22.24,0.593,0
14.930,3.70,22.24,0.593,0
14.931,3.70,22.23,0.593,0
14.931,3.70,22.23,0.593,0
14.931,3.70,22.23,0.593,0
14.931,3.70,22.23,0.593,0
14.931,3.70,22.23,0.593,0
14.932,3.70,22.23,0.593,0
14.932,3.70,22.23,0.593,0
14.932,3.70,22.23,0.593,0
14.933,3.70,22.23,0.593,0
14.933,3.70,22.23,0.593,0
14.933,3.70,22.23,0.593,0
14.933,3.70,22.23,0.593,0
14.935,3.70,22.22,0.593,0
14.936,3.70,22.21,0.593,0
14.936,3.70,22.21,0.593,0
14.936,3.70,22.21,0.593,0
14.936,3.70,22.21,0.593,0
14.937,3.70,22.20,0.593,0
14.937,3.70,22.20,0.593,0
14.937,3.70,22.20,0.593,0
14.938,3.70,22.19,0.593,0
14.938,3.70,22.19,0.593,0
14.938,3.70,22.19,0.593,0
14.938,3.70,22.18,0.593,0
14.939,3.70,22.18,0.593,0
14.939,3.70,22.18,0.593,0
14.939,3.70,22.18,0.593,0
14.939,3.70,22.18,0.593,0
14.940,3.70,22.18,0.593,0
14.940,3.70,22.18,0.593,0
14.940,3.70,22.18,0.593,0
14.940,3.70,22.18,0.593,0
14.941,3.70,22.17,0.593,0
14.941,3.70,22.17,0.593,0
14.941,3.70,22.17,0.593,0
14.941,3.70,22.17,0.593,0
14.942,3.70,22.16,0.593,0
14.942,3.70,22.16,0.593,0
14.942,3.70,22.16,0.593,0
14.942,3.70,22.16,0.593,0
14.943,3.70,22.15,0.593,0
14.943,3.70,22.15,0.593,0
14.943,3.70,22.15,0.593,0
14.943,3.70,22.15,0.593,0
14.944,3.70,22.14,0.593,0
14.944,3.70,22.14,0.593,0
14.944,3.70,22.14,0.593,0
14.944,3.70,22.13,0.593,0
14.945,3.70,22.13,0.593,0
14.945,3.70,22.13,0.593,0
14.945,3.70,22.13,0.593,0
14.945,3.70,22.12,0.593,0
14.946,3.70,22.12,0.593,0
14.946,3.70,22.12,0.593,0
14.946,3.70,22.12,0.593,0
14.946,3.70,22.11,0.593,0
14.947,3.70,22.11,0.593,0
14.947,3.70,22.11,0.593,0
14.947,3.70,22.11,0.593,0
14.947,3.70,22.10,0.593,0
14.948,3.70,22.10,0.593,0
14.948,3.70,22.10,0.593,0
14.948,3.70,22.10,0.593,0
14.948,3.70,22.10,0.593,0
14.948,3.70,22.09,0.593,0
14.949,3.70,22.09,0.593,0
14.949,3.70,22.09,0.593,0
14.949,3.70,22.09,0.593,0
14.949,3.70,22.09,0.593,0
14.950,3.70,22.08,0.593,0
14.950,3.70,22.08,0.593,0
14.950,3.70,22.08,0.593,0
14.950,3.70,22.08,0.593,0
14.951,3.70,22.07,0.593,0
14.951,3.70,22.07,0.593,0
14.951,3.70,22.07,0.593,0
14.951,3.70,22.06,0.593,0
14.952,3.70,22.06,0.593,0
14.952,3.70,22.06,0.593,0
14.952,3.70,22.06,0.593,0
14.952,3.70,22.06,0.593,0
14.953,3.70,22.04,0.593,0
14.953,3.70,22.04,0.593,0
14.953,3.70,22.04,0.593,0
14.953,3.70,22.04,0.593,0
14.953,3.70,22.04,0.593,0
14.954,3.70,22.03,0.593,0
14.954,3.70,22.03,0.593,0
14.954,3.70,22.03,0.593,0
14.954,3.70,22.03,0.593,0
14.955,3.70,22.02,0.593,0
14.955,3.70,22.02,0.593,0
14.955,3.70,22.02,0.593,0
14.955,3.70,22.00,0.593,0
14.956,3.70,22.00,0.593,0
14.956,3.70,22.00,0.593,0
14.956,3.70,22.00,0.593,0
14.956,3.70,21.99,0.593,0
14.957,3.70,21.99,0.593,0
14.957,3.70,21.99,0.593,0
14.957,3.70,21.99,0.593,0
14.957,3.70,21.97,0.593,0
14.958,3.70,21.97,0.593,0
14.958,3.70,21.97,0.593,0
14.958,3.70,21.97,0.593,0
14.959,3.70,21.95,0.593,0
14.959,3.70,21.95,0.593,0
14.959,3.70,21.95,0.593,0
14.959,3.70,21.95,0.593,0
14.959,3.70,21.94,0.593,0
14.960,3.70,21.94,0.593,0
14.960,3.70,21.94,0.593,0
14.960,3.70,21.94,0.593,0
14.960,3.70,21.92,0.593,0
14.961,3.70,21.92,0.593,0
14.961,3.70,21.92,0.593,0
14.961,3.70,21.92,0.593,0
14.961,3.70,21.91,0.593,0
14.962,3.70,21.91,0.593,0
14.962,3.70,21.91,0.593,0
14.962,3.70,21.91,0.593,0
14.962,3.70,21.91,0.593,0
14.963,3.70,21.89,0.593,0
14.963,3.70,21.89,0.593,0
14.963,3.70,21.89,0.593,0
14.963,3.70,21.89,0.593,0
14.964,3.70,21.87,0.593,0
14.964,3.70,21.87,0.593,0
14.964,3.70,21.87,0.593,0
14.965,3.70,21.86,0.593,0
14.965,3.70,21.86,0.593,0
14.965,3.70,21.86,0.593,0
14.966,3.70,21.84,0.593,0
14.966,3.70,21.84,0.593,0
14.966,3.70,21.84,0.593,0
14.966,3.70,21.84,0.593,0
14.967,3.70,21.82,0.593,0
14.967,3.70,21.82,0.593,0
14.967,3.70,21.82,0.593,0
14.967,3.70,21.82,0.593,0
14.968,3.70,21.80,0.593,0
14.968,3.70,21.80,0.593,0
14.968,3.70,21.80,0.593,0
14.968,3.70,21.80,0.593,0
14.969,3.70,21.78,0.593,0
14.969,3.70,21.78,0.593,0
14.969,3.70,21.78,0.593,0
14.969,3.70,21.78,0.593,0
14.970,3.70,21.76,0.593,0
14.970,3.70,21.76,0.593,0
14.970,3.70,21.76,0.593,0
14.970,3.70,21.76,0.593,0
14.971,3.70,21.74,0.593,0
14.971,3.70,21.74,0.593,0
14.971,3.70,21.74,0.593,0
14.971,3.70,21.72,0.593,0
14.972,3.70,21.72,0.593,0
14.972,3.70,21.72,0.593,0
14.972,3.70,21.70,0.593,0
14.973,3.70,21.70,0.593,0
14.973,3.70,21.70,0.593,0
14.973,3.70,21.68,0.593,0
14.974,3.70,21.68,0.593,0
14.974,3.70,21.68,0.593,1
14.975,7.38,21.68,0.600,0
14.975,7.38,21.66,0.600,0
14.975,7.38,21.66,0.600,0
14.975,7.38,21.64,0.600,0
14.976,7.38,21.64,0.600,0
14.976,7.38,21.64,0.600,0
14.976,7.38,21.64,0.600,0
14.976,7.38,21.61,0.600,0
14.977,7.38,21.61,0.600,0
14.977,7.38,21.61,0.600,0
14.977,7.38,21.61,0.600,0
14.977,7.38,21.59,0.600,0
14.978,7.38,21.59,0.600,0
14.978,7.38,21.59,0.600,0
14.978,7.38,21.59,0.600,0
14.978,7.38,21.57,0.600,0
14.979,7.38,21.57,0.600,0
14.979,7.38,21.57,0.600,0
14.979,7.38,21.57,0.600,0
14.979,7.38,21.54,0.600,0
14.980,7.38,21.54,0.600,0
14.980,7.38,21.54,0.600,0
14.980,7.38,21.54,0.600,0
14.980,7.38,21.52,0.600,0
14.981,7.38,21.52,0.600,0
14.981,7.38,21.52,0.600,0
14.981,7.38,21.52,0.600,0
14.981,7.38,21.52,0.600,0
14.982,7.38,21.49,0.600,0
14.982,7.38,21.49,0.600,0
14.982,7.38,21.49,0.600,0
14.982,7.38,21.49,0.600,0
14.983,7.38,21.47,0.600,0
14.983,7.38,21.47,0.600,0
14.983,7.38,21.47,0.600,0
14.983,7.38,21.47,0.600,0
14.984,7.38,21.45,0.600,0
14.984,7.38,21.45,0.600,0
14.984,7.38,21.45,0.600,0
14.984,7.38,21.42,0.600,0
14.985,7.38,21.42,0.600,0
14.985,7.38,21.42,0.600,0
14.985,7.38,21.42,0.600,0
14.986,7.38,21.39,0.600,0
14.986,7.38,21.39,0.600,0
14.986,7.38,21.39,0.600,0
14.986,7.38,21.37,0.600,0
14.987,7.38,21.37,0.600,0
14.987,7.38,21.37,0.600,0
14.987,7.38,21.37,0.600,0
14.987,7.38,21.34,0.600,0
14.988,7.38,21.34,0.600,0
14.988,7.38,21.34,0.600,0
14.988,7.38,21.34,0.600,0
14.988,7.38,21.31,0.600,0
14.989,7.38,21.31,0.600,0
14.989,7.38,21.31,0.600,0
14.989,7.38,21.31,0.600,0
14.990,7.38,21.29,0.600,0
14.990,7.38,21.29,0.600,0
14.990,7.38,21.29,0.600,0
14.990,7.38,21.29,0.600,0
14.990,7.38,21.26,0.600,0
14.991,7.38,21.26,0.600,0
14.991,7.38,21.26,0.600,0
14.991,7.38,21.26,0.600,0
14.991,7.38,21.23,0.600,0
14.992,7.38,21.23,0.600,0
14.992,7.38,21.23,0.600,0
14.992,7.38,21.23,0.600,0
14.993,7.38,21.20,0.600,0
14.993,7.38,21.20,0.600,0
14.993,7.38,21.20,0.600,0
14.994,7.38,21.17,0.600,0
14.994,7.38,21.17,0.600,0
14.994,7.38,21.17,0.600,0
14.994,7.38,21.17,0.600,0
14.995,7.38,21.14,0.600,0
14.995,7.38,21.14,0.600,0
14.995,7.38,21.14,0.600,0
14.995,7.38,21.14,0.600,0
14.996,7.38,21.11,0.600,0
14.996,7.38,21.11,0.600,0
14.996,7.38,21.11,0.600,0
14.996,7.38,21.11,0.600,0
14.997,7.38,21.08,0.600,0
14.997,7.38,21.08,0.600,0
14.998,7.38,21.05,0.600,0
14.998,7.38,21.05,0.600,0
14.998,7.38,21.05,0.600,0
14.999,7.38,21.02,0.600,0
14.999,7.38,21.02,0.600,0
14.999,7.38,21.02,0.600,0
15.000,7.38,20.99,0.600,0
15.000,7.38,20.99,0.600,0
15.000,7.38,20.99,0.600,0
